algorithm,seed,result,reads,probability,surrogate_qubo_energy,exact_repaired_qubo_energy,match,matched_ip_obj,flow_bits,repaired_aux_bits,repaired_full_bits,optimizer_reads,final_reads,maximum_iterations,initial_parameter_count,use_fast_aer_backend,fast_aer_precision,fast_aer_threads,fast_mps_truncation_threshold,fast_mps_max_bond_dimension
VQE_reduced_surrogate,73002,988,6,0.000732421875,445.52766875000634,442.8558999999998,not_in_gurobi_pool,,1100101110101010000,10000001000000000,110010111010101000010000001000000000,128,8192,25,152,true,single,36,1.0e-10,64
VQE_reduced_surrogate,73002,1147,5,0.0006103515625,478.7928937500046,486.80819999999983,not_in_gurobi_pool,,1100100010111010000,10100000010000000,110010001011101000010100000010000000,128,8192,25,152,true,single,36,1.0e-10,64
VQE_reduced_surrogate,73002,3606,4,0.00048828125,882.0437687500128,879.3719999999996,not_in_gurobi_pool,,0000011010110100000,11000101000001000,000001101011010000011000101000001000,128,8192,25,152,true,single,36,1.0e-10,64
VQE_reduced_surrogate,73002,3632,4,0.00048828125,889.7887437500144,919.1781999999996,not_in_gurobi_pool,,1100010111101010011,00000000010101101,110001011110101001100000000010101101,128,8192,25,152,true,single,36,1.0e-10,64
VQE_reduced_surrogate,73002,4674,4,0.00048828125,1089.3486437500067,1118.7380999999993,not_in_gurobi_pool,,0111100100100100000,10100000000100000,011110010010010000010100000000100000,128,8192,25,152,true,single,36,1.0e-10,64
VQE_reduced_surrogate,73002,5556,4,0.00048828125,1292.837993750004,1300.8532999999993,not_in_gurobi_pool,,0111111000110100000,10000000000111000,011111100011010000010000000000111000,128,8192,25,152,true,single,36,1.0e-10,64
VQE_reduced_surrogate,73002,5712,4,0.00048828125,1335.768893750001,1343.7841999999996,not_in_gurobi_pool,,1100110110110111000,10000000010101000,110011011011011100010000000010101000,128,8192,25,152,true,single,36,1.0e-10,64
VQE_reduced_surrogate,73002,2,3,0.0003662109375,25.07574375000445,54.46519999999982,not_in_gurobi_pool,,1100110100111010011,00000000010101101,110011010011101001100000000010101101,128,8192,25,152,true,single,36,1.0e-10,64
VQE_reduced_surrogate,73002,14,3,0.0003662109375,121.25941874999603,139.9617999999998,not_in_gurobi_pool,,1100100000111010011,00100000010000101,110010000011101001100100000010000101,128,8192,25,152,true,single,36,1.0e-10,64
VQE_reduced_surrogate,73002,56,3,0.0003662109375,167.27971874999548,185.9820999999999,not_in_gurobi_pool,,1100010010011001011,00000001011100110,110001001001100101100000001011100110,128,8192,25,152,true,single,36,1.0e-10,64
VQE_reduced_surrogate,73002,239,3,0.0003662109375,266.38439374999757,274.39969999999977,not_in_gurobi_pool,,1100100110111010011,00100000010000101,110010011011101001100100000010000101,128,8192,25,152,true,single,36,1.0e-10,64
VQE_reduced_surrogate,73002,406,3,0.0003662109375,324.7787687499995,322.107,not_in_gurobi_pool,,1100101010111010011,00000001000000101,110010101011101001100000001000000101,128,8192,25,152,true,single,36,1.0e-10,64
VQE_reduced_surrogate,73002,414,3,0.0003662109375,327.40391875000273,346.10629999999975,not_in_gurobi_pool,,1100100100100100000,10100000010000000,110010010010010000010100000010000000,128,8192,25,152,true,single,36,1.0e-10,64
VQE_reduced_surrogate,73002,419,3,0.0003662109375,327.50491874999966,346.20729999999975,not_in_gurobi_pool,,1100100100101010000,10100000010000000,110010010010101000010100000010000000,128,8192,25,152,true,single,36,1.0e-10,64
VQE_reduced_surrogate,73002,544,3,0.0003662109375,357.9121687500092,355.2403999999998,not_in_gurobi_pool,,0000010000110100000,11000000010001000,000001000011010000011000000010001000,128,8192,25,152,true,single,36,1.0e-10,64
VQE_reduced_surrogate,73002,875,3,0.0003662109375,424.0023437499915,410.64350000000024,not_in_gurobi_pool,,0110101110111010011,00000000000100101,011010111011101001100000000000100101,128,8192,25,152,true,single,36,1.0e-10,64
VQE_reduced_surrogate,73002,985,3,0.0003662109375,445.4266687500008,442.7548999999997,not_in_gurobi_pool,,1100101110100100001,10000001000000000,110010111010010000110000001000000000,128,8192,25,152,true,single,36,1.0e-10,64
VQE_reduced_surrogate,73002,878,3,0.0003662109375,424.12351874999786,442.82589999999993,not_in_gurobi_pool,,1100111000111010000,10000001000101000,110011100011101000010000001000101000,128,8192,25,152,true,single,36,1.0e-10,64
VQE_reduced_surrogate,73002,1021,3,0.0003662109375,451.81316875000334,449.1414000000001,not_in_gurobi_pool,,1101101110111010000,10000001000000000,110110111011101000010000001000000000,128,8192,25,152,true,single,36,1.0e-10,64
VQE_reduced_surrogate,73002,1157,3,0.0003662109375,480.8648937500095,488.88019999999983,not_in_gurobi_pool,,1100110110110110011,00000000010101001,110011011011011001100000000010101001,128,8192,25,152,true,single,36,1.0e-10,64
VQE_reduced_surrogate,73002,1560,3,0.0003662109375,544.214343750001,530.8554999999999,not_in_gurobi_pool,,1100101110100101011,00000001000000010,110010111010010101100000001000000010,128,8192,25,152,true,single,36,1.0e-10,64
VQE_reduced_surrogate,73002,1570,3,0.0003662109375,544.7212437500009,531.3623999999999,not_in_gurobi_pool,,0110111100111010000,10000000000111000,011011110011101000010000000000111000,128,8192,25,152,true,single,36,1.0e-10,64
VQE_reduced_surrogate,73002,1439,3,0.0003662109375,526.9431937499971,534.9585,not_in_gurobi_pool,,1100010010011001110,00000001011100110,110001001001100111000000001011100110,128,8192,25,152,true,single,36,1.0e-10,64
VQE_reduced_surrogate,73002,1880,3,0.0003662109375,599.3507187499997,618.0530999999996,not_in_gurobi_pool,,0100010010111010000,10000000010101000,010001001011101000010000000010101000,128,8192,25,152,true,single,36,1.0e-10,64
VQE_reduced_surrogate,73002,2066,3,0.0003662109375,622.454368749999,619.7826,not_in_gurobi_pool,,0101001110011010000,10000101100000000,010100111001101000010000101100000000,128,8192,25,152,true,single,36,1.0e-10,64
VQE_reduced_surrogate,73002,2307,3,0.0003662109375,663.5056687500091,660.8338999999997,not_in_gurobi_pool,,0011110110110100000,10000000000101000,001111011011010000010000000000101000,128,8192,25,152,true,single,36,1.0e-10,64
VQE_reduced_surrogate,73002,2472,3,0.0003662109375,687.5848187499828,663.5388999999998,not_in_gurobi_pool,,0011100110111011011,00100000000000100,001110011011101101100100000000000100,128,8192,25,152,true,single,36,1.0e-10,64
VQE_reduced_surrogate,73002,2507,3,0.0003662109375,693.8979687500089,691.2261999999997,not_in_gurobi_pool,,0011000100101100000,10100000000000000,001100010010110000010100000000000000,128,8192,25,152,true,single,36,1.0e-10,64
VQE_reduced_surrogate,73002,3407,3,0.0003662109375,840.7684437500025,827.4095999999997,not_in_gurobi_pool,,1100000100010101101,00110001011000000,110000010001010110100110001011000000,128,8192,25,152,true,single,36,1.0e-10,64
VQE_reduced_surrogate,73002,3663,3,0.0003662109375,897.2628937500037,905.2781999999997,not_in_gurobi_pool,,1100100100100111011,00100000010000000,110010010010011101100100000010000000,128,8192,25,152,true,single,36,1.0e-10,64
VQE_reduced_surrogate,73002,3732,3,0.0003662109375,911.1338937499997,919.1491999999998,not_in_gurobi_pool,,1100011010110100000,10000001000101000,110001101011010000010000001000101000,128,8192,25,152,true,single,36,1.0e-10,64
VQE_reduced_surrogate,73002,4290,3,0.0003662109375,1014.6401187499982,1033.3424999999997,not_in_gurobi_pool,,0111110100101010000,10000000000111000,011111010010101000010000000000111000,128,8192,25,152,true,single,36,1.0e-10,64
VQE_reduced_surrogate,73002,5309,3,0.0003662109375,1231.2226187499934,1249.9249999999997,not_in_gurobi_pool,,0111000110001010000,10100000010100000,011100011000101000010100000010100000,128,8192,25,152,true,single,36,1.0e-10,64
VQE_reduced_surrogate,73002,5378,3,0.0003662109375,1248.5502187499997,1267.2525999999996,not_in_gurobi_pool,,1100010111101001100,00000000010101000,110001011110100110000000000010101000,128,8192,25,152,true,single,36,1.0e-10,64
VQE_reduced_surrogate,73002,5751,3,0.0003662109375,1346.3033687500067,1343.6315999999993,not_in_gurobi_pool,,0111111110100100001,10000000000111000,011111111010010000110000000000111000,128,8192,25,152,true,single,36,1.0e-10,64
VQE_reduced_surrogate,73002,5918,3,0.0003662109375,1391.1946687500001,1388.5228999999995,not_in_gurobi_pool,,0111111000110110011,00000000000111001,011111100011011001100000000000111001,128,8192,25,152,true,single,36,1.0e-10,64
VQE_reduced_surrogate,73002,5880,3,0.0003662109375,1384.5275937500003,1392.5428999999995,not_in_gurobi_pool,,0111001110110100001,10000000000100000,011100111011010000110000000000100000,128,8192,25,152,true,single,36,1.0e-10,64
VQE_reduced_surrogate,73002,5881,3,0.0003662109375,1384.527593750007,1392.5428999999995,not_in_gurobi_pool,,0111001110110100000,10000000000100000,011100111011010000010000000000100000,128,8192,25,152,true,single,36,1.0e-10,64
VQE_reduced_surrogate,73002,6095,3,0.0003662109375,1445.0910437500015,1431.7321999999995,not_in_gurobi_pool,,0111111110100101011,00000000000111010,011111111010010101100000000000111010,128,8192,25,152,true,single,36,1.0e-10,64
VQE_reduced_surrogate,73002,6293,3,0.0003662109375,1496.8720187500019,1515.5743999999995,not_in_gurobi_pool,,1100100000110111100,00100000010000000,110010000011011110000100000010000000,128,8192,25,152,true,single,36,1.0e-10,64
VQE_reduced_surrogate,73002,6658,3,0.0003662109375,1622.6093187500019,1641.3116999999995,not_in_gurobi_pool,,0111100100100101110,00100000000100010,011110010010010111000100000000100010,128,8192,25,152,true,single,36,1.0e-10,64
VQE_reduced_surrogate,73002,6832,3,0.0003662109375,1700.3913687499921,1697.7195999999992,not_in_gurobi_pool,,1100101010110111100,00000001000000000,110010101011011110000000001000000000,128,8192,25,152,true,single,36,1.0e-10,64
VQE_reduced_surrogate,73002,6978,3,0.0003662109375,1779.724968749994,1777.0531999999992,not_in_gurobi_pool,,1100101010101111100,00000001000000000,110010101010111110000000001000000000,128,8192,25,152,true,single,36,1.0e-10,64
VQE_reduced_surrogate,73002,6989,3,0.0003662109375,1782.6413687499967,1779.9695999999992,not_in_gurobi_pool,,0111001110101001110,00000000000100110,011100111010100111000000000000100110,128,8192,25,152,true,single,36,1.0e-10,64
VQE_reduced_surrogate,73002,7055,3,0.0003662109375,1822.8361937499951,1830.8514999999995,not_in_gurobi_pool,,1100101111100111111,00000001000000000,110010111110011111100000001000000000,128,8192,25,152,true,single,36,1.0e-10,64
VQE_reduced_surrogate,73002,7182,3,0.0003662109375,1906.67926875,1904.007499999999,not_in_gurobi_pool,,0111110010110111011,00000000000111000,011111001011011101100000000000111000,128,8192,25,152,true,single,36,1.0e-10,64
VQE_reduced_surrogate,73002,7250,3,0.0003662109375,1970.1432187500013,1988.845599999999,not_in_gurobi_pool,,0110010000110111100,00000000010111000,011001000011011110000000000010111000,128,8192,25,152,true,single,36,1.0e-10,64
VQE_reduced_surrogate,73002,7358,3,0.0003662109375,2060.822393749995,2068.8376999999987,not_in_gurobi_pool,,0111000110100111011,00100000000100000,011100011010011101100100000000100000,128,8192,25,152,true,single,36,1.0e-10,64
VQE_reduced_surrogate,73002,7582,3,0.0003662109375,2450.3870937500074,2458.402399999998,not_in_gurobi_pool,,0111000010110111000,10100000000100000,011100001011011100010100000000100000,128,8192,25,152,true,single,36,1.0e-10,64
VQE_reduced_surrogate,73002,27,2,0.000244140625,131.5944937499935,139.60979999999992,not_in_gurobi_pool,,0100110100011010011,00010001011100101,010011010001101001100010001011100101,128,8192,25,152,true,single,36,1.0e-10,64
VQE_reduced_surrogate,73002,15,2,0.000244140625,121.25941874999717,139.9617999999998,not_in_gurobi_pool,,1100100100111010011,00100000010000101,110010010011101001100100000010000101,128,8192,25,152,true,single,36,1.0e-10,64
VQE_reduced_surrogate,73002,17,2,0.000244140625,121.69041875000153,140.39279999999985,not_in_gurobi_pool,,1100100000111001011,00100000010000110,110010000011100101100100000010000110,128,8192,25,152,true,single,36,1.0e-10,64
VQE_reduced_surrogate,73002,32,2,0.000244140625,133.7424937499934,141.75779999999986,not_in_gurobi_pool,,0100101100101010011,00000001000000101,010010110010101001100000001000000101,128,8192,25,152,true,single,36,1.0e-10,64
VQE_reduced_surrogate,73002,36,2,0.000244140625,141.71359375000293,149.72890000000007,not_in_gurobi_pool,,0000010001011001011,01000101011000110,000001000101100101101000101011000110,128,8192,25,152,true,single,36,1.0e-10,64
VQE_reduced_surrogate,73002,31,2,0.000244140625,132.5834187499961,151.28579999999982,not_in_gurobi_pool,,1100101001011010011,00000101110000101,110010100101101001100000101110000101,128,8192,25,152,true,single,36,1.0e-10,64
VQE_reduced_surrogate,73002,70,2,0.000244140625,179.60489374999656,187.6202,not_in_gurobi_pool,,0000010110011001001,11000101011000000,000001011001100100111000101011000000,128,8192,25,152,true,single,36,1.0e-10,64
VQE_reduced_surrogate,73002,154,2,0.000244140625,226.04916875000117,223.37740000000005,not_in_gurobi_pool,,1100110000011011011,00010001011100100,110011000001101101100010001011100100,128,8192,25,152,true,single,36,1.0e-10,64
VQE_reduced_surrogate,73002,156,2,0.000244140625,227.59416874998146,224.92239999999998,not_in_gurobi_pool,,1100101010000000001,10001101110000000,110010101000000000110001101110000000,128,8192,25,152,true,single,36,1.0e-10,64
VQE_reduced_surrogate,73002,140,2,0.000244140625,219.08119375001024,227.09649999999976,not_in_gurobi_pool,,0000000100111010000,11100000010000000,000000010011101000011100000010000000,128,8192,25,152,true,single,36,1.0e-10,64
VQE_reduced_surrogate,73002,109,2,0.000244140625,208.69501874999537,227.39739999999998,not_in_gurobi_pool,,1100010110011001001,10000001011100000,110001011001100100110000001011100000,128,8192,25,152,true,single,36,1.0e-10,64
VQE_reduced_surrogate,73002,117,2,0.000244140625,211.91701874998944,230.61939999999984,not_in_gurobi_pool,,1100101001000010011,00000101110000101,110010100100001001100000101110000101,128,8192,25,152,true,single,36,1.0e-10,64
VQE_reduced_surrogate,73002,266,2,0.000244140625,272.41556875001106,269.74379999999974,not_in_gurobi_pool,,0000110000111100001,11000000010001000,000011000011110000111000000010001000,128,8192,25,152,true,single,36,1.0e-10,64
VQE_reduced_surrogate,73002,235,2,0.000244140625,265.22339374999115,273.23869999999994,not_in_gurobi_pool,,1100100001011010000,10100001011000000,110010000101101000010100001011000000,128,8192,25,152,true,single,36,1.0e-10,64
VQE_reduced_surrogate,73002,197,2,0.000244140625,255.87031874998866,274.5727000000001,not_in_gurobi_pool,,1100101110010100001,10000101110000000,110010111001010000110000101110000000,128,8192,25,152,true,single,36,1.0e-10,64
VQE_reduced_surrogate,73002,255,2,0.000244140625,270.0223937500016,278.0377,not_in_gurobi_pool,,1100010110011010111,00000001011100101,110001011001101011100000001011100101,128,8192,25,152,true,single,36,1.0e-10,64
VQE_reduced_surrogate,73002,349,2,0.000244140625,305.2907687499919,302.61899999999974,not_in_gurobi_pool,,1100100100101000001,10101000010000000,110010010010100000110101000010000000,128,8192,25,152,true,single,36,1.0e-10,64
VQE_reduced_surrogate,73002,329,2,0.000244140625,298.41479375000495,306.43009999999975,not_in_gurobi_pool,,0000000100101010000,11100000010000000,000000010010101000011100000010000000,128,8192,25,152,true,single,36,1.0e-10,64
VQE_reduced_surrogate,73002,372,2,0.000244140625,313.3417687499914,310.6699999999998,not_in_gurobi_pool,,0100101000001011011,00010101110000100,010010100000101101100010101110000100,128,8192,25,152,true,single,36,1.0e-10,64
VQE_reduced_surrogate,73002,294,2,0.000244140625,283.23254375000033,312.62199999999973,not_in_gurobi_pool,,0100110000111010000,10000000010101000,010011000011101000010000000010101000,128,8192,25,152,true,single,36,1.0e-10,64
VQE_reduced_surrogate,73002,319,2,0.000244140625,297.0696187500066,315.7719999999997,not_in_gurobi_pool,,1100100000111000100,00100000010000000,110010000011100010000100000010000000,128,8192,25,152,true,single,36,1.0e-10,64
VQE_reduced_surrogate,73002,321,2,0.000244140625,297.211618750001,315.9139999999999,not_in_gurobi_pool,,1100111000111010011,00000001000101101,110011100011101001100000001000101101,128,8192,25,152,true,single,36,1.0e-10,64
VQE_reduced_surrogate,73002,388,2,0.000244140625,318.61576875000264,315.9439999999999,not_in_gurobi_pool,,1100101110101010011,00000001000000101,110010111010101001100000001000000101,128,8192,25,152,true,single,36,1.0e-10,64
VQE_reduced_surrogate,73002,356,2,0.000244140625,308.4956937500042,316.51099999999974,not_in_gurobi_pool,,1100100100110100101,00100000010000000,110010010011010010100100000010000000,128,8192,25,152,true,single,36,1.0e-10,64
VQE_reduced_surrogate,73002,360,2,0.000244140625,309.027693750005,317.0429999999998,not_in_gurobi_pool,,1100100000111001101,00100000010000000,110010000011100110100100000010000000,128,8192,25,152,true,single,36,1.0e-10,64
VQE_reduced_surrogate,73002,332,2,0.000244140625,298.8786187500002,317.5809999999999,not_in_gurobi_pool,,0100111100111010000,10000001000101000,010011110011101000010000001000101000,128,8192,25,152,true,single,36,1.0e-10,64
VQE_reduced_surrogate,73002,333,2,0.000244140625,298.9796187499935,317.68199999999996,not_in_gurobi_pool,,0100101101000100000,10000101110000000,010010110100010000010000101110000000,128,8192,25,152,true,single,36,1.0e-10,64
VQE_reduced_surrogate,73002,396,2,0.000244140625,320.8187687499783,318.1469999999998,not_in_gurobi_pool,,0100010001011000001,10001001011100000,010001000101100000110001001011100000,128,8192,25,152,true,single,36,1.0e-10,64
VQE_reduced_surrogate,73002,401,2,0.000244140625,323.34436874999597,320.67259999999993,not_in_gurobi_pool,,0001100110111001011,00100000000000110,000110011011100101100100000000000110,128,8192,25,152,true,single,36,1.0e-10,64
VQE_reduced_surrogate,73002,412,2,0.000244140625,327.14176875000794,324.4699999999998,not_in_gurobi_pool,,0100101100110100100,00000001000000000,010010110011010010000000001000000000,128,8192,25,152,true,single,36,1.0e-10,64
VQE_reduced_surrogate,73002,415,2,0.000244140625,327.40391874999887,346.10629999999975,not_in_gurobi_pool,,1100100000100100000,10100000010000000,110010000010010000010100000010000000,128,8192,25,152,true,single,36,1.0e-10,64
VQE_reduced_surrogate,73002,379,2,0.000244140625,316.81784374999256,346.2072999999998,not_in_gurobi_pool,,1100110000101010000,10000000010101000,110011000010101000010000000010101000,128,8192,25,152,true,single,36,1.0e-10,64
VQE_reduced_surrogate,73002,442,2,0.000244140625,333.66791874999217,352.37029999999976,not_in_gurobi_pool,,1100000100110010000,10100000010000000,110000010011001000010100000010000000,128,8192,25,152,true,single,36,1.0e-10,64
VQE_reduced_surrogate,73002,443,2,0.000244140625,334.0989187499963,352.8012999999998,not_in_gurobi_pool,,1100000100110001001,10100000010000000,110000010011000100110100000010000000,128,8192,25,152,true,single,36,1.0e-10,64
VQE_reduced_surrogate,73002,603,2,0.000244140625,371.0821437500017,357.7232999999999,not_in_gurobi_pool,,1100100110111000000,10101000010000000,110010011011100000010101000010000000,128,8192,25,152,true,single,36,1.0e-10,64
VQE_reduced_surrogate,73002,510,2,0.000244140625,351.88099374999797,359.8962999999999,not_in_gurobi_pool,,1100100110110010011,00100000010000101,110010011011001001100100000010000101,128,8192,25,152,true,single,36,1.0e-10,64
VQE_reduced_surrogate,73002,521,2,0.000244140625,354.04909375000534,362.0644000000001,not_in_gurobi_pool,,0000111000111001011,01000101000001110,000011100011100101101000101000001110,128,8192,25,152,true,single,36,1.0e-10,64
VQE_reduced_surrogate,73002,548,2,0.000244140625,358.7699937500033,366.7853,not_in_gurobi_pool,,1100110110110100111,00000000010101011,110011011011010011100000000010101011,128,8192,25,152,true,single,36,1.0e-10,64
VQE_reduced_surrogate,73002,551,2,0.000244140625,359.73499374999597,367.7502999999999,not_in_gurobi_pool,,0100111100110001101,00000001000101000,010011110011000110100000001000101000,128,8192,25,152,true,single,36,1.0e-10,64
VQE_reduced_surrogate,73002,599,2,0.000244140625,370.9580687499922,368.2862999999999,not_in_gurobi_pool,,0100001110110001011,00000001000000110,010000111011000101100000001000000110,128,8192,25,152,true,single,36,1.0e-10,64
VQE_reduced_surrogate,73002,708,2,0.000244140625,392.57031874999984,368.5243999999998,not_in_gurobi_pool,,0000010110111010101,01000000010001000,000001011011101010101000000010001000,128,8192,25,152,true,single,36,1.0e-10,64
VQE_reduced_surrogate,73002,605,2,0.000244140625,371.2236687500085,368.55189999999965,not_in_gurobi_pool,,0001111001011001011,00000111100000110,000111100101100101100000111100000110,128,8192,25,152,true,single,36,1.0e-10,64
VQE_reduced_surrogate,73002,555,2,0.000244140625,361.06799374999287,369.0833,not_in_gurobi_pool,,0100111100110001111,00000001000101110,010011110011000111100000001000101110,128,8192,25,152,true,single,36,1.0e-10,64
VQE_reduced_surrogate,73002,731,2,0.000244140625,396.0643187499959,372.0183999999999,not_in_gurobi_pool,,0000101111011000001,11001111110000000,000010111101100000111001111110000000,128,8192,25,152,true,single,36,1.0e-10,64
VQE_reduced_surrogate,73002,706,2,0.000244140625,392.3943687499816,389.72259999999994,not_in_gurobi_pool,,1100111000001000000,10011101110100000,110011100000100000010011101110100000,128,8192,25,152,true,single,36,1.0e-10,64
VQE_reduced_surrogate,73002,669,2,0.000244140625,384.3423937500122,392.3576999999998,not_in_gurobi_pool,,0000100100101001001,11100000010000000,000010010010100100111100000010000000,128,8192,25,152,true,single,36,1.0e-10,64
VQE_reduced_surrogate,73002,815,2,0.000244140625,412.54644375000953,399.1875999999999,not_in_gurobi_pool,,1100100000011001100,00110001011000000,110010000001100110000110001011000000,128,8192,25,152,true,single,36,1.0e-10,64
VQE_reduced_surrogate,73002,871,2,0.000244140625,423.31351874999814,399.2675999999997,not_in_gurobi_pool,,1100101110101000001,10001001000000000,110010111010100000110001001000000000,128,8192,25,152,true,single,36,1.0e-10,64
VQE_reduced_surrogate,73002,650,2,0.000244140625,382.28971875000457,400.99209999999994,not_in_gurobi_pool,,0011110110011100000,10000100010100000,001111011001110000010000100010100000,128,8192,25,152,true,single,36,1.0e-10,64
VQE_reduced_surrogate,73002,651,2,0.000244140625,382.39071875000377,401.09310000000005,not_in_gurobi_pool,,0011110110011010000,10000100010100000,001111011001101000010000100010100000,128,8192,25,152,true,single,36,1.0e-10,64
VQE_reduced_surrogate,73002,652,2,0.000244140625,382.5082187500061,401.2105999999999,not_in_gurobi_pool,,1100110110110100000,10000000010101000,110011011011010000010000000010101000,128,8192,25,152,true,single,36,1.0e-10,64
VQE_reduced_surrogate,73002,654,2,0.000244140625,382.6092187500044,401.3115999999999,not_in_gurobi_pool,,1100010110111010001,10000000010101000,110001011011101000110000000010101000,128,8192,25,152,true,single,36,1.0e-10,64
VQE_reduced_surrogate,73002,667,2,0.000244140625,384.2742187500037,402.97659999999996,not_in_gurobi_pool,,0100111100110100000,10000001000101000,010011110011010000010000001000101000,128,8192,25,152,true,single,36,1.0e-10,64
VQE_reduced_surrogate,73002,668,2,0.000244140625,384.30321874999913,403.00559999999984,not_in_gurobi_pool,,0100110101100010011,00000000010101101,010011010110001001100000000010101101,128,8192,25,152,true,single,36,1.0e-10,64
VQE_reduced_surrogate,73002,798,2,0.000244140625,408.2874687499973,405.61569999999995,not_in_gurobi_pool,,0000100110110010011,01100000010000101,000010011011001001101100000010000101,128,8192,25,152,true,single,36,1.0e-10,64
VQE_reduced_surrogate,73002,803,2,0.000244140625,408.71846875000574,406.0467,not_in_gurobi_pool,,0000100010111001011,01100000010000110,000010001011100101101100000010000110,128,8192,25,152,true,single,36,1.0e-10,64
VQE_reduced_surrogate,73002,804,2,0.000244140625,408.7184687500019,406.0467,not_in_gurobi_pool,,0000100110110001011,01100000010000110,000010011011000101101100000010000110,128,8192,25,152,true,single,36,1.0e-10,64
VQE_reduced_surrogate,73002,748,2,0.000244140625,398.2552937500077,406.27060000000006,not_in_gurobi_pool,,1100111110111010000,10000001000101000,110011111011101000010000001000101000,128,8192,25,152,true,single,36,1.0e-10,64
VQE_reduced_surrogate,73002,807,2,0.000244140625,410.3978687500023,407.7261000000001,not_in_gurobi_pool,,1101101110110010011,00000001000000101,110110111011001001100000001000000101,128,8192,25,152,true,single,36,1.0e-10,64
VQE_reduced_surrogate,73002,858,2,0.000244140625,421.78944375000515,408.4306,not_in_gurobi_pool,,0100111110111000000,10001001000101000,010011111011100000010001001000101000,128,8192,25,152,true,single,36,1.0e-10,64
VQE_reduced_surrogate,73002,869,2,0.000244140625,423.206693750019,431.2219999999998,not_in_gurobi_pool,,0000100100001100000,11110101011000000,000010010000110000011110101011000000,128,8192,25,152,true,single,36,1.0e-10,64
VQE_reduced_surrogate,73002,823,2,0.000244140625,414.50751874998605,433.20990000000006,not_in_gurobi_pool,,1100111000000100000,10010101110100000,110011100000010000010010101110100000,128,8192,25,152,true,single,36,1.0e-10,64
VQE_reduced_surrogate,73002,888,2,0.000244140625,426.1915937500057,434.2068999999998,not_in_gurobi_pool,,1100100100100101011,00100000010000010,110010010010010101100100000010000010,128,8192,25,152,true,single,36,1.0e-10,64
VQE_reduced_surrogate,73002,847,2,0.000244140625,418.9415187499833,437.6438999999998,not_in_gurobi_pool,,0100011100001010011,00010101110100101,010001110000101001100010101110100101,128,8192,25,152,true,single,36,1.0e-10,64
VQE_reduced_surrogate,73002,862,2,0.000244140625,422.2366187500013,440.9389999999998,not_in_gurobi_pool,,0000100101000100001,11100101011000000,000010010100010000111100101011000000,128,8192,25,152,true,single,36,1.0e-10,64
VQE_reduced_surrogate,73002,866,2,0.000244140625,422.7245187499964,441.42690000000005,not_in_gurobi_pool,,0100111000101001011,00000001000101110,010011100010100101100000001000101110,128,8192,25,152,true,single,36,1.0e-10,64
VQE_reduced_surrogate,73002,817,2,0.000244140625,412.8503437499917,442.23979999999995,not_in_gurobi_pool,,0110100100111010011,00100000010100101,011010010011101001100100000010100101,128,8192,25,152,true,single,36,1.0e-10,64
VQE_reduced_surrogate,73002,819,2,0.000244140625,413.28134374999354,442.6708,not_in_gurobi_pool,,0110100100111001011,00100000010100110,011010010011100101100100000010100110,128,8192,25,152,true,single,36,1.0e-10,64
VQE_reduced_surrogate,73002,939,2,0.000244140625,437.41459375000136,445.42989999999986,not_in_gurobi_pool,,1100111000111011011,00000001000101100,110011100011101101100000001000101100,128,8192,25,152,true,single,36,1.0e-10,64
VQE_reduced_surrogate,73002,892,2,0.000244140625,427.12151875000586,445.8239,not_in_gurobi_pool,,1100010010111001011,00000000010101110,110001001011100101100000000010101110,128,8192,25,152,true,single,36,1.0e-10,64
VQE_reduced_surrogate,73002,1010,2,0.000244140625,449.5376687500161,446.8658999999998,not_in_gurobi_pool,,1100110111001011011,00000001011100100,110011011100101101100000001011100100,128,8192,25,152,true,single,36,1.0e-10,64
VQE_reduced_surrogate,73002,1013,2,0.000244140625,449.86066874999005,447.1888999999999,not_in_gurobi_pool,,0100001110101010011,00000001000000101,010000111010101001100000001000000101,128,8192,25,152,true,single,36,1.0e-10,64
VQE_reduced_surrogate,73002,897,2,0.000244140625,429.05351875000724,447.75589999999977,not_in_gurobi_pool,,0100110000111100100,00000000010101000,010011000011110010000000000010101000,128,8192,25,152,true,single,36,1.0e-10,64
VQE_reduced_surrogate,73002,850,2,0.000244140625,419.3173437500009,448.7068000000004,not_in_gurobi_pool,,0110101110011010000,10000101010100000,011010111001101000010000101010100000,128,8192,25,152,true,single,36,1.0e-10,64
VQE_reduced_surrogate,73002,962,2,0.000244140625,441.4465937499965,449.4619,not_in_gurobi_pool,,1100010110011001110,00000001011100110,110001011001100111000000001011100110,128,8192,25,152,true,single,36,1.0e-10,64
VQE_reduced_surrogate,73002,1121,2,0.000244140625,473.63081874998375,449.5848999999999,not_in_gurobi_pool,,1100100011010000001,10101001011000000,110010001101000000110101001011000000,128,8192,25,152,true,single,36,1.0e-10,64
VQE_reduced_surrogate,73002,1028,2,0.000244140625,453.3817687499916,450.71000000000004,not_in_gurobi_pool,,0000101110010110011,01000111110000001,000010111001011001101000111110000001,128,8192,25,152,true,single,36,1.0e-10,64
VQE_reduced_surrogate,73002,967,2,0.000244140625,442.9335937500032,450.94889999999987,not_in_gurobi_pool,,1100010110110100101,00000000010101000,110001011011010010100000000010101000,128,8192,25,152,true,single,36,1.0e-10,64
VQE_reduced_surrogate,73002,970,2,0.000244140625,443.4655937500047,451.4808999999999,not_in_gurobi_pool,,1100010110111001101,00000000010101000,110001011011100110100000000010101000,128,8192,25,152,true,single,36,1.0e-10,64
VQE_reduced_surrogate,73002,1140,2,0.000244140625,478.4979187500089,454.4519999999999,not_in_gurobi_pool,,0000010110111001100,01000000010001000,000001011011100110001000000010001000,128,8192,25,152,true,single,36,1.0e-10,64
VQE_reduced_surrogate,73002,1113,2,0.000244140625,472.7987437500053,459.4398999999998,not_in_gurobi_pool,,0100101110110001100,00000001000000000,010010111011000110000000001000000000,128,8192,25,152,true,single,36,1.0e-10,64
VQE_reduced_surrogate,73002,1151,2,0.000244140625,479.9358437499943,466.5770000000002,not_in_gurobi_pool,,0000101111010100111,01000111110000011,000010111101010011101000111110000011,128,8192,25,152,true,single,36,1.0e-10,64
VQE_reduced_surrogate,73002,1337,2,0.000244140625,510.04579374999275,475.31279999999987,not_in_gurobi_pool,,1001011100001000001,10011111100000000,100101110000100000110011111100000000,128,8192,25,152,true,single,36,1.0e-10,64
VQE_reduced_surrogate,73002,1092,2,0.000244140625,469.1179937500003,477.1332999999998,not_in_gurobi_pool,,1000000100010100000,11110101011000000,100000010001010000011110101011000000,128,8192,25,152,true,single,36,1.0e-10,64
VQE_reduced_surrogate,73002,1167,2,0.000244140625,481.5904687499917,478.91869999999983,not_in_gurobi_pool,,0011100100101010011,00100000000000101,001110010010101001100100000000000101,128,8192,25,152,true,single,36,1.0e-10,64
VQE_reduced_surrogate,73002,1061,2,0.000244140625,461.9428187500059,480.6451999999997,not_in_gurobi_pool,,1100110110101010001,10000000010101000,110011011010101000110000000010101000,128,8192,25,152,true,single,36,1.0e-10,64
VQE_reduced_surrogate,73002,1062,2,0.000244140625,461.9428187500059,480.6451999999997,not_in_gurobi_pool,,1100110110101010000,10000000010101000,110011011010101000010000000010101000,128,8192,25,152,true,single,36,1.0e-10,64
VQE_reduced_surrogate,73002,1203,2,0.000244140625,485.021868750003,482.3500999999999,not_in_gurobi_pool,,0110101100101100000,10000000000100000,011010110010110000010000000000100000,128,8192,25,152,true,single,36,1.0e-10,64
VQE_reduced_surrogate,73002,1125,2,0.000244140625,474.8738937499893,482.88919999999985,not_in_gurobi_pool,,1100010001000110011,00000001011100001,110001000100011001100000001011100001,128,8192,25,152,true,single,36,1.0e-10,64
VQE_reduced_surrogate,73002,1033,2,0.000244140625,454.4483437500046,483.8377999999999,not_in_gurobi_pool,,0001111000101010011,00000101000001101,000111100010101001100000101000001101,128,8192,25,152,true,single,36,1.0e-10,64
VQE_reduced_surrogate,73002,1141,2,0.000244140625,478.5797937499924,486.59510000000023,not_in_gurobi_pool,,0110111100011010011,00010101010110101,011011110001101001100010101010110101,128,8192,25,152,true,single,36,1.0e-10,64
VQE_reduced_surrogate,73002,1084,2,0.000244140625,468.00481875000105,486.70719999999983,not_in_gurobi_pool,,1100010110110100000,10000000010101000,110001011011010000010000000010101000,128,8192,25,152,true,single,36,1.0e-10,64
VQE_reduced_surrogate,73002,1148,2,0.000244140625,479.2238937500008,487.23919999999987,not_in_gurobi_pool,,1100100110110001001,10100000010000000,110010011011000100110100000010000000,128,8192,25,152,true,single,36,1.0e-10,64
VQE_reduced_surrogate,73002,1161,2,0.000244140625,481.29589375000705,489.3111999999999,not_in_gurobi_pool,,1100110010111101011,00000000010101010,110011001011110101100000000010101010,128,8192,25,152,true,single,36,1.0e-10,64
VQE_reduced_surrogate,73002,1164,2,0.000244140625,481.39689375000694,489.4122,not_in_gurobi_pool,,1100110110110011011,00000000010101100,110011011011001101100000000010101100,128,8192,25,152,true,single,36,1.0e-10,64
VQE_reduced_surrogate,73002,1207,2,0.000244140625,485.3009937500169,493.3162999999998,not_in_gurobi_pool,,0000100110010100100,01100101011000000,000010011001010010001100101011000000,128,8192,25,152,true,single,36,1.0e-10,64
VQE_reduced_surrogate,73002,1214,2,0.000244140625,487.19489374999443,495.2102,not_in_gurobi_pool,,0100010110011001110,00000001011100110,010001011001100111000000001011100110,128,8192,25,152,true,single,36,1.0e-10,64
VQE_reduced_surrogate,73002,1219,2,0.000244140625,488.157893750001,496.17319999999995,not_in_gurobi_pool,,0100110011011010000,10000001011100000,010011001101101000010000001011100000,128,8192,25,152,true,single,36,1.0e-10,64
VQE_reduced_surrogate,73002,1338,2,0.000244140625,510.1281437499995,496.7692999999998,not_in_gurobi_pool,,0000100110111010101,01100000010000000,000010011011101010101100000010000000,128,8192,25,152,true,single,36,1.0e-10,64
VQE_reduced_surrogate,73002,1289,2,0.000244140625,500.71146874999977,498.0396999999999,not_in_gurobi_pool,,1101101110111000100,00000001000000000,110110111011100010000000001000000000,128,8192,25,152,true,single,36,1.0e-10,64
VQE_reduced_surrogate,73002,1302,2,0.000244140625,503.56006875000844,500.88829999999996,not_in_gurobi_pool,,0000111110111000100,01000101000001000,000011111011100010001000101000001000,128,8192,25,152,true,single,36,1.0e-10,64
VQE_reduced_surrogate,73002,1406,2,0.000244140625,521.9943687500102,519.3226,not_in_gurobi_pool,,0000100100000101011,01110101011000010,000010010000010101101110101011000010,128,8192,25,152,true,single,36,1.0e-10,64
VQE_reduced_surrogate,73002,1459,2,0.000244140625,529.5887687500003,526.9169999999998,not_in_gurobi_pool,,0101100100111001001,10100000000000000,010110010011100100110100000000000000,128,8192,25,152,true,single,36,1.0e-10,64
VQE_reduced_surrogate,73002,1679,2,0.000244140625,561.8345937499889,527.1016,not_in_gurobi_pool,,0000011000011000001,11011111110000000,000001100001100000111011111110000000,128,8192,25,152,true,single,36,1.0e-10,64
VQE_reduced_surrogate,73002,1466,2,0.000244140625,530.2643687500297,527.5925999999997,not_in_gurobi_pool,,0000100100100001100,01100000010000000,000010010010000110001100000010000000,128,8192,25,152,true,single,36,1.0e-10,64
VQE_reduced_surrogate,73002,1282,2,0.000244140625,499.0566437500179,528.4460999999997,not_in_gurobi_pool,,1001101110100010000,10000101000000000,100110111010001000010000101000000000,128,8192,25,152,true,single,36,1.0e-10,64
VQE_reduced_surrogate,73002,1478,2,0.000244140625,531.9002687500099,529.2284999999999,not_in_gurobi_pool,,0100101000001001100,00010101110000000,010010100000100110000010101110000000,128,8192,25,152,true,single,36,1.0e-10,64
VQE_reduced_surrogate,73002,1502,2,0.000244140625,534.9117687499945,532.24,not_in_gurobi_pool,,1101110100111001110,00000000000101110,110111010011100111000000000000101110,128,8192,25,152,true,single,36,1.0e-10,64
VQE_reduced_surrogate,73002,1445,2,0.000244140625,527.3761937499951,535.3915000000002,not_in_gurobi_pool,,0100111000011001101,00010101110100000,010011100001100110100010101110100000,128,8192,25,152,true,single,36,1.0e-10,64
VQE_reduced_surrogate,73002,1448,2,0.000244140625,528.0351937499988,536.0504999999996,not_in_gurobi_pool,,1100101011001010011,00000101110000101,110010101100101001100000101110000101,128,8192,25,152,true,single,36,1.0e-10,64
VQE_reduced_surrogate,73002,1669,2,0.000244140625,560.3320187500078,536.2861,not_in_gurobi_pool,,0001111000010100111,00010111100000011,000111100001010011100010111100000011,128,8192,25,152,true,single,36,1.0e-10,64
VQE_reduced_surrogate,73002,1529,2,0.000244140625,539.6492687500061,536.9774999999998,not_in_gurobi_pool,,1100100110110001100,00100000010000000,110010011011000110000100000010000000,128,8192,25,152,true,single,36,1.0e-10,64
VQE_reduced_surrogate,73002,1618,2,0.000244140625,552.0364437500148,538.6775999999998,not_in_gurobi_pool,,0000110010111000100,01000000010001000,000011001011100010001000000010001000,128,8192,25,152,true,single,36,1.0e-10,64
VQE_reduced_surrogate,73002,1696,2,0.000244140625,564.3789187500047,540.3329999999999,not_in_gurobi_pool,,0011101101110000000,10001100000000000,001110110111000000010001100000000000,128,8192,25,152,true,single,36,1.0e-10,64
VQE_reduced_surrogate,73002,1565,2,0.000244140625,544.2863187499988,562.9886999999998,not_in_gurobi_pool,,0110110100101010000,10000000010111000,011011010010101000010000000010111000,128,8192,25,152,true,single,36,1.0e-10,64
VQE_reduced_surrogate,73002,1639,2,0.000244140625,555.5134937499936,563.5287999999998,not_in_gurobi_pool,,1100010110001110000,10000001011100000,110001011000111000010000001011100000,128,8192,25,152,true,single,36,1.0e-10,64
VQE_reduced_surrogate,73002,1579,2,0.000244140625,545.7524187499832,564.4548,not_in_gurobi_pool,,0100011100000100000,10010101110100000,010001110000010000010010101110100000,128,8192,25,152,true,single,36,1.0e-10,64
VQE_reduced_surrogate,73002,1647,2,0.000244140625,556.8309937499939,564.8462999999998,not_in_gurobi_pool,,0011010100101001011,00000000000101110,001101010010100101100000000000101110,128,8192,25,152,true,single,36,1.0e-10,64
VQE_reduced_surrogate,73002,1599,2,0.000244140625,549.1044187499972,567.8067999999998,not_in_gurobi_pool,,0100111000101100001,10000001000101000,010011100010110000110000001000101000,128,8192,25,152,true,single,36,1.0e-10,64
VQE_reduced_surrogate,73002,1539,2,0.000244140625,541.2583437499909,570.6478,not_in_gurobi_pool,,0100111010000100001,10000101110100000,010011101000010000110000101110100000,128,8192,25,152,true,single,36,1.0e-10,64
VQE_reduced_surrogate,73002,1555,2,0.000244140625,543.6473437499947,573.0368000000001,not_in_gurobi_pool,,1100011001001001011,00000101110100110,110001100100100101100000101110100110,128,8192,25,152,true,single,36,1.0e-10,64
VQE_reduced_surrogate,73002,1773,2,0.000244140625,576.4065687500026,573.7347999999997,not_in_gurobi_pool,,1100100101001001100,00100001011000000,110010010100100110000100001011000000,128,8192,25,152,true,single,36,1.0e-10,64
VQE_reduced_surrogate,73002,1634,2,0.000244140625,555.2674187500029,573.9697999999999,not_in_gurobi_pool,,0100111000110100000,10000001000101000,010011100011010000010000001000101000,128,8192,25,152,true,single,36,1.0e-10,64
VQE_reduced_surrogate,73002,1718,2,0.000244140625,567.7124937499939,575.7277999999998,not_in_gurobi_pool,,1100100001110100000,10100000010000000,110010000111010000010100000010000000,128,8192,25,152,true,single,36,1.0e-10,64
VQE_reduced_surrogate,73002,1726,2,0.000244140625,568.9579937500014,576.9732999999998,not_in_gurobi_pool,,0011110111001010011,00000100010100101,001111011100101001100000100010100101,128,8192,25,152,true,single,36,1.0e-10,64
VQE_reduced_surrogate,73002,1737,2,0.000244140625,570.4764937499981,578.4917999999999,not_in_gurobi_pool,,1100111000111001100,00000001000101000,110011100011100110000000001000101000,128,8192,25,152,true,single,36,1.0e-10,64
VQE_reduced_surrogate,73002,1857,2,0.000244140625,593.2071437500008,579.8482999999998,not_in_gurobi_pool,,1101110110110001100,00000000000101000,110111011011000110000000000000101000,128,8192,25,152,true,single,36,1.0e-10,64
VQE_reduced_surrogate,73002,1868,2,0.000244140625,595.6247437500112,582.2658999999998,not_in_gurobi_pool,,0000100110111010100,01100000010000000,000010011011101010001100000010000000,128,8192,25,152,true,single,36,1.0e-10,64
VQE_reduced_surrogate,73002,1812,2,0.000244140625,585.4085687500149,582.7367999999998,not_in_gurobi_pool,,0010100110110001100,00100000010000000,001010011011000110000100000010000000,128,8192,25,152,true,single,36,1.0e-10,64
VQE_reduced_surrogate,73002,1712,2,0.000244140625,566.8770187500013,585.5793999999999,not_in_gurobi_pool,,1001101010110100111,00000101000000011,100110101011010011100000101000000011,128,8192,25,152,true,single,36,1.0e-10,64
VQE_reduced_surrogate,73002,2005,2,0.000244140625,614.5544687500192,611.8826999999997,not_in_gurobi_pool,,0001100110101100000,10100000000000000,000110011010110000010100000000000000,128,8192,25,152,true,single,36,1.0e-10,64
VQE_reduced_surrogate,73002,1938,2,0.000244140625,608.0873937500166,616.1026999999997,not_in_gurobi_pool,,0001001110101000000,10001101000000000,000100111010100000010001101000000000,128,8192,25,152,true,single,36,1.0e-10,64
VQE_reduced_surrogate,73002,1960,2,0.000244140625,610.0617937500024,618.0770999999999,not_in_gurobi_pool,,0100111100101001100,00000001000101000,010011110010100110000000001000101000,128,8192,25,152,true,single,36,1.0e-10,64
VQE_reduced_surrogate,73002,2141,2,0.000244140625,635.7454437499885,622.3865999999996,not_in_gurobi_pool,,0101001110011011011,00000101100000100,010100111001101101100000101100000100,128,8192,25,152,true,single,36,1.0e-10,64
VQE_reduced_surrogate,73002,2018,2,0.000244140625,614.9967937500032,623.0120999999999,not_in_gurobi_pool,,0100011110111010000,10000001000101000,010001111011101000010000001000101000,128,8192,25,152,true,single,36,1.0e-10,64
VQE_reduced_surrogate,73002,2136,2,0.000244140625,634.4298687499972,631.7580999999999,not_in_gurobi_pool,,1100111101110100110,00000001000101011,110011110111010011000000001000101011,128,8192,25,152,true,single,36,1.0e-10,64
VQE_reduced_surrogate,73002,2301,2,0.000244140625,662.6111437499833,649.2523,not_in_gurobi_pool,,0110111000001000000,10011101010110000,011011100000100000010011101010110000,128,8192,25,152,true,single,36,1.0e-10,64
VQE_reduced_surrogate,73002,2151,2,0.000244140625,637.2690187499893,655.9713999999996,not_in_gurobi_pool,,0100010010101010011,00000000010101101,010001001010101001100000000010101101,128,8192,25,152,true,single,36,1.0e-10,64
VQE_reduced_surrogate,73002,2220,2,0.000244140625,648.9690937499922,656.9844,not_in_gurobi_pool,,0100001110001110000,10000101110000000,010000111000111000010000101110000000,128,8192,25,152,true,single,36,1.0e-10,64
VQE_reduced_surrogate,73002,2355,2,0.000244140625,670.6812437499711,657.3223999999998,not_in_gurobi_pool,,0100000001101000001,10101000010000000,010000000110100000110101000010000000,128,8192,25,152,true,single,36,1.0e-10,64
VQE_reduced_surrogate,73002,2304,2,0.000244140625,662.8696687500201,660.1978999999998,not_in_gurobi_pool,,1101110111000110011,00000001010100001,110111011100011001100000001010100001,128,8192,25,152,true,single,36,1.0e-10,64
VQE_reduced_surrogate,73002,2379,2,0.000244140625,674.2937437500048,660.9348999999997,not_in_gurobi_pool,,0011100110111010000,10100000000000000,001110011011101000010100000000000000,128,8192,25,152,true,single,36,1.0e-10,64
VQE_reduced_surrogate,73002,2172,2,0.000244140625,642.4399187499982,661.1423000000001,not_in_gurobi_pool,,0110111001001010011,00000101010110101,011011100100101001100000101010110101,128,8192,25,152,true,single,36,1.0e-10,64
VQE_reduced_surrogate,73002,2203,2,0.000244140625,646.5820187500024,665.2843999999999,not_in_gurobi_pool,,1100010110111000110,00000000010101111,110001011011100011000000000010101111,128,8192,25,152,true,single,36,1.0e-10,64
VQE_reduced_surrogate,73002,2339,2,0.000244140625,668.1371687499952,665.4653999999996,not_in_gurobi_pool,,1100101111000101010,00000101110000010,110010111100010101000000101110000010,128,8192,25,152,true,single,36,1.0e-10,64
VQE_reduced_surrogate,73002,2424,2,0.000244140625,679.4622437499877,666.1034000000002,not_in_gurobi_pool,,1100101110111111011,00000001000000000,110010111011111101100000001000000000,128,8192,25,152,true,single,36,1.0e-10,64
VQE_reduced_surrogate,73002,2493,2,0.000244140625,691.0742187499975,667.0283000000001,not_in_gurobi_pool,,0110111100111001100,00000000000111000,011011110011100110000000000000111000,128,8192,25,152,true,single,36,1.0e-10,64
VQE_reduced_surrogate,73002,2414,2,0.000244140625,677.3926687499988,674.7208999999999,not_in_gurobi_pool,,0011110111010001100,00000100010100000,001111011101000110000000100010100000,128,8192,25,152,true,single,36,1.0e-10,64
VQE_reduced_surrogate,73002,2508,2,0.000244140625,693.8979687500089,691.2261999999996,not_in_gurobi_pool,,0011000100100100000,10100000000000000,001100010010010000010100000000000000,128,8192,25,152,true,single,36,1.0e-10,64
VQE_reduced_surrogate,73002,2475,2,0.000244140625,688.1588937500048,696.1741999999997,not_in_gurobi_pool,,0101001100101100000,10000001000000000,010100110010110000010000001000000000,128,8192,25,152,true,single,36,1.0e-10,64
VQE_reduced_surrogate,73002,2477,2,0.000244140625,688.2708937500058,696.2861999999998,not_in_gurobi_pool,,0011001100101010000,10000100000000000,001100110010101000010000100000000000,128,8192,25,152,true,single,36,1.0e-10,64
VQE_reduced_surrogate,73002,2594,2,0.000244140625,704.4794687500071,701.8076999999996,not_in_gurobi_pool,,1100100110100001100,00100000010000000,110010011010000110000100000010000000,128,8192,25,152,true,single,36,1.0e-10,64
VQE_reduced_surrogate,73002,2595,2,0.000244140625,704.9885687500075,702.3168,not_in_gurobi_pool,,0000011110101010000,11000101000001000,000001111010101000011000101000001000,128,8192,25,152,true,single,36,1.0e-10,64
VQE_reduced_surrogate,73002,2662,2,0.000244140625,715.7444437500067,702.3856,not_in_gurobi_pool,,0110101110101010000,10000000000100000,011010111010101000010000000000100000,128,8192,25,152,true,single,36,1.0e-10,64
VQE_reduced_surrogate,73002,2602,2,0.000244140625,706.2165687500171,703.5447999999998,not_in_gurobi_pool,,0000111000100001100,01000101000001000,000011100010000110001000101000001000,128,8192,25,152,true,single,36,1.0e-10,64
VQE_reduced_surrogate,73002,2738,2,0.000244140625,727.7365187499961,703.6906,not_in_gurobi_pool,,0110110111000100000,10000000011110000,011011011100010000010000000011110000,128,8192,25,152,true,single,36,1.0e-10,64
VQE_reduced_surrogate,73002,2532,2,0.000244140625,697.6023937499974,705.6176999999998,not_in_gurobi_pool,,0100100100111011101,00100000010000000,010010010011101110100100000010000000,128,8192,25,152,true,single,36,1.0e-10,64
VQE_reduced_surrogate,73002,2686,2,0.000244140625,719.6065437500015,706.2476999999998,not_in_gurobi_pool,,1100101110110110000,10000001000000000,110010111011011000010000001000000000,128,8192,25,152,true,single,36,1.0e-10,64
VQE_reduced_surrogate,73002,2647,2,0.000244140625,713.7125687500052,711.0407999999998,not_in_gurobi_pool,,0000111000111001110,01000101000001110,000011100011100111001000101000001110,128,8192,25,152,true,single,36,1.0e-10,64
VQE_reduced_surrogate,73002,2582,2,0.000244140625,703.2033937499898,711.2186999999999,not_in_gurobi_pool,,1100101110010110110,00000101110000001,110010111001011011000000101110000001,128,8192,25,152,true,single,36,1.0e-10,64
VQE_reduced_surrogate,73002,2655,2,0.000244140625,715.4994687500011,712.8276999999998,not_in_gurobi_pool,,1100100001110001110,00100000010000110,110010000111000111000100000010000110,128,8192,25,152,true,single,36,1.0e-10,64
VQE_reduced_surrogate,73002,2660,2,0.000244140625,715.72396875,713.0522,not_in_gurobi_pool,,1101111110110001100,00000001000101000,110111111011000110000000001000101000,128,8192,25,152,true,single,36,1.0e-10,64
VQE_reduced_surrogate,73002,2745,2,0.000244140625,729.4220437499973,716.0631999999999,not_in_gurobi_pool,,0011101110111001100,00000100000000000,001110111011100110000000100000000000,128,8192,25,152,true,single,36,1.0e-10,64
VQE_reduced_surrogate,73002,2702,2,0.000244140625,720.9936187499968,739.6959999999997,not_in_gurobi_pool,,1100010000101001110,00000000010101110,110001000010100111000000000010101110,128,8192,25,152,true,single,36,1.0e-10,64
VQE_reduced_surrogate,73002,2727,2,0.000244140625,726.4951187500037,745.1974999999998,not_in_gurobi_pool,,0011111000111010000,10000100000101000,001111100011101000010000100000101000,128,8192,25,152,true,single,36,1.0e-10,64
VQE_reduced_surrogate,73002,2849,2,0.000244140625,748.3422687499926,745.6705,not_in_gurobi_pool,,0011000110000001111,00100100010000110,001100011000000111100100100010000110,128,8192,25,152,true,single,36,1.0e-10,64
VQE_reduced_surrogate,73002,2794,2,0.000244140625,737.785693750006,745.8009999999998,not_in_gurobi_pool,,1100010010110101011,00000000010101010,110001001011010101100000000010101010,128,8192,25,152,true,single,36,1.0e-10,64
VQE_reduced_surrogate,73002,2925,2,0.000244140625,760.8859437500209,747.5270999999997,not_in_gurobi_pool,,0000100110100001100,01100000010000000,000010011010000110001100000010000000,128,8192,25,152,true,single,36,1.0e-10,64
VQE_reduced_surrogate,73002,2803,2,0.000244140625,740.140693750004,748.156,not_in_gurobi_pool,,1100111010110100001,10000001000101000,110011101011010000110000001000101000,128,8192,25,152,true,single,36,1.0e-10,64
VQE_reduced_surrogate,73002,2804,2,0.000244140625,740.3426937499742,748.358,not_in_gurobi_pool,,1100001011000100000,10000101110000000,110000101100010000010000101110000000,128,8192,25,152,true,single,36,1.0e-10,64
VQE_reduced_surrogate,73002,2872,2,0.000244140625,751.4136687499997,748.7418999999999,not_in_gurobi_pool,,0110111000010010101,00010101010110000,011011100001001010100010101010110000,128,8192,25,152,true,single,36,1.0e-10,64
VQE_reduced_surrogate,73002,2953,2,0.000244140625,763.7758437500029,750.4169999999998,not_in_gurobi_pool,,1100101110101010110,00000001000000101,110010111010101011000000001000000101,128,8192,25,152,true,single,36,1.0e-10,64
VQE_reduced_surrogate,73002,3023,2,0.000244140625,775.2418187500061,751.1958999999996,not_in_gurobi_pool,,0110111110110100000,10000000000111000,011011111011010000010000000000111000,128,8192,25,152,true,single,36,1.0e-10,64
VQE_reduced_surrogate,73002,2981,2,0.000244140625,767.7308437500014,754.3719999999997,not_in_gurobi_pool,,1100101101101001110,00000001000000110,110010110110100111000000001000000110,128,8192,25,152,true,single,36,1.0e-10,64
VQE_reduced_surrogate,73002,2841,2,0.000244140625,746.5416937499849,754.5569999999998,not_in_gurobi_pool,,0100111100111101110,00000001000101010,010011110011110111000000001000101010,128,8192,25,152,true,single,36,1.0e-10,64
VQE_reduced_surrogate,73002,2927,2,0.000244140625,761.088768750001,758.4169999999999,not_in_gurobi_pool,,1100010011011001110,00000001011100110,110001001101100111000000001011100110,128,8192,25,152,true,single,36,1.0e-10,64
VQE_reduced_surrogate,73002,3008,2,0.000244140625,772.3423437500101,758.9834999999996,not_in_gurobi_pool,,0011001101011001100,00000111000000000,001100110101100110000000111000000000,128,8192,25,152,true,single,36,1.0e-10,64
VQE_reduced_surrogate,73002,2944,2,0.000244140625,762.447268750007,759.7755,not_in_gurobi_pool,,0101010111011010101,00000001010100000,010101011101101010100000001010100000,128,8192,25,152,true,single,36,1.0e-10,64
VQE_reduced_surrogate,73002,2947,2,0.000244140625,762.6538687500079,759.9821,not_in_gurobi_pool,,0000101010111001110,01000101000000110,000010101011100111001000101000000110,128,8192,25,152,true,single,36,1.0e-10,64
VQE_reduced_surrogate,73002,2952,2,0.000244140625,763.2497687500088,760.5779999999999,not_in_gurobi_pool,,1100001111111011011,00000001000000100,110000111111101101100000001000000100,128,8192,25,152,true,single,36,1.0e-10,64
VQE_reduced_surrogate,73002,3098,2,0.000244140625,790.4750687499879,787.8033000000003,not_in_gurobi_pool,,0100001100011111011,00010101110000000,010000110001111101100010101110000000,128,8192,25,152,true,single,36,1.0e-10,64
VQE_reduced_surrogate,73002,3170,2,0.000244140625,802.0416437499994,788.6827999999997,not_in_gurobi_pool,,1011110010110101011,00000000000101010,101111001011010101100000000000101010,128,8192,25,152,true,single,36,1.0e-10,64
VQE_reduced_surrogate,73002,3045,2,0.000244140625,781.0708937500058,789.0861999999998,not_in_gurobi_pool,,0110010110111010000,10000000010111000,011001011011101000010000000010111000,128,8192,25,152,true,single,36,1.0e-10,64
VQE_reduced_surrogate,73002,3209,2,0.000244140625,808.1911437500044,794.8322999999996,not_in_gurobi_pool,,0100001110101010100,00000001000000000,010000111010101010000000001000000000,128,8192,25,152,true,single,36,1.0e-10,64
VQE_reduced_surrogate,73002,3037,2,0.000244140625,779.3719187499992,798.0743,not_in_gurobi_pool,,0100011010011001100,00000101110100000,010001101001100110000000101110100000,128,8192,25,152,true,single,36,1.0e-10,64
VQE_reduced_surrogate,73002,3165,2,0.000244140625,801.3051687500026,798.6333999999997,not_in_gurobi_pool,,0000010111110100000,11000000010001000,000001011111010000011000000010001000,128,8192,25,152,true,single,36,1.0e-10,64
VQE_reduced_surrogate,73002,3256,2,0.000244140625,814.9186437500027,801.5597999999998,not_in_gurobi_pool,,0011001110110001101,00000100000000000,001100111011000110100000100000000000,128,8192,25,152,true,single,36,1.0e-10,64
VQE_reduced_surrogate,73002,3196,2,0.000244140625,805.7277187500101,824.4300999999998,not_in_gurobi_pool,,0011111000100100000,10000100000101000,001111100010010000010000100000101000,128,8192,25,152,true,single,36,1.0e-10,64
VQE_reduced_surrogate,73002,3382,2,0.000244140625,837.9019437499965,824.5430999999999,not_in_gurobi_pool,,0011000100001010111,00110100010000101,001100010000101011100110100010000101,128,8192,25,152,true,single,36,1.0e-10,64
VQE_reduced_surrogate,73002,3211,2,0.000244140625,808.2101187500068,826.9124999999998,not_in_gurobi_pool,,0110100100111011000,10100000010100000,011010010011101100010100000010100000,128,8192,25,152,true,single,36,1.0e-10,64
VQE_reduced_surrogate,73002,3230,2,0.000244140625,811.9807187499971,830.6830999999997,not_in_gurobi_pool,,0101011100111010001,10000001000101000,010101110011101000110000001000101000,128,8192,25,152,true,single,36,1.0e-10,64
VQE_reduced_surrogate,73002,3434,2,0.000244140625,846.1549437499991,832.7960999999995,not_in_gurobi_pool,,0011101110100110011,00000100000000001,001110111010011001100000100000000001,128,8192,25,152,true,single,36,1.0e-10,64
VQE_reduced_surrogate,73002,3181,2,0.000244140625,803.7350437500002,833.1244999999997,not_in_gurobi_pool,,0110100100111000110,00100000010100111,011010010011100011000100000010100111,128,8192,25,152,true,single,36,1.0e-10,64
VQE_reduced_surrogate,73002,3314,2,0.000244140625,825.9006937500033,833.9159999999997,not_in_gurobi_pool,,1111101110111010000,10000000000100000,111110111011101000010000000000100000,128,8192,25,152,true,single,36,1.0e-10,64
VQE_reduced_surrogate,73002,3484,2,0.000244140625,855.636943749992,842.2780999999998,not_in_gurobi_pool,,0101001110011001110,00000101100000110,010100111001100111000000101100000110,128,8192,25,152,true,single,36,1.0e-10,64
VQE_reduced_surrogate,73002,3517,2,0.000244140625,864.2535937500015,872.2688999999998,not_in_gurobi_pool,,1100010010101100101,00000000010101000,110001001010110010100000000010101000,128,8192,25,152,true,single,36,1.0e-10,64
VQE_reduced_surrogate,73002,3629,2,0.000244140625,889.2932437499892,875.9343999999996,not_in_gurobi_pool,,0011110110101001101,00000000000101000,001111011010100110100000000000101000,128,8192,25,152,true,single,36,1.0e-10,64
VQE_reduced_surrogate,73002,3463,2,0.000244140625,851.7694437499979,881.1588999999999,not_in_gurobi_pool,,1100010111110100000,10000000010101000,110001011111010000010000000010101000,128,8192,25,152,true,single,36,1.0e-10,64
VQE_reduced_surrogate,73002,3528,2,0.000244140625,865.7085187499938,884.4108999999996,not_in_gurobi_pool,,0100011110011011101,00000101110100000,010001111001101110100000101110100000,128,8192,25,152,true,single,36,1.0e-10,64
VQE_reduced_surrogate,73002,3819,2,0.000244140625,925.0569437499901,911.6980999999998,not_in_gurobi_pool,,0110011000101001011,00000000000111110,011001100010100101100000000000111110,128,8192,25,152,true,single,36,1.0e-10,64
VQE_reduced_surrogate,73002,3780,2,0.000244140625,919.4390687500097,916.7672999999998,not_in_gurobi_pool,,0000111000110110000,11000101000001000,000011100011011000011000101000001000,128,8192,25,152,true,single,36,1.0e-10,64
VQE_reduced_surrogate,73002,3793,2,0.000244140625,920.9214687500057,918.2496999999996,not_in_gurobi_pool,,0011001000101100111,00000100000000011,001100100010110011100000100000000011,128,8192,25,152,true,single,36,1.0e-10,64
VQE_reduced_surrogate,73002,3967,2,0.000244140625,953.3630937500002,918.6300999999997,not_in_gurobi_pool,,0110111110100101011,00000000000111010,011011111010010101100000000000111010,128,8192,25,152,true,single,36,1.0e-10,64
VQE_reduced_surrogate,73002,3911,2,0.000244140625,942.7416187500016,918.6956999999999,not_in_gurobi_pool,,0011100110111011000,10100000000000000,001110011011101100010100000000000000,128,8192,25,152,true,single,36,1.0e-10,64
VQE_reduced_surrogate,73002,3631,2,0.000244140625,889.6711437500026,919.0605999999998,not_in_gurobi_pool,,0111101110011010000,10000101000100000,011110111001101000010000101000100000,128,8192,25,152,true,single,36,1.0e-10,64
VQE_reduced_surrogate,73002,3865,2,0.000244140625,932.8515437499977,919.4926999999998,not_in_gurobi_pool,,0011100000111011101,00100000000000000,001110000011101110100100000000000000,128,8192,25,152,true,single,36,1.0e-10,64
VQE_reduced_surrogate,73002,3746,2,0.000244140625,914.0838937500009,922.0991999999999,not_in_gurobi_pool,,0100010010010101100,00000001011100000,010001001001010110000000001011100000,128,8192,25,152,true,single,36,1.0e-10,64
VQE_reduced_surrogate,73002,3757,2,0.000244140625,915.7047937499954,923.7200999999997,not_in_gurobi_pool,,0110111001000001100,00000101010110000,011011100100000110000000101010110000,128,8192,25,152,true,single,36,1.0e-10,64
VQE_reduced_surrogate,73002,3758,2,0.000244140625,915.7302937499892,923.7456,not_in_gurobi_pool,,0111101110111010011,00000000000100101,011110111011101001100000000000100101,128,8192,25,152,true,single,36,1.0e-10,64
VQE_reduced_surrogate,73002,3833,2,0.000244140625,927.4238687500081,924.7520999999996,not_in_gurobi_pool,,0110110010110001100,00000000010111000,011011001011000110000000000010111000,128,8192,25,152,true,single,36,1.0e-10,64
VQE_reduced_surrogate,73002,3919,2,0.000244140625,943.8615937500024,951.8768999999998,not_in_gurobi_pool,,1111101000100110011,00000000000100001,111110100010011001100000000000100001,128,8192,25,152,true,single,36,1.0e-10,64
VQE_reduced_surrogate,73002,3929,2,0.000244140625,946.1955937499984,954.2108999999995,not_in_gurobi_pool,,0111110101001010000,10000000010110000,011111010100101000010000000010110000,128,8192,25,152,true,single,36,1.0e-10,64
VQE_reduced_surrogate,73002,4104,2,0.000244140625,979.8203187500014,955.7743999999997,not_in_gurobi_pool,,1110011110100100000,10000000000111000,111001111010010000010000000000111000,128,8192,25,152,true,single,36,1.0e-10,64
VQE_reduced_surrogate,73002,3952,2,0.000244140625,950.2821937499994,958.2974999999997,not_in_gurobi_pool,,1100010010101001100,00000000010101000,110001001010100110000000000010101000,128,8192,25,152,true,single,36,1.0e-10,64
VQE_reduced_surrogate,73002,3956,2,0.000244140625,951.6496937500099,959.6649999999997,not_in_gurobi_pool,,0011111000100100100,00000100000101000,001111100010010010000000100000101000,128,8192,25,152,true,single,36,1.0e-10,64
VQE_reduced_surrogate,73002,4088,2,0.000244140625,974.7898437499964,961.4309999999996,not_in_gurobi_pool,,0011110110101001100,00000000000101000,001111011010100110000000000000101000,128,8192,25,152,true,single,36,1.0e-10,64
VQE_reduced_surrogate,73002,3972,2,0.000244140625,953.8061937499883,961.8214999999996,not_in_gurobi_pool,,1100010001101001100,00000000010101000,110001000110100110000000000010101000,128,8192,25,152,true,single,36,1.0e-10,64
VQE_reduced_surrogate,73002,3974,2,0.000244140625,954.133193749992,962.1484999999996,not_in_gurobi_pool,,0100111100110111011,00000001000101000,010011110011011101100000001000101000,128,8192,25,152,true,single,36,1.0e-10,64
VQE_reduced_surrogate,73002,4041,2,0.000244140625,967.2367687500046,964.5649999999996,not_in_gurobi_pool,,0011111101100110011,00000100000101001,001111110110011001100000100000101001,128,8192,25,152,true,single,36,1.0e-10,64
VQE_reduced_surrogate,73002,4042,2,0.000244140625,967.6677687500019,964.9959999999996,not_in_gurobi_pool,,0011111101100101011,00000100000101010,001111110110010101100000100000101010,128,8192,25,152,true,single,36,1.0e-10,64
VQE_reduced_surrogate,73002,4212,2,0.000244140625,1000.497393750006,965.7643999999997,not_in_gurobi_pool,,0110111110100100100,00000000000111000,011011111010010010000000000000111000,128,8192,25,152,true,single,36,1.0e-10,64
VQE_reduced_surrogate,73002,4058,2,0.000244140625,969.6083687500011,966.9366,not_in_gurobi_pool,,0000111000110101101,01000101000001000,000011100011010110101000101000001000,128,8192,25,152,true,single,36,1.0e-10,64
VQE_reduced_surrogate,73002,4066,2,0.000244140625,970.8947687499972,968.2229999999997,not_in_gurobi_pool,,1011000111110010011,00100000000000101,101100011111001001100100000000000101,128,8192,25,152,true,single,36,1.0e-10,64
VQE_reduced_surrogate,73002,4125,2,0.000244140625,984.8503437499933,971.4914999999996,not_in_gurobi_pool,,1100101010110101110,00000001000000010,110010101011010111000000001000000010,128,8192,25,152,true,single,36,1.0e-10,64
VQE_reduced_surrogate,73002,4150,2,0.000244140625,990.4044937499837,998.4197999999997,not_in_gurobi_pool,,1100010001101011000,10000000010101000,110001000110101100010000000010101000,128,8192,25,152,true,single,36,1.0e-10,64
VQE_reduced_surrogate,73002,4109,2,0.000244140625,980.8958187500064,999.5981999999999,not_in_gurobi_pool,,0111100010011010000,10100000010100000,011110001001101000010100000010100000,128,8192,25,152,true,single,36,1.0e-10,64
VQE_reduced_surrogate,73002,4075,2,0.000244140625,972.528743749999,1001.9181999999996,not_in_gurobi_pool,,0111101101001010000,10000101000100000,011110110100101000010000101000100000,128,8192,25,152,true,single,36,1.0e-10,64
VQE_reduced_surrogate,73002,4357,2,0.000244140625,1026.8976187500004,1002.8516999999999,not_in_gurobi_pool,,0110111000101001100,00000000000111000,011011100010100110000000000000111000,128,8192,25,152,true,single,36,1.0e-10,64
VQE_reduced_surrogate,73002,4184,2,0.000244140625,995.4474937499976,1003.4627999999998,not_in_gurobi_pool,,1100011000011011101,00010101110100000,110001100001101110100010101110100000,128,8192,25,152,true,single,36,1.0e-10,64
VQE_reduced_surrogate,73002,4196,2,0.000244140625,996.8938937500061,1004.9091999999996,not_in_gurobi_pool,,1111101010111010000,10000000000100000,111110101011101000010000000000100000,128,8192,25,152,true,single,36,1.0e-10,64
VQE_reduced_surrogate,73002,4386,2,0.000244140625,1032.5286187499983,1008.4826999999998,not_in_gurobi_pool,,0110011000110100101,00000000000111000,011001100011010010100000000000111000,128,8192,25,152,true,single,36,1.0e-10,64
VQE_reduced_surrogate,73002,4273,2,0.000244140625,1012.6200687499966,1009.9482999999998,not_in_gurobi_pool,,0011001100111011101,00000100000000000,001100110011101110100000100000000000,128,8192,25,152,true,single,36,1.0e-10,64
VQE_reduced_surrogate,73002,4225,2,0.000244140625,1002.600493749994,1010.6157999999996,not_in_gurobi_pool,,0100111000110110110,00000001000101001,010011100011011011000000001000101001,128,8192,25,152,true,single,36,1.0e-10,64
VQE_reduced_surrogate,73002,4165,2,0.000244140625,992.4685187500093,1011.1708999999996,not_in_gurobi_pool,,0000101111100100000,11000101000000000,000010111110010000011000101000000000,128,8192,25,152,true,single,36,1.0e-10,64
VQE_reduced_surrogate,73002,4263,2,0.000244140625,1010.1160437500002,1039.5054999999995,not_in_gurobi_pool,,0111100100111010000,10100000000100000,011110010011101000010100000000100000,128,8192,25,152,true,single,36,1.0e-10,64
VQE_reduced_surrogate,73002,4410,2,0.000244140625,1036.6187937500022,1044.6340999999998,not_in_gurobi_pool,,1100110110101011100,00000000010101000,110011011010101110000000000010101000,128,8192,25,152,true,single,36,1.0e-10,64
VQE_reduced_surrogate,73002,4428,2,0.000244140625,1039.5991937499955,1047.6145,not_in_gurobi_pool,,1111111000111000100,00000000000111000,111111100011100010000000000000111000,128,8192,25,152,true,single,36,1.0e-10,64
VQE_reduced_surrogate,73002,4515,2,0.000244140625,1054.948868749993,1052.2770999999996,not_in_gurobi_pool,,1100111001101001100,00000001000101000,110011100110100110000000001000101000,128,8192,25,152,true,single,36,1.0e-10,64
VQE_reduced_surrogate,73002,4572,2,0.000244140625,1066.1364437499974,1052.7775999999997,not_in_gurobi_pool,,0101101110101010110,00000001000000101,010110111010101011000000001000000101,128,8192,25,152,true,single,36,1.0e-10,64
VQE_reduced_surrogate,73002,4530,2,0.000244140625,1058.9208687500025,1056.2490999999998,not_in_gurobi_pool,,1100011010110001110,00000001000101110,110001101011000111000000001000101110,128,8192,25,152,true,single,36,1.0e-10,64
VQE_reduced_surrogate,73002,4551,2,0.000244140625,1062.4448687499982,1059.7730999999997,not_in_gurobi_pool,,1100011001111001110,00000001000101110,110001100111100111000000001000101110,128,8192,25,152,true,single,36,1.0e-10,64
VQE_reduced_surrogate,73002,4634,2,0.000244140625,1079.3780937499987,1087.3933999999997,not_in_gurobi_pool,,1100111000110111011,00000001000101000,110011100011011101100000001000101000,128,8192,25,152,true,single,36,1.0e-10,64
VQE_reduced_surrogate,73002,4637,2,0.000244140625,1080.5304937499945,1088.5457999999996,not_in_gurobi_pool,,0111111000111010011,00000000000111101,011111100011101001100000000000111101,128,8192,25,152,true,single,36,1.0e-10,64
VQE_reduced_surrogate,73002,4683,2,0.000244140625,1091.2861687499992,1088.6143999999997,not_in_gurobi_pool,,1100100110100101110,00100000010000010,110010011010010111000100000010000010,128,8192,25,152,true,single,36,1.0e-10,64
VQE_reduced_surrogate,73002,4722,2,0.000244140625,1103.075743750011,1089.7168999999994,not_in_gurobi_pool,,0011101010100101010,00000100000000010,001110101010010101000000100000000010,128,8192,25,152,true,single,36,1.0e-10,64
VQE_reduced_surrogate,73002,4650,2,0.000244140625,1082.367493750002,1090.3828,not_in_gurobi_pool,,0111010101011001010,00000000010110110,011101010101100101000000000010110110,128,8192,25,152,true,single,36,1.0e-10,64
VQE_reduced_surrogate,73002,4785,2,0.000244140625,1114.5892187499953,1090.5432999999998,not_in_gurobi_pool,,0110111001101100001,10000000000111000,011011100110110000110000000000111000,128,8192,25,152,true,single,36,1.0e-10,64
VQE_reduced_surrogate,73002,4786,2,0.000244140625,1114.6902187499923,1090.6442999999995,not_in_gurobi_pool,,0110111001101010000,10000000000111000,011011100110101000010000000000111000,128,8192,25,152,true,single,36,1.0e-10,64
VQE_reduced_surrogate,73002,4749,2,0.000244140625,1106.9452437499958,1093.5863999999995,not_in_gurobi_pool,,1100101010110111011,00000001000000000,110010101011011101100000001000000000,128,8192,25,152,true,single,36,1.0e-10,64
VQE_reduced_surrogate,73002,4586,2,0.000244140625,1068.5109437500023,1097.9003999999995,not_in_gurobi_pool,,0100110011110100000,10000000010101000,010011001111010000010000000010101000,128,8192,25,152,true,single,36,1.0e-10,64
VQE_reduced_surrogate,73002,4744,2,0.000244140625,1106.4287187499901,1125.1310999999998,not_in_gurobi_pool,,0111001100101010011,00000000000100101,011100110010101001100000000000100101,128,8192,25,152,true,single,36,1.0e-10,64
VQE_reduced_surrogate,73002,4754,2,0.000244140625,1108.1742187500054,1126.8765999999998,not_in_gurobi_pool,,0110100100100101101,00100000010100000,011010010010010110100100000010100000,128,8192,25,152,true,single,36,1.0e-10,64
VQE_reduced_surrogate,73002,4869,2,0.000244140625,1132.5539687500052,1129.8821999999996,not_in_gurobi_pool,,0011010100011011100,00010100010100000,001101010001101110000010100010100000,128,8192,25,152,true,single,36,1.0e-10,64
VQE_reduced_surrogate,73002,4848,2,0.000244140625,1127.8453937499937,1135.8606999999997,not_in_gurobi_pool,,1100011000110110110,00000001000101001,110001100011011011000000001000101001,128,8192,25,152,true,single,36,1.0e-10,64
VQE_reduced_surrogate,73002,4897,2,0.000244140625,1140.4454687499979,1137.7736999999995,not_in_gurobi_pool,,1100011001101001101,00000001000101000,110001100110100110100000001000101000,128,8192,25,152,true,single,36,1.0e-10,64
VQE_reduced_surrogate,73002,4979,2,0.000244140625,1159.8640937499956,1167.8793999999996,not_in_gurobi_pool,,0111111000101010011,00000000000111101,011111100010101001100000000000111101,128,8192,25,152,true,single,36,1.0e-10,64
VQE_reduced_surrogate,73002,4935,2,0.000244140625,1150.8120187499974,1169.5143999999998,not_in_gurobi_pool,,0111010100111001010,00000000000111110,011101010011100101000000000000111110,128,8192,25,152,true,single,36,1.0e-10,64
VQE_reduced_surrogate,73002,4996,2,0.000244140625,1163.8750937500001,1171.8904,not_in_gurobi_pool,,0111111110000101011,00000101000110010,011111111000010101100000101000110010,128,8192,25,152,true,single,36,1.0e-10,64
VQE_reduced_surrogate,73002,4918,2,0.000244140625,1146.1609437500015,1175.5503999999996,not_in_gurobi_pool,,0111001110011010000,10000101000100000,011100111001101000010000101000100000,128,8192,25,152,true,single,36,1.0e-10,64
VQE_reduced_surrogate,73002,5087,2,0.000244140625,1182.9801687500074,1180.3083999999994,not_in_gurobi_pool,,0111110011011010000,10000000010110000,011111001101101000010000000010110000,128,8192,25,152,true,single,36,1.0e-10,64
VQE_reduced_surrogate,73002,5113,2,0.000244140625,1188.7253187500003,1207.4276999999995,not_in_gurobi_pool,,1111100010101100000,10100000000100000,111110001010110000010100000000100000,128,8192,25,152,true,single,36,1.0e-10,64
VQE_reduced_surrogate,73002,5128,2,0.000244140625,1191.3873187499964,1210.0896999999995,not_in_gurobi_pool,,1111100100101001110,00100000000100110,111110010010100111000100000000100110,128,8192,25,152,true,single,36,1.0e-10,64
VQE_reduced_surrogate,73002,5255,2,0.000244140625,1216.5725687499933,1213.9007999999997,not_in_gurobi_pool,,0011010100101011110,00000000000101100,001101010010101111000000000000101100,128,8192,25,152,true,single,36,1.0e-10,64
VQE_reduced_surrogate,73002,5297,2,0.000244140625,1228.7656437500048,1215.4067999999997,not_in_gurobi_pool,,0011111000000101110,00010111000100010,001111100000010111000010111000100010,128,8192,25,152,true,single,36,1.0e-10,64
VQE_reduced_surrogate,73002,5109,2,0.000244140625,1187.5928437499972,1216.9822999999997,not_in_gurobi_pool,,1100110011101100000,10000000010101000,110011001110110000010000000010101000,128,8192,25,152,true,single,36,1.0e-10,64
VQE_reduced_surrogate,73002,5221,2,0.000244140625,1210.009393750002,1218.0246999999997,not_in_gurobi_pool,,0111010110111010011,00000000000111101,011101011011101001100000000000111101,128,8192,25,152,true,single,36,1.0e-10,64
VQE_reduced_surrogate,73002,5170,2,0.000244140625,1199.5533187499955,1218.2556999999997,not_in_gurobi_pool,,0111001100011000101,00010101000100000,011100110001100010100010101000100000,128,8192,25,152,true,single,36,1.0e-10,64
VQE_reduced_surrogate,73002,5181,2,0.000244140625,1201.966918749995,1220.6692999999996,not_in_gurobi_pool,,0100100000110111111,00100000010000000,010010000011011111100100000010000000,128,8192,25,152,true,single,36,1.0e-10,64
VQE_reduced_surrogate,73002,5296,2,0.000244140625,1228.5985687500001,1225.9267999999993,not_in_gurobi_pool,,0011110111000110110,00000100010100001,001111011100011011000000100010100001,128,8192,25,152,true,single,36,1.0e-10,64
VQE_reduced_surrogate,73002,5213,2,0.000244140625,1208.3503187499882,1227.0527,not_in_gurobi_pool,,0111001110011001111,00000101000100110,011100111001100111100000101000100110,128,8192,25,152,true,single,36,1.0e-10,64
VQE_reduced_surrogate,73002,5177,2,0.000244140625,1201.339843749997,1230.7292999999995,not_in_gurobi_pool,,1100010011110000110,00000000010101111,110001001111000011000000000010101111,128,8192,25,152,true,single,36,1.0e-10,64
VQE_reduced_surrogate,73002,5371,2,0.000244140625,1246.0996937499967,1254.1149999999998,not_in_gurobi_pool,,0111001100101110011,00000000000100001,011100110010111001100000000000100001,128,8192,25,152,true,single,36,1.0e-10,64
VQE_reduced_surrogate,73002,5515,2,0.000244140625,1280.8570187500102,1256.8110999999994,not_in_gurobi_pool,,0101001100000101100,00010101100000000,010100110000010110000010101100000000,128,8192,25,152,true,single,36,1.0e-10,64
VQE_reduced_surrogate,73002,5382,2,0.000244140625,1249.025293749995,1257.0405999999996,not_in_gurobi_pool,,1100011000101101100,00000001000101000,110001100010110110000000001000101000,128,8192,25,152,true,single,36,1.0e-10,64
VQE_reduced_surrogate,73002,5439,2,0.000244140625,1260.746268749996,1258.0744999999997,not_in_gurobi_pool,,0110111100010111011,00010101010110000,011011110001011101100010101010110000,128,8192,25,152,true,single,36,1.0e-10,64
VQE_reduced_surrogate,73002,5523,2,0.000244140625,1283.387418749999,1259.3414999999998,not_in_gurobi_pool,,0110011000101001100,00000000000111000,011001100010100110000000000000111000,128,8192,25,152,true,single,36,1.0e-10,64
VQE_reduced_surrogate,73002,5389,2,0.000244140625,1251.4246937500068,1259.4399999999996,not_in_gurobi_pool,,0111110010111010000,10000000000111000,011111001011101000010000000000111000,128,8192,25,152,true,single,36,1.0e-10,64
VQE_reduced_surrogate,73002,5390,2,0.000244140625,1251.5536937499958,1259.5689999999997,not_in_gurobi_pool,,0111101010101010011,00000000000100101,011110101010101001100000000000100101,128,8192,25,152,true,single,36,1.0e-10,64
VQE_reduced_surrogate,73002,5308,2,0.000244140625,1231.028143749999,1260.4175999999995,not_in_gurobi_pool,,1100010000110111111,00000000010101000,110001000011011111100000000010101000,128,8192,25,152,true,single,36,1.0e-10,64
VQE_reduced_surrogate,73002,5499,2,0.000244140625,1275.3560437500073,1261.9971999999993,not_in_gurobi_pool,,1001110011100110011,00000000000001001,100111001110011001100000000000001001,128,8192,25,152,true,single,36,1.0e-10,64
VQE_reduced_surrogate,73002,5481,2,0.000244140625,1269.2018687499992,1266.5300999999993,not_in_gurobi_pool,,0011011110101010111,00000100000101101,001101111010101011100000100000101101,128,8192,25,152,true,single,36,1.0e-10,64
VQE_reduced_surrogate,73002,5576,2,0.000244140625,1298.68674375,1285.3278999999993,not_in_gurobi_pool,,1100100100000111001,10110001011000000,110010010000011100110110001011000000,128,8192,25,152,true,single,36,1.0e-10,64
VQE_reduced_surrogate,73002,5435,2,0.000244140625,1260.3418437499993,1289.7312999999997,not_in_gurobi_pool,,0111000100101100000,10100000000100000,011100010010110000010100000000100000,128,8192,25,152,true,single,36,1.0e-10,64
VQE_reduced_surrogate,73002,5520,2,0.000244140625,1283.0879937499988,1291.1032999999993,not_in_gurobi_pool,,0111110100101011000,10000000000111000,011111010010101100010000000000111000,128,8192,25,152,true,single,36,1.0e-10,64
VQE_reduced_surrogate,73002,5539,2,0.000244140625,1286.7759937499948,1294.7912999999994,not_in_gurobi_pool,,0111111000101010001,10000000000111000,011111100010101000110000000000111000,128,8192,25,152,true,single,36,1.0e-10,64
VQE_reduced_surrogate,73002,5585,2,0.000244140625,1300.3556687499995,1297.6838999999993,not_in_gurobi_pool,,1100100110010111000,10100001011000000,110010011001011100010100001011000000,128,8192,25,152,true,single,36,1.0e-10,64
VQE_reduced_surrogate,73002,5601,2,0.000244140625,1304.897068749996,1302.2252999999996,not_in_gurobi_pool,,0111111100111011000,10000000000111000,011111110011101100010000000000111000,128,8192,25,152,true,single,36,1.0e-10,64
VQE_reduced_surrogate,73002,5568,2,0.000244140625,1296.9095937499958,1304.9248999999995,not_in_gurobi_pool,,0100010010100110110,00000000010101001,010001001010011011000000000010101001,128,8192,25,152,true,single,36,1.0e-10,64
VQE_reduced_surrogate,73002,5569,2,0.000244140625,1297.0079937499997,1305.0232999999998,not_in_gurobi_pool,,0111001100011001101,00010101000100000,011100110001100110100010101000100000,128,8192,25,152,true,single,36,1.0e-10,64
VQE_reduced_surrogate,73002,5546,2,0.000244140625,1288.2504187500085,1306.9527999999996,not_in_gurobi_pool,,0110010111101010011,00000000010111101,011001011110101001100000000010111101,128,8192,25,152,true,single,36,1.0e-10,64
VQE_reduced_surrogate,73002,5577,2,0.000244140625,1299.0020937500137,1307.0173999999993,not_in_gurobi_pool,,0011011010110100000,10000100000101000,001101101011010000010000100000101000,128,8192,25,152,true,single,36,1.0e-10,64
VQE_reduced_surrogate,73002,5584,2,0.000244140625,1299.8279937500074,1307.8432999999993,not_in_gurobi_pool,,0111001100110100100,00000000000100000,011100110011010010000000000000100000,128,8192,25,152,true,single,36,1.0e-10,64
VQE_reduced_surrogate,73002,5551,2,0.000244140625,1290.6565187499987,1309.3588999999995,not_in_gurobi_pool,,1100010110110111111,00000000010101000,110001011011011111100000000010101000,128,8192,25,152,true,single,36,1.0e-10,64
VQE_reduced_surrogate,73002,5593,2,0.000244140625,1301.7659937500075,1309.7812999999994,not_in_gurobi_pool,,0111000101011001100,00100000010100000,011100010101100110000100000010100000,128,8192,25,152,true,single,36,1.0e-10,64
VQE_reduced_surrogate,73002,5754,2,0.000244140625,1346.5397937499943,1311.8067999999996,not_in_gurobi_pool,,0110111001101001100,00000000000111000,011011100110100110000000000000111000,128,8192,25,152,true,single,36,1.0e-10,64
VQE_reduced_surrogate,73002,5603,2,0.000244140625,1305.1179937499994,1313.1332999999995,not_in_gurobi_pool,,0111100101110001100,00100000000100000,011110010111000110000100000000100000,128,8192,25,152,true,single,36,1.0e-10,64
VQE_reduced_surrogate,73002,5633,2,0.000244140625,1314.4141437499852,1343.8035999999997,not_in_gurobi_pool,,0111001001000100000,10000101000100000,011100100100010000010000101000100000,128,8192,25,152,true,single,36,1.0e-10,64
VQE_reduced_surrogate,73002,5834,2,0.000244140625,1370.9690187499955,1346.9230999999997,not_in_gurobi_pool,,0110111000110111011,00000000000111000,011011100011011101100000000000111000,128,8192,25,152,true,single,36,1.0e-10,64
VQE_reduced_surrogate,73002,5777,2,0.000244140625,1353.5749687499915,1350.9031999999995,not_in_gurobi_pool,,1100101110100111111,00000001000000000,110010111010011111100000001000000000,128,8192,25,152,true,single,36,1.0e-10,64
VQE_reduced_surrogate,73002,5746,2,0.000244140625,1344.0277937500014,1352.0430999999996,not_in_gurobi_pool,,0110111001001011100,00000101010110000,011011100100101110000000101010110000,128,8192,25,152,true,single,36,1.0e-10,64
VQE_reduced_surrogate,73002,5899,2,0.000244140625,1387.8360937499942,1353.1030999999998,not_in_gurobi_pool,,0110111110100101110,00000000000111010,011011111010010111000000000000111010,128,8192,25,152,true,single,36,1.0e-10,64
VQE_reduced_surrogate,73002,5716,2,0.000244140625,1336.4048187499902,1355.1071999999997,not_in_gurobi_pool,,0100010110110111111,00000000010101000,010001011011011111100000000010101000,128,8192,25,152,true,single,36,1.0e-10,64
VQE_reduced_surrogate,73002,5815,2,0.000244140625,1363.5267187500021,1382.2290999999996,not_in_gurobi_pool,,0001111100100111001,10000101000001000,000111110010011100110000101000001000,128,8192,25,152,true,single,36,1.0e-10,64
VQE_reduced_surrogate,73002,5883,2,0.000244140625,1385.3421687499997,1382.6703999999993,not_in_gurobi_pool,,0110010010101011000,10000000010111000,011001001010101100010000000010111000,128,8192,25,152,true,single,36,1.0e-10,64
VQE_reduced_surrogate,73002,5969,2,0.000244140625,1408.8819187499907,1384.8359999999996,not_in_gurobi_pool,,0011100110100111011,00100000000000000,001110011010011101100100000000000000,128,8192,25,152,true,single,36,1.0e-10,64
VQE_reduced_surrogate,73002,5858,2,0.000244140625,1378.4355937499993,1386.4508999999994,not_in_gurobi_pool,,0111011100111010000,10000000000111000,011101110011101000010000000000111000,128,8192,25,152,true,single,36,1.0e-10,64
VQE_reduced_surrogate,73002,5909,2,0.000244140625,1389.676668749993,1387.0048999999995,not_in_gurobi_pool,,1111111001101010000,10000000000111000,111111100110101000010000000000111000,128,8192,25,152,true,single,36,1.0e-10,64
VQE_reduced_surrogate,73002,5862,2,0.000244140625,1380.3955937500004,1388.4108999999994,not_in_gurobi_pool,,0111100110100100101,00100000000100000,011110011010010010100100000000100000,128,8192,25,152,true,single,36,1.0e-10,64
VQE_reduced_surrogate,73002,5867,2,0.000244140625,1381.0025937500006,1389.0178999999996,not_in_gurobi_pool,,0111010010111010011,00000000000111101,011101001011101001100000000000111101,128,8192,25,152,true,single,36,1.0e-10,64
VQE_reduced_surrogate,73002,5956,2,0.000244140625,1404.559843749998,1391.2009999999993,not_in_gurobi_pool,,0011100111000111011,00100100010000000,001110011100011101100100100010000000,128,8192,25,152,true,single,36,1.0e-10,64
VQE_reduced_surrogate,73002,5814,2,0.000244140625,1363.4909437499955,1392.8803999999993,not_in_gurobi_pool,,0110100011101001011,00100000010100110,011010001110100101100100000010100110,128,8192,25,152,true,single,36,1.0e-10,64
VQE_reduced_surrogate,73002,6015,2,0.000244140625,1421.2654937500029,1429.2807999999995,not_in_gurobi_pool,,1100010110110111001,10000000010101000,110001011011011100110000000010101000,128,8192,25,152,true,single,36,1.0e-10,64
VQE_reduced_surrogate,73002,6143,2,0.000244140625,1456.4602187499856,1432.4143,not_in_gurobi_pool,,0011100110111111001,10100000000000000,001110011011111100110100000000000000,128,8192,25,152,true,single,36,1.0e-10,64
VQE_reduced_surrogate,73002,6059,2,0.000244140625,1436.911568749997,1434.2397999999998,not_in_gurobi_pool,,1100111110110111000,10000001000101000,110011111011011100010000001000101000,128,8192,25,152,true,single,36,1.0e-10,64
VQE_reduced_surrogate,73002,6037,2,0.000244140625,1429.3699937499823,1437.3852999999992,not_in_gurobi_pool,,0011100110010111111,00100100010000000,001110011001011111100100100010000000,128,8192,25,152,true,single,36,1.0e-10,64
VQE_reduced_surrogate,73002,6135,2,0.000244140625,1454.6982437499971,1441.3393999999992,not_in_gurobi_pool,,0001110011101001100,00000000000001000,000111001110100110000000000000001000,128,8192,25,152,true,single,36,1.0e-10,64
VQE_reduced_surrogate,73002,6150,2,0.000244140625,1457.7691937499972,1465.7844999999993,not_in_gurobi_pool,,0111011100101010000,10000000000111000,011101110010101000010000000000111000,128,8192,25,152,true,single,36,1.0e-10,64
VQE_reduced_surrogate,73002,6176,2,0.000244140625,1464.393193749997,1472.4084999999995,not_in_gurobi_pool,,0111001110101001001,10000000000100000,011100111010100100110000000000100000,128,8192,25,152,true,single,36,1.0e-10,64
VQE_reduced_surrogate,73002,6190,2,0.000244140625,1466.7301937499994,1474.7454999999993,not_in_gurobi_pool,,0111011100011000100,00010101000110000,011101110001100010000010101000110000,128,8192,25,152,true,single,36,1.0e-10,64
VQE_reduced_surrogate,73002,6194,2,0.000244140625,1467.2251937499984,1475.2404999999994,not_in_gurobi_pool,,0111100010100100111,00100000000100011,011110001010010011100100000000100011,128,8192,25,152,true,single,36,1.0e-10,64
VQE_reduced_surrogate,73002,6201,2,0.000244140625,1468.6912937499958,1476.7065999999993,not_in_gurobi_pool,,0011110011101010000,10000000000101000,001111001110101000010000000000101000,128,8192,25,152,true,single,36,1.0e-10,64
VQE_reduced_surrogate,73002,6277,2,0.000244140625,1490.3469437500003,1476.9880999999996,not_in_gurobi_pool,,1100101010110111000,10000001000000000,110010101011011100010000001000000000,128,8192,25,152,true,single,36,1.0e-10,64
VQE_reduced_surrogate,73002,6156,2,0.000244140625,1458.7307187499878,1477.4330999999993,not_in_gurobi_pool,,0100111100011111100,00010101110100000,010011110001111110000010101110100000,128,8192,25,152,true,single,36,1.0e-10,64
VQE_reduced_surrogate,73002,6160,2,0.000244140625,1460.6291187500067,1479.3314999999993,not_in_gurobi_pool,,0111000010111000100,00100000000100000,011100001011100010000100000000100000,128,8192,25,152,true,single,36,1.0e-10,64
VQE_reduced_surrogate,73002,6162,2,0.000244140625,1461.2247187500056,1479.9270999999992,not_in_gurobi_pool,,0010010111101111011,00000000010101000,001001011110111101100000000010101000,128,8192,25,152,true,single,36,1.0e-10,64
VQE_reduced_surrogate,73002,6346,2,0.000244140625,1511.2861687500026,1508.6143999999993,not_in_gurobi_pool,,1100100110100111000,10100000010000000,110010011010011100010100000010000000,128,8192,25,152,true,single,36,1.0e-10,64
VQE_reduced_surrogate,73002,6322,2,0.000244140625,1504.1230937499963,1512.1383999999994,not_in_gurobi_pool,,1100010001101111001,10000000010101000,110001000110111100110000000010101000,128,8192,25,152,true,single,36,1.0e-10,64
VQE_reduced_surrogate,73002,6425,2,0.000244140625,1537.208418750007,1513.1624999999995,not_in_gurobi_pool,,0000111000010111000,11010111110000000,000011100001011100011010111110000000,128,8192,25,152,true,single,36,1.0e-10,64
VQE_reduced_surrogate,73002,6337,2,0.000244140625,1508.528093749996,1516.5433999999996,not_in_gurobi_pool,,0100111000110111000,10000001000101000,010011100011011100010000001000101000,128,8192,25,152,true,single,36,1.0e-10,64
VQE_reduced_surrogate,73002,6340,2,0.000244140625,1509.8814937499978,1517.8967999999993,not_in_gurobi_pool,,0111110100110101100,00000000000111000,011111010011010110000000000000111000,128,8192,25,152,true,single,36,1.0e-10,64
VQE_reduced_surrogate,73002,6391,2,0.000244140625,1521.2172687500029,1518.5454999999995,not_in_gurobi_pool,,0000010000110111100,01000000010001000,000001000011011110001000000010001000,128,8192,25,152,true,single,36,1.0e-10,64
VQE_reduced_surrogate,73002,6395,2,0.000244140625,1522.58026874999,1519.9084999999993,not_in_gurobi_pool,,0000100110100111111,01100000010000000,000010011010011111101100000010000000,128,8192,25,152,true,single,36,1.0e-10,64
VQE_reduced_surrogate,73002,6315,2,0.000244140625,1501.8310187499833,1520.5333999999996,not_in_gurobi_pool,,1100111000111111100,00000001000101000,110011100011111110000000001000101000,128,8192,25,152,true,single,36,1.0e-10,64
VQE_reduced_surrogate,73002,6249,2,0.000244140625,1481.432468749993,1521.5089999999996,not_in_gurobi_pool,,0001100110010111101,00100101010000000,000110011001011110100100101010000000,128,8192,25,152,true,single,36,1.0e-10,64
VQE_reduced_surrogate,73002,6362,2,0.000244140625,1515.5180937499958,1523.5333999999996,not_in_gurobi_pool,,0100001100110111100,00000001000000000,010000110011011110000000001000000000,128,8192,25,152,true,single,36,1.0e-10,64
VQE_reduced_surrogate,73002,6404,2,0.000244140625,1527.4102687499947,1524.7384999999997,not_in_gurobi_pool,,0000000110110111101,01100000010000000,000000011011011110101100000010000000,128,8192,25,152,true,single,36,1.0e-10,64
VQE_reduced_surrogate,73002,6414,2,0.000244140625,1531.7825687499992,1529.1107999999992,not_in_gurobi_pool,,0111001110110100110,00000000000100011,011100111011010011000000000000100011,128,8192,25,152,true,single,36,1.0e-10,64
VQE_reduced_surrogate,73002,6366,2,0.000244140625,1516.376018749995,1535.0783999999994,not_in_gurobi_pool,,0100110011110011110,00000000010101100,010011001111001111000000000010101100,128,8192,25,152,true,single,36,1.0e-10,64
VQE_reduced_surrogate,73002,6469,2,0.000244140625,1555.223868749998,1552.5520999999994,not_in_gurobi_pool,,0111111000101011000,10000000000111000,011111100010101100010000000000111000,128,8192,25,152,true,single,36,1.0e-10,64
VQE_reduced_surrogate,73002,6472,2,0.000244140625,1556.0248687500032,1553.3530999999994,not_in_gurobi_pool,,0111011100100110011,00000000000111001,011101110010011001100000000000111001,128,8192,25,152,true,single,36,1.0e-10,64
VQE_reduced_surrogate,73002,6479,2,0.000244140625,1557.4898687500024,1554.8180999999993,not_in_gurobi_pool,,0111011100001100101,00010101000110000,011101110000110010100010101000110000,128,8192,25,152,true,single,36,1.0e-10,64
VQE_reduced_surrogate,73002,6515,2,0.000244140625,1572.6516437499984,1559.2927999999995,not_in_gurobi_pool,,0000111110100111001,11000101000001000,000011111010011100111000101000001000,128,8192,25,152,true,single,36,1.0e-10,64
VQE_reduced_surrogate,73002,6548,2,0.000244140625,1583.3775187499953,1559.3315999999995,not_in_gurobi_pool,,0110111100110111001,10000000000111000,011011110011011100110000000000111000,128,8192,25,152,true,single,36,1.0e-10,64
VQE_reduced_surrogate,73002,6538,2,0.000244140625,1580.845643749995,1567.4867999999994,not_in_gurobi_pool,,0000010110110111100,01000000010001000,000001011011011110001000000010001000,128,8192,25,152,true,single,36,1.0e-10,64
VQE_reduced_surrogate,73002,6566,2,0.000244140625,1589.5601687500032,1586.8883999999996,not_in_gurobi_pool,,0111000100000101000,10110000010100000,011100010000010100010110000010100000,128,8192,25,152,true,single,36,1.0e-10,64
VQE_reduced_surrogate,73002,6521,2,0.000244140625,1576.205618750001,1594.9079999999994,not_in_gurobi_pool,,1100000100100111100,00100000010000000,110000010010011110000100000010000000,128,8192,25,152,true,single,36,1.0e-10,64
VQE_reduced_surrogate,73002,6514,2,0.000244140625,1571.6815437499931,1601.0709999999992,not_in_gurobi_pool,,1100010000110111100,00000000010101000,110001000011011110000000000010101000,128,8192,25,152,true,single,36,1.0e-10,64
VQE_reduced_surrogate,73002,6641,2,0.000244140625,1616.7663437499968,1603.4074999999991,not_in_gurobi_pool,,0011110110110111000,10000000000101000,001111011011011100010000000000101000,128,8192,25,152,true,single,36,1.0e-10,64
VQE_reduced_surrogate,73002,6622,2,0.000244140625,1609.8162687499905,1607.1444999999992,not_in_gurobi_pool,,0011111000010111111,00010111000100000,001111100001011111100010111000100000,128,8192,25,152,true,single,36,1.0e-10,64
VQE_reduced_surrogate,73002,6623,2,0.000244140625,1609.8841687500021,1607.2123999999992,not_in_gurobi_pool,,0111001110101010101,00000000000100000,011100111010101010100000000000100000,128,8192,25,152,true,single,36,1.0e-10,64
VQE_reduced_surrogate,73002,6627,2,0.000244140625,1611.6481687499927,1608.9763999999993,not_in_gurobi_pool,,0111001110101001111,00000000000100110,011100111010100111100000000000100110,128,8192,25,152,true,single,36,1.0e-10,64
VQE_reduced_surrogate,73002,6689,2,0.000244140625,1638.0704687499983,1635.3986999999993,not_in_gurobi_pool,,0111010010000110000,10000000010110000,011101001000011000010000000010110000,128,8192,25,152,true,single,36,1.0e-10,64
VQE_reduced_surrogate,73002,6656,2,0.000244140625,1621.9539187500034,1640.6562999999992,not_in_gurobi_pool,,0100000100100111100,00100000010000000,010000010010011110000100000010000000,128,8192,25,152,true,single,36,1.0e-10,64
VQE_reduced_surrogate,73002,6640,2,0.000244140625,1616.6722437500016,1646.0616999999993,not_in_gurobi_pool,,1111100011101010011,00100000000100101,111110001110101001100100000000100101,128,8192,25,152,true,single,36,1.0e-10,64
VQE_reduced_surrogate,73002,6701,2,0.000244140625,1642.7809937500028,1650.7962999999995,not_in_gurobi_pool,,1100111011101011000,10000001000101000,110011101110101100010000001000101000,128,8192,25,152,true,single,36,1.0e-10,64
VQE_reduced_surrogate,73002,6711,2,0.000244140625,1644.542493750002,1652.5577999999991,not_in_gurobi_pool,,0011001011100100000,10000100000000000,001100101110010000010000100000000000,128,8192,25,152,true,single,36,1.0e-10,64
VQE_reduced_surrogate,73002,6677,2,0.000244140625,1634.6728437499908,1664.0622999999994,not_in_gurobi_pool,,0100110111110111111,00000000010101000,010011011111011111100000000010101000,128,8192,25,152,true,single,36,1.0e-10,64
VQE_reduced_surrogate,73002,6768,2,0.000244140625,1672.8242187499868,1691.5265999999995,not_in_gurobi_pool,,1100111000110111100,00000001000101000,110011100011011110000000001000101000,128,8192,25,152,true,single,36,1.0e-10,64
VQE_reduced_surrogate,73002,6817,2,0.000244140625,1694.2283687499953,1691.5565999999992,not_in_gurobi_pool,,1100101110100111100,00000001000000000,110010111010011110000000001000000000,128,8192,25,152,true,single,36,1.0e-10,64
VQE_reduced_surrogate,73002,6818,2,0.000244140625,1695.3807687500075,1692.7089999999992,not_in_gurobi_pool,,0111001110101010100,00000000000100000,011100111010101010000000000000100000,128,8192,25,152,true,single,36,1.0e-10,64
VQE_reduced_surrogate,73002,6921,2,0.000244140625,1743.9682437499928,1730.6093999999994,not_in_gurobi_pool,,0101001001000111001,10000101100000000,010100100100011100110000101100000000,128,8192,25,152,true,single,36,1.0e-10,64
VQE_reduced_surrogate,73002,6903,2,0.000244140625,1736.7350687499948,1734.0632999999993,not_in_gurobi_pool,,0111001001100110011,00000000000100001,011100100110011001100000000000100001,128,8192,25,152,true,single,36,1.0e-10,64
VQE_reduced_surrogate,73002,6895,2,0.000244140625,1733.785593749996,1741.800899999999,not_in_gurobi_pool,,1100011010110111111,00000001000101000,110001101011011111100000001000101000,128,8192,25,152,true,single,36,1.0e-10,64
VQE_reduced_surrogate,73002,6926,2,0.000244140625,1746.3351687499999,1743.663399999999,not_in_gurobi_pool,,0011011010110110110,00000100000101001,001101101011011011000000100000101001,128,8192,25,152,true,single,36,1.0e-10,64
VQE_reduced_surrogate,73002,6953,2,0.000244140625,1768.3544687500219,1765.6826999999994,not_in_gurobi_pool,,0011100000000111100,00110100010000000,001110000000011110000110100010000000,128,8192,25,152,true,single,36,1.0e-10,64
VQE_reduced_surrogate,73002,6943,2,0.000244140625,1763.8603937500004,1771.875699999999,not_in_gurobi_pool,,0011100110001111100,00100100010000000,001110011000111110000100100010000000,128,8192,25,152,true,single,36,1.0e-10,64
VQE_reduced_surrogate,73002,6970,2,0.000244140625,1774.6083687500063,1771.9365999999993,not_in_gurobi_pool,,0111000100010110110,00110000010100001,011100010001011011000110000010100001,128,8192,25,152,true,single,36,1.0e-10,64
VQE_reduced_surrogate,73002,6993,2,0.000244140625,1787.5465687499968,1784.874799999999,not_in_gurobi_pool,,0001100001110111100,00100000000000000,000110000111011110000100000000000000,128,8192,25,152,true,single,36,1.0e-10,64
VQE_reduced_surrogate,73002,7009,2,0.000244140625,1793.6025187500009,1812.3048999999994,not_in_gurobi_pool,,0111000100101101110,00100000000100010,011100010010110111000100000000100010,128,8192,25,152,true,single,36,1.0e-10,64
VQE_reduced_surrogate,73002,7031,2,0.000244140625,1806.8271937499985,1814.8424999999993,not_in_gurobi_pool,,1100100110100111100,00100000010000000,110010011010011110000100000010000000,128,8192,25,152,true,single,36,1.0e-10,64
VQE_reduced_surrogate,73002,7020,2,0.000244140625,1799.1500187500005,1817.8523999999993,not_in_gurobi_pool,,0110110000110111100,00000000010111000,011011000011011110000000000010111000,128,8192,25,152,true,single,36,1.0e-10,64
VQE_reduced_surrogate,73002,7068,2,0.000244140625,1828.9991937499883,1837.014499999999,not_in_gurobi_pool,,1100101011110111111,00000001000000000,110010101111011111100000001000000000,128,8192,25,152,true,single,36,1.0e-10,64
VQE_reduced_surrogate,73002,7081,2,0.000244140625,1835.0178187500082,1853.7201999999993,not_in_gurobi_pool,,0111000100100101100,00100000000100000,011100010010010110000100000000100000,128,8192,25,152,true,single,36,1.0e-10,64
VQE_reduced_surrogate,73002,7127,2,0.000244140625,1864.3945687500006,1861.722799999999,not_in_gurobi_pool,,1100011010110111001,10000001000101000,110001101011011100110000001000101000,128,8192,25,152,true,single,36,1.0e-10,64
VQE_reduced_surrogate,73002,7099,2,0.000244140625,1843.8174187499885,1862.5197999999993,not_in_gurobi_pool,,1100011000110111100,00000001000101000,110001100011011110000000001000101000,128,8192,25,152,true,single,36,1.0e-10,64
VQE_reduced_surrogate,73002,7139,2,0.000244140625,1868.1926687499933,1865.5208999999995,not_in_gurobi_pool,,0000111110100111100,01000101000001000,000011111010011110001000101000001000,128,8192,25,152,true,single,36,1.0e-10,64
VQE_reduced_surrogate,73002,7120,2,0.000244140625,1857.5454937499937,1865.5607999999995,not_in_gurobi_pool,,0010111110100111100,00000100000101000,001011111010011110000000100000101000,128,8192,25,152,true,single,36,1.0e-10,64
VQE_reduced_surrogate,73002,7171,2,0.000244140625,1897.3426187500052,1873.2966999999992,not_in_gurobi_pool,,0110111011101010100,00000000000111000,011011101110101010000000000000111000,128,8192,25,152,true,single,36,1.0e-10,64
VQE_reduced_surrogate,73002,7178,2,0.000244140625,1900.8091937500028,1908.8244999999993,not_in_gurobi_pool,,0111000010110101101,00100000000100000,011100001011010110100100000000100000,128,8192,25,152,true,single,36,1.0e-10,64
VQE_reduced_surrogate,73002,7190,2,0.000244140625,1914.3522687500079,1911.680499999999,not_in_gurobi_pool,,0111111111100101011,00000000000111010,011111111110010101100000000000111010,128,8192,25,152,true,single,36,1.0e-10,64
VQE_reduced_surrogate,73002,7228,2,0.000244140625,1952.2466687499946,1949.574899999999,not_in_gurobi_pool,,1101100111000111100,00100001010000000,110110011100011110000100001010000000,128,8192,25,152,true,single,36,1.0e-10,64
VQE_reduced_surrogate,73002,7240,2,0.000244140625,1960.3256437499954,1989.715099999999,not_in_gurobi_pool,,0111100011101010000,10100000000100000,011110001110101000010100000000100000,128,8192,25,152,true,single,36,1.0e-10,64
VQE_reduced_surrogate,73002,7302,2,0.000244140625,2015.393443750001,2002.0345999999986,not_in_gurobi_pool,,0110111011101000110,00000000000111111,011011101110100011000000000000111111,128,8192,25,152,true,single,36,1.0e-10,64
VQE_reduced_surrogate,73002,7298,2,0.000244140625,2012.8816187499933,2031.5839999999987,not_in_gurobi_pool,,0100010010100111100,00000000010101000,010001001010011110000000000010101000,128,8192,25,152,true,single,36,1.0e-10,64
VQE_reduced_surrogate,73002,7301,2,0.000244140625,2014.5285187500024,2033.2308999999987,not_in_gurobi_pool,,0110111010000111100,00000101010110000,011011101000011110000000101010110000,128,8192,25,152,true,single,36,1.0e-10,64
VQE_reduced_surrogate,73002,7305,2,0.000244140625,2019.0845187500047,2037.7868999999985,not_in_gurobi_pool,,0110000110110111100,00100000010100000,011000011011011110000100000010100000,128,8192,25,152,true,single,36,1.0e-10,64
VQE_reduced_surrogate,73002,7346,2,0.000244140625,2048.225268749992,2045.5534999999988,not_in_gurobi_pool,,0011101011101101100,00000100000000000,001110101110110110000000100000000000,128,8192,25,152,true,single,36,1.0e-10,64
VQE_reduced_surrogate,73002,7372,2,0.000244140625,2076.7903937499987,2084.8056999999985,not_in_gurobi_pool,,0111110111101011111,00000000000111100,011111011110101111100000000000111100,128,8192,25,152,true,single,36,1.0e-10,64
VQE_reduced_surrogate,73002,7412,2,0.000244140625,2135.4383437500032,2122.079499999999,not_in_gurobi_pool,,0110001110100111100,00000000000100000,011000111010011110000000000000100000,128,8192,25,152,true,single,36,1.0e-10,64
VQE_reduced_surrogate,73002,7405,2,0.000244140625,2125.20779374998,2133.223099999999,not_in_gurobi_pool,,0011101111100111111,00000100000000000,001110111110011111100000100000000000,128,8192,25,152,true,single,36,1.0e-10,64
VQE_reduced_surrogate,73002,7422,2,0.000244140625,2149.926993750002,2157.9422999999983,not_in_gurobi_pool,,0111000100010111111,00110000010100000,011100010001011111100110000010100000,128,8192,25,152,true,single,36,1.0e-10,64
VQE_reduced_surrogate,73002,7442,2,0.000244140625,2173.7850687499745,2171.1132999999986,not_in_gurobi_pool,,0111111110111111101,00000000000111000,011111111011111110100000000000111000,128,8192,25,152,true,single,36,1.0e-10,64
VQE_reduced_surrogate,73002,7454,2,0.000244140625,2192.663293750001,2200.6785999999984,not_in_gurobi_pool,,0111001100110111000,10000000000100000,011100110011011100010000000000100000,128,8192,25,152,true,single,36,1.0e-10,64
VQE_reduced_surrogate,73002,7450,2,0.000244140625,2189.6122187499964,2208.3145999999983,not_in_gurobi_pool,,0111001011101100000,10000000000100000,011100101110110000010000000000100000,128,8192,25,152,true,single,36,1.0e-10,64
VQE_reduced_surrogate,73002,7468,2,0.000244140625,2209.8932937499885,2217.9085999999984,not_in_gurobi_pool,,0111101111100101110,00000000000100010,011110111110010111000000000000100010,128,8192,25,152,true,single,36,1.0e-10,64
VQE_reduced_surrogate,73002,7488,2,0.000244140625,2242.5430187499933,2261.2453999999984,not_in_gurobi_pool,,0110110111110111100,00000000010111000,011011011111011110000000000010111000,128,8192,25,152,true,single,36,1.0e-10,64
VQE_reduced_surrogate,73002,7516,2,0.000244140625,2279.393893750007,2287.4091999999982,not_in_gurobi_pool,,0111100010110111000,10100000000100000,011110001011011100010100000000100000,128,8192,25,152,true,single,36,1.0e-10,64
VQE_reduced_surrogate,73002,7506,2,0.000244140625,2269.5038187499945,2288.2061999999987,not_in_gurobi_pool,,0111110000110111100,00000000000111000,011111000011011110000000000000111000,128,8192,25,152,true,single,36,1.0e-10,64
VQE_reduced_surrogate,73002,7527,2,0.000244140625,2303.5739687500045,2300.9021999999986,not_in_gurobi_pool,,0111111011101010101,00000000000111000,011111101110101010100000000000111000,128,8192,25,152,true,single,36,1.0e-10,64
VQE_reduced_surrogate,73002,7543,2,0.000244140625,2337.7882687500023,2335.1164999999983,not_in_gurobi_pool,,0111001110110111000,10000000000100000,011100111011011100010000000000100000,128,8192,25,152,true,single,36,1.0e-10,64
VQE_reduced_surrogate,73002,7577,2,0.000244140625,2423.646943750002,2453.036399999998,not_in_gurobi_pool,,0111000100101111100,00100000000100000,011100010010111110000100000000100000,128,8192,25,152,true,single,36,1.0e-10,64
VQE_reduced_surrogate,73002,7603,2,0.000244140625,2504.1723937499974,2512.1876999999986,not_in_gurobi_pool,,0111010111100101110,00000000000111010,011101011110010111000000000000111010,128,8192,25,152,true,single,36,1.0e-10,64
VQE_reduced_surrogate,73002,7605,2,0.000244140625,2507.1213937499992,2515.1366999999977,not_in_gurobi_pool,,0111111011101000110,00000000000111111,011111101110100011000000000000111111,128,8192,25,152,true,single,36,1.0e-10,64
VQE_reduced_surrogate,73002,7616,2,0.000244140625,2547.832693749995,2555.8479999999986,not_in_gurobi_pool,,0111001110110111100,00000000000100000,011100111011011110000000000000100000,128,8192,25,152,true,single,36,1.0e-10,64
VQE_reduced_surrogate,73002,7629,2,0.000244140625,2595.105068749993,2592.4332999999983,not_in_gurobi_pool,,0111111110100111100,00000000000111000,011111111010011110000000000000111000,128,8192,25,152,true,single,36,1.0e-10,64
VQE_reduced_surrogate,73002,7656,2,0.000244140625,2772.261268749993,2769.589499999998,not_in_gurobi_pool,,0111011110110111100,00000000000111000,011101111011011110000000000000111000,128,8192,25,152,true,single,36,1.0e-10,64
VQE_reduced_surrogate,73002,1,1,0.0001220703125,-4.144481249999217,14.557899999999947,gurobi_pool,14.5579,1100110110011010011,00000001011100101,110011011001101001100000001011100101,128,8192,25,152,true,single,36,1.0e-10,64
VQE_reduced_surrogate,73002,3,1,0.0001220703125,25.5067437500054,54.89619999999986,not_in_gurobi_pool,,1100110100111001011,00000000010101110,110011010011100101100000000010101110,128,8192,25,152,true,single,36,1.0e-10,64
VQE_reduced_surrogate,73002,4,1,0.0001220703125,29.892743750000136,59.282199999999705,not_in_gurobi_pool,,1100110100110000101,00000000010101000,110011010011000010100000000010101000,128,8192,25,152,true,single,36,1.0e-10,64
VQE_reduced_surrogate,73002,5,1,0.0001220703125,52.692993749993775,60.70829999999996,not_in_gurobi_pool,,0000010110011001011,01000101011000110,000001011001100101101000101011000110,128,8192,25,152,true,single,36,1.0e-10,64
VQE_reduced_surrogate,73002,6,1,0.0001220703125,75.25271874999976,93.95509999999985,not_in_gurobi_pool,,1001110000011010011,00010101010000101,100111000001101001100010101010000101,128,8192,25,152,true,single,36,1.0e-10,64
VQE_reduced_surrogate,73002,12,1,0.0001220703125,100.553268749994,97.88149999999993,not_in_gurobi_pool,,1100110110011000000,10001001011100000,110011011001100000010001001011100000,128,8192,25,152,true,single,36,1.0e-10,64
VQE_reduced_surrogate,73002,13,1,0.0001220703125,101.88626874999318,99.21449999999987,not_in_gurobi_pool,,1100110110011000011,00001001011100111,110011011001100001100001001011100111,128,8192,25,152,true,single,36,1.0e-10,64
VQE_reduced_surrogate,73002,7,1,0.0001220703125,81.25111874999834,99.95349999999982,not_in_gurobi_pool,,1100110110011100010,00000001011100011,110011011001110001000000001011100011,128,8192,25,152,true,single,36,1.0e-10,64
VQE_reduced_surrogate,73002,8,1,0.0001220703125,81.35211874999709,100.05449999999988,not_in_gurobi_pool,,1100010110011010011,00000001011100101,110001011001101001100000001011100101,128,8192,25,152,true,single,36,1.0e-10,64
VQE_reduced_surrogate,73002,9,1,0.0001220703125,81.78311874999713,100.48549999999992,not_in_gurobi_pool,,1100010110011001011,00000001011100110,110001011001100101100000001011100110,128,8192,25,152,true,single,36,1.0e-10,64
VQE_reduced_surrogate,73002,11,1,0.0001220703125,92.60029375000909,100.6155999999998,not_in_gurobi_pool,,0000000000111001011,01100000010000110,000000000011100101101100000010000110,128,8192,25,152,true,single,36,1.0e-10,64
VQE_reduced_surrogate,73002,10,1,0.0001220703125,86.16911874999778,104.87149999999988,not_in_gurobi_pool,,1100110110010000100,00000001011100000,110011011001000010000000001011100000,128,8192,25,152,true,single,36,1.0e-10,64
VQE_reduced_surrogate,73002,39,1,0.0001220703125,144.6326437499804,131.27379999999997,not_in_gurobi_pool,,0100110000000000000,10011001011100000,010011000000000000010011001011100000,128,8192,25,152,true,single,36,1.0e-10,64
VQE_reduced_surrogate,73002,40,1,0.0001220703125,144.63264374998607,131.27379999999997,not_in_gurobi_pool,,0100110100000000000,10011001011100000,010011010000000000010011001011100000,128,8192,25,152,true,single,36,1.0e-10,64
VQE_reduced_surrogate,73002,24,1,0.0001220703125,129.7734937499995,137.78879999999975,not_in_gurobi_pool,,1100110100111000000,10001000010101000,110011010011100000010001000010101000,128,8192,25,152,true,single,36,1.0e-10,64
VQE_reduced_surrogate,73002,35,1,0.0001220703125,141.2931687500061,138.6213999999996,not_in_gurobi_pool,,1001110100111100001,10000000000001000,100111010011110000110000000000001000,128,8192,25,152,true,single,36,1.0e-10,64
VQE_reduced_surrogate,73002,26,1,0.0001220703125,131.49459374999287,139.50990000000002,not_in_gurobi_pool,,0000010110001100011,01000101011000011,000001011000110001101000101011000011,128,8192,25,152,true,single,36,1.0e-10,64
VQE_reduced_surrogate,73002,37,1,0.0001220703125,142.25266874999738,139.58089999999993,not_in_gurobi_pool,,0000110000011010011,01010101011000101,000011000001101001101010101011000101,128,8192,25,152,true,single,36,1.0e-10,64
VQE_reduced_surrogate,73002,28,1,0.0001220703125,131.5955937499857,139.6108999999999,not_in_gurobi_pool,,0000010110001010011,01000101011000101,000001011000101001101000101011000101,128,8192,25,152,true,single,36,1.0e-10,64
VQE_reduced_surrogate,73002,16,1,0.0001220703125,121.25941874999353,139.9617999999998,not_in_gurobi_pool,,1100000100111010011,00100000010000101,110000010011101001100100000010000101,128,8192,25,152,true,single,36,1.0e-10,64
VQE_reduced_surrogate,73002,29,1,0.0001220703125,132.02549374999535,140.04079999999996,not_in_gurobi_pool,,0100110100011001011,00010001011100110,010011010001100101100010001011100110,128,8192,25,152,true,single,36,1.0e-10,64
VQE_reduced_surrogate,73002,30,1,0.0001220703125,132.04009375000055,140.0553999999997,not_in_gurobi_pool,,1001100000111010011,00100000000000101,100110000011101001100100000000000101,128,8192,25,152,true,single,36,1.0e-10,64
VQE_reduced_surrogate,73002,18,1,0.0001220703125,122.76741875000039,141.46979999999994,not_in_gurobi_pool,,1100110110011010000,10000001011100000,110011011001101000010000001011100000,128,8192,25,152,true,single,36,1.0e-10,64
VQE_reduced_surrogate,73002,19,1,0.0001220703125,122.89641874999256,141.59879999999993,not_in_gurobi_pool,,1100101110001010011,00000101110000101,110010111000101001100000101110000101,128,8192,25,152,true,single,36,1.0e-10,64
VQE_reduced_surrogate,73002,33,1,0.0001220703125,134.78749374999006,142.80279999999988,not_in_gurobi_pool,,1100100110011010011,00100001011000101,110010011001101001100100001011000101,128,8192,25,152,true,single,36,1.0e-10,64
VQE_reduced_surrogate,73002,41,1,0.0001220703125,145.60466875000043,142.93289999999976,not_in_gurobi_pool,,0000110100110010011,01000000010001101,000011010011001001101000000010001101,128,8192,25,152,true,single,36,1.0e-10,64
VQE_reduced_surrogate,73002,42,1,0.0001220703125,145.72716874999855,143.0553999999997,not_in_gurobi_pool,,0001010100111010011,00000000000001101,000101010011101001100000000000001101,128,8192,25,152,true,single,36,1.0e-10,64
VQE_reduced_surrogate,73002,20,1,0.0001220703125,126.2184187500036,144.9207999999998,not_in_gurobi_pool,,1100111100111010011,00000001000101101,110011110011101001100000001000101101,128,8192,25,152,true,single,36,1.0e-10,64
VQE_reduced_surrogate,73002,43,1,0.0001220703125,148.26056874998562,145.5888000000001,not_in_gurobi_pool,,1100101110010000001,10001101110000000,110010111001000000110001101110000000,128,8192,25,152,true,single,36,1.0e-10,64
VQE_reduced_surrogate,73002,34,1,0.0001220703125,138.1895937499994,146.20489999999995,not_in_gurobi_pool,,0000110010011001011,01000101011000110,000011001001100101101000101011000110,128,8192,25,152,true,single,36,1.0e-10,64
VQE_reduced_surrogate,73002,22,1,0.0001220703125,127.53141874999051,146.2337999999999,not_in_gurobi_pool,,0100010110011001011,00000001011100110,010001011001100101100000001011100110,128,8192,25,152,true,single,36,1.0e-10,64
VQE_reduced_surrogate,73002,21,1,0.0001220703125,127.53141874999642,146.23379999999995,not_in_gurobi_pool,,0100110110011001010,00000001011100110,010011011001100101000000001011100110,128,8192,25,152,true,single,36,1.0e-10,64
VQE_reduced_surrogate,73002,23,1,0.0001220703125,129.05941874999053,147.76179999999994,not_in_gurobi_pool,,1100101110010010011,00000101110000101,110010111001001001100000101110000101,128,8192,25,152,true,single,36,1.0e-10,64
VQE_reduced_surrogate,73002,25,1,0.0001220703125,131.05541875000222,149.7578,not_in_gurobi_pool,,0100110101010001011,00000001011100110,010011010101000101100000001011100110,128,8192,25,152,true,single,36,1.0e-10,64
VQE_reduced_surrogate,73002,48,1,0.0001220703125,153.78556874999754,151.11379999999997,not_in_gurobi_pool,,1100101110111010011,00000001000000101,110010111011101001100000001000000101,128,8192,25,152,true,single,36,1.0e-10,64
VQE_reduced_surrogate,73002,38,1,0.0001220703125,144.50449375001472,152.51979999999972,not_in_gurobi_pool,,1100110111011010011,00000001011100101,110011011101101001100000001011100101,128,8192,25,152,true,single,36,1.0e-10,64
VQE_reduced_surrogate,73002,50,1,0.0001220703125,165.17979374997776,173.19509999999985,not_in_gurobi_pool,,1100010000001010011,00010001011100101,110001000000101001100010001011100101,128,8192,25,152,true,single,36,1.0e-10,64
VQE_reduced_surrogate,73002,74,1,0.0001220703125,179.88686874997143,177.21509999999992,not_in_gurobi_pool,,1100010110000000000,10001001011100000,110001011000000000010001001011100000,128,8192,25,152,true,single,36,1.0e-10,64
VQE_reduced_surrogate,73002,59,1,0.0001220703125,171.40189375000614,179.41719999999975,not_in_gurobi_pool,,0000000100101100011,01100000010000011,000000010010110001101100000010000011,128,8192,25,152,true,single,36,1.0e-10,64
VQE_reduced_surrogate,73002,44,1,0.0001220703125,150.0622437499992,179.45169999999985,not_in_gurobi_pool,,1001100000011010011,00110101010000101,100110000001101001100110101010000101,128,8192,25,152,true,single,36,1.0e-10,64
VQE_reduced_surrogate,73002,45,1,0.0001220703125,150.15764374999753,179.54709999999972,not_in_gurobi_pool,,0100110100101010011,00000000010101101,010011010010101001100000000010101101,128,8192,25,152,true,single,36,1.0e-10,64
VQE_reduced_surrogate,73002,61,1,0.0001220703125,171.93389375000356,179.9491999999998,not_in_gurobi_pool,,0000000100101001011,01100000010000110,000000010010100101101100000010000110,128,8192,25,152,true,single,36,1.0e-10,64
VQE_reduced_surrogate,73002,46,1,0.0001220703125,150.59964374999709,179.98909999999972,not_in_gurobi_pool,,0010110100101001011,00000000010101110,001011010010100101100000000010101110,128,8192,25,152,true,single,36,1.0e-10,64
VQE_reduced_surrogate,73002,97,1,0.0001220703125,204.67661875000817,180.63069999999965,not_in_gurobi_pool,,1001110000110000000,10001000000001000,100111000011000000010001000000001000,128,8192,25,152,true,single,36,1.0e-10,64
VQE_reduced_surrogate,73002,98,1,0.0001220703125,204.67661875000226,180.63069999999965,not_in_gurobi_pool,,1001110000110000001,10001000000001000,100111000011000000110001000000001000,128,8192,25,152,true,single,36,1.0e-10,64
VQE_reduced_surrogate,73002,47,1,0.0001220703125,151.98764375000133,181.37709999999976,not_in_gurobi_pool,,1100110100111010000,10000000010101000,110011010011101000010000000010101000,128,8192,25,152,true,single,36,1.0e-10,64
VQE_reduced_surrogate,73002,65,1,0.0001220703125,173.49079374999565,181.50609999999983,not_in_gurobi_pool,,1100101000100010011,00000001000000101,110010100010001001100000001000000101,128,8192,25,152,true,single,36,1.0e-10,64
VQE_reduced_surrogate,73002,78,1,0.0001220703125,185.46086874999492,182.78909999999996,not_in_gurobi_pool,,0100100000011001011,00110001011000110,010010000001100101100110001011000110,128,8192,25,152,true,single,36,1.0e-10,64
VQE_reduced_surrogate,73002,49,1,0.0001220703125,164.64071875000013,183.34309999999977,not_in_gurobi_pool,,1100110001001001011,00000001011100110,110011000100100101100000001011100110,128,8192,25,152,true,single,36,1.0e-10,64
VQE_reduced_surrogate,73002,85,1,0.0001220703125,196.86704374999908,183.50819999999976,not_in_gurobi_pool,,0000000000110000001,11101000010000000,000000000011000000111101000010000000,128,8192,25,152,true,single,36,1.0e-10,64
VQE_reduced_surrogate,73002,51,1,0.0001220703125,165.77481875000308,184.4771999999998,not_in_gurobi_pool,,0000101100101010011,01000101000000101,000010110010101001101000101000000101,128,8192,25,152,true,single,36,1.0e-10,64
VQE_reduced_surrogate,73002,52,1,0.0001220703125,166.84871874999362,185.55109999999985,not_in_gurobi_pool,,1100010010011010011,00000001011100101,110001001001101001100000001011100101,128,8192,25,152,true,single,36,1.0e-10,64
VQE_reduced_surrogate,73002,67,1,0.0001220703125,177.66589375000308,185.68119999999976,not_in_gurobi_pool,,0000100000111010011,01100000010000101,000010000011101001101100000010000101,128,8192,25,152,true,single,36,1.0e-10,64
VQE_reduced_surrogate,73002,68,1,0.0001220703125,177.66589375000012,185.68119999999976,not_in_gurobi_pool,,0000100100111010011,01100000010000101,000010010011101001101100000010000101,128,8192,25,152,true,single,36,1.0e-10,64
VQE_reduced_surrogate,73002,53,1,0.0001220703125,167.00771874999236,185.71009999999978,not_in_gurobi_pool,,0100100100111010011,00100000010000101,010010010011101001100100000010000101,128,8192,25,152,true,single,36,1.0e-10,64
VQE_reduced_surrogate,73002,54,1,0.0001220703125,167.00771874998577,185.71009999999978,not_in_gurobi_pool,,0100000000111010011,00100000010000101,010000000011101001100100000010000101,128,8192,25,152,true,single,36,1.0e-10,64
VQE_reduced_surrogate,73002,55,1,0.0001220703125,167.01871874999324,185.72109999999975,not_in_gurobi_pool,,0010000100111010011,00100000010000101,001000010011101001100100000010000101,128,8192,25,152,true,single,36,1.0e-10,64
VQE_reduced_surrogate,73002,69,1,0.0001220703125,178.09689375001562,186.11219999999986,not_in_gurobi_pool,,0000000100111001010,01100000010000110,000000010011100101001100000010000110,128,8192,25,152,true,single,36,1.0e-10,64
VQE_reduced_surrogate,73002,57,1,0.0001220703125,167.4387187499949,186.14109999999982,not_in_gurobi_pool,,0100000000111001011,00100000010000110,010000000011100101100100000010000110,128,8192,25,152,true,single,36,1.0e-10,64
VQE_reduced_surrogate,73002,81,1,0.0001220703125,189.57386874998497,186.90209999999993,not_in_gurobi_pool,,1100110001011000000,10001001011100000,110011000101100000010001001011100000,128,8192,25,152,true,single,36,1.0e-10,64
VQE_reduced_surrogate,73002,71,1,0.0001220703125,179.63429375000123,187.64959999999962,not_in_gurobi_pool,,1101110100110000101,00000000000101000,110111010011000010100000000000101000,128,8192,25,152,true,single,36,1.0e-10,64
VQE_reduced_surrogate,73002,72,1,0.0001220703125,179.73279374998742,187.74810000000002,not_in_gurobi_pool,,0100101100011001011,00010101110000110,010010110001100101100010101110000110,128,8192,25,152,true,single,36,1.0e-10,64
VQE_reduced_surrogate,73002,73,1,0.0001220703125,179.7762937499956,187.79160000000002,not_in_gurobi_pool,,1101101100111010011,00000001000000101,110110110011101001100000001000000101,128,8192,25,152,true,single,36,1.0e-10,64
VQE_reduced_surrogate,73002,75,1,0.0001220703125,180.08479375000093,188.10009999999988,not_in_gurobi_pool,,1100101000110001011,00000001000000110,110010100011000101100000001000000110,128,8192,25,152,true,single,36,1.0e-10,64
VQE_reduced_surrogate,73002,58,1,0.0001220703125,170.37371874999144,189.0761000000001,not_in_gurobi_pool,,1100101110011100000,10000101110000000,110010111001110000010000101110000000,128,8192,25,152,true,single,36,1.0e-10,64
VQE_reduced_surrogate,73002,60,1,0.0001220703125,171.66571874999772,190.36809999999988,not_in_gurobi_pool,,1100110110011000100,00000001011100000,110011011001100010000000001011100000,128,8192,25,152,true,single,36,1.0e-10,64
VQE_reduced_surrogate,73002,62,1,0.0001220703125,171.9667187499956,190.66910000000001,not_in_gurobi_pool,,0100111100111010011,00000001000101101,010011110011101001100000001000101101,128,8192,25,152,true,single,36,1.0e-10,64
VQE_reduced_surrogate,73002,63,1,0.0001220703125,172.39771874999565,191.10010000000005,not_in_gurobi_pool,,0100111100111001011,00000001000101110,010011110011100101100000001000101110,128,8192,25,152,true,single,36,1.0e-10,64
VQE_reduced_surrogate,73002,64,1,0.0001220703125,172.40871874999516,191.11110000000002,not_in_gurobi_pool,,0010111100111001011,00000100000101110,001011110011100101100000100000101110,128,8192,25,152,true,single,36,1.0e-10,64
VQE_reduced_surrogate,73002,76,1,0.0001220703125,183.7657937499905,191.7810999999999,not_in_gurobi_pool,,1100101110011011011,00000101110000100,110010111001101101100000101110000100,128,8192,25,152,true,single,36,1.0e-10,64
VQE_reduced_surrogate,73002,99,1,0.0001220703125,205.23304374999816,191.8741999999998,not_in_gurobi_pool,,0000010110111010011,01000000010001101,000001011011101001101000000010001101,128,8192,25,152,true,single,36,1.0e-10,64
VQE_reduced_surrogate,73002,77,1,0.0001220703125,184.4907937499936,192.50609999999983,not_in_gurobi_pool,,0100000001011001011,00100001011000110,010000000101100101100100001011000110,128,8192,25,152,true,single,36,1.0e-10,64
VQE_reduced_surrogate,73002,66,1,0.0001220703125,175.23871874998736,193.9411,not_in_gurobi_pool,,0100101010011001011,00000101110000110,010010101001100101100000101110000110,128,8192,25,152,true,single,36,1.0e-10,64
VQE_reduced_surrogate,73002,86,1,0.0001220703125,197.22986874999788,194.5580999999998,not_in_gurobi_pool,,1100101100110100111,00000001000000011,110010110011010011100000001000000011,128,8192,25,152,true,single,36,1.0e-10,64
VQE_reduced_surrogate,73002,80,1,0.0001220703125,187.94879375001005,195.96409999999997,not_in_gurobi_pool,,1100110101010100111,00000001011100011,110011010101010011100000001011100011,128,8192,25,152,true,single,36,1.0e-10,64
VQE_reduced_surrogate,73002,91,1,0.0001220703125,200.91096874999994,198.23919999999998,not_in_gurobi_pool,,0000010111011010011,01000101011000101,000001011101101001101000101011000101,128,8192,25,152,true,single,36,1.0e-10,64
VQE_reduced_surrogate,73002,95,1,0.0001220703125,203.0578687499958,200.38609999999983,not_in_gurobi_pool,,0100101101111010011,00000001000000101,010010110111101001100000001000000101,128,8192,25,152,true,single,36,1.0e-10,64
VQE_reduced_surrogate,73002,100,1,0.0001220703125,206.5950937499856,214.61039999999994,not_in_gurobi_pool,,1100110000001010000,10010001011100000,110011000000101000010010001011100000,128,8192,25,152,true,single,36,1.0e-10,64
VQE_reduced_surrogate,73002,103,1,0.0001220703125,207.02609374998883,215.04139999999998,not_in_gurobi_pool,,1100110000001001001,10010001011100000,110011000000100100110010001011100000,128,8192,25,152,true,single,36,1.0e-10,64
VQE_reduced_surrogate,73002,136,1,0.0001220703125,218.51416874999222,215.84240000000003,not_in_gurobi_pool,,1100100100000100011,00110001011000011,110010010000010001100110001011000011,128,8192,25,152,true,single,36,1.0e-10,64
VQE_reduced_surrogate,73002,137,1,0.0001220703125,218.61516874999006,215.9433999999999,not_in_gurobi_pool,,1100100100001010011,00110001011000101,110010010000101001100110001011000101,128,8192,25,152,true,single,36,1.0e-10,64
VQE_reduced_surrogate,73002,139,1,0.0001220703125,219.05716874999325,216.38539999999992,not_in_gurobi_pool,,1010100100000001011,00110100011000110,101010010000000101100110100011000110,128,8192,25,152,true,single,36,1.0e-10,64
VQE_reduced_surrogate,73002,111,1,0.0001220703125,210.79819375000466,218.8134999999999,not_in_gurobi_pool,,0000100000000100011,01110101011000011,000010000000010001101110101011000011,128,8192,25,152,true,single,36,1.0e-10,64
VQE_reduced_surrogate,73002,112,1,0.0001220703125,210.93909374997202,218.95439999999982,not_in_gurobi_pool,,0010010000000010011,00010100011100101,001001000000001001100010100011100101,128,8192,25,152,true,single,36,1.0e-10,64
VQE_reduced_surrogate,73002,88,1,0.0001220703125,200.49201875000404,219.19439999999977,not_in_gurobi_pool,,1100100100101100011,00100000010000011,110010010010110001100100000010000011,128,8192,25,152,true,single,36,1.0e-10,64
VQE_reduced_surrogate,73002,89,1,0.0001220703125,200.49201875000176,219.19439999999977,not_in_gurobi_pool,,1100100100100100011,00100000010000011,110010010010010001100100000010000011,128,8192,25,152,true,single,36,1.0e-10,64
VQE_reduced_surrogate,73002,113,1,0.0001220703125,211.25119374999554,219.26649999999975,not_in_gurobi_pool,,1000000100101010011,01100000010000101,100000010010101001101100000010000101,128,8192,25,152,true,single,36,1.0e-10,64
VQE_reduced_surrogate,73002,90,1,0.0001220703125,200.59301874999778,219.29539999999977,not_in_gurobi_pool,,1100100100101010011,00100000010000101,110010010010101001100100000010000101,128,8192,25,152,true,single,36,1.0e-10,64
VQE_reduced_surrogate,73002,92,1,0.0001220703125,201.02401874999646,219.7263999999998,not_in_gurobi_pool,,1100000100101001011,00100000010000110,110000010010100101100100000010000110,128,8192,25,152,true,single,36,1.0e-10,64
VQE_reduced_surrogate,73002,93,1,0.0001220703125,201.02401874999896,219.7263999999998,not_in_gurobi_pool,,1100100000101001011,00100000010000110,110010000010100101100100000010000110,128,8192,25,152,true,single,36,1.0e-10,64
VQE_reduced_surrogate,73002,94,1,0.0001220703125,202.10101874999737,220.80339999999993,not_in_gurobi_pool,,1100110110001010000,10000001011100000,110011011000101000010000001011100000,128,8192,25,152,true,single,36,1.0e-10,64
VQE_reduced_surrogate,73002,119,1,0.0001220703125,212.8870937499928,220.90239999999997,not_in_gurobi_pool,,1100101100001010010,00010101110000101,110010110000101001000010101110000101,128,8192,25,152,true,single,36,1.0e-10,64
VQE_reduced_surrogate,73002,120,1,0.0001220703125,213.31809374999557,221.3334,not_in_gurobi_pool,,1100101100001001010,00010101110000110,110010110000100101000010101110000110,128,8192,25,152,true,single,36,1.0e-10,64
VQE_reduced_surrogate,73002,121,1,0.0001220703125,214.0200937499892,222.0354,not_in_gurobi_pool,,1100100110000100011,00100001011000011,110010011000010001100100001011000011,128,8192,25,152,true,single,36,1.0e-10,64
VQE_reduced_surrogate,73002,149,1,0.0001220703125,224.7781687499912,222.10639999999992,not_in_gurobi_pool,,1100100100011010011,00110001011000101,110010010001101001100110001011000101,128,8192,25,152,true,single,36,1.0e-10,64
VQE_reduced_surrogate,73002,123,1,0.0001220703125,214.55209374998776,222.56739999999994,not_in_gurobi_pool,,1100100010000001011,00100001011000110,110010001000000101100100001011000110,128,8192,25,152,true,single,36,1.0e-10,64
VQE_reduced_surrogate,73002,124,1,0.0001220703125,214.64459375000138,222.65989999999985,not_in_gurobi_pool,,1101110000011001011,00010001010100110,110111000001100101100010001010100110,128,8192,25,152,true,single,36,1.0e-10,64
VQE_reduced_surrogate,73002,125,1,0.0001220703125,214.81609375000858,222.83139999999975,not_in_gurobi_pool,,1010101100100100000,10000100000000000,101010110010010000010000100000000000,128,8192,25,152,true,single,36,1.0e-10,64
VQE_reduced_surrogate,73002,174,1,0.0001220703125,246.95041875000743,222.90449999999993,not_in_gurobi_pool,,0000110000011000000,11011101011000000,000011000001100000011011101011000000,128,8192,25,152,true,single,36,1.0e-10,64
VQE_reduced_surrogate,73002,164,1,0.0001220703125,236.6153437499986,223.2564999999998,not_in_gurobi_pool,,1000000100111000001,11101000010000000,100000010011100000111101000010000000,128,8192,25,152,true,single,36,1.0e-10,64
VQE_reduced_surrogate,73002,152,1,0.0001220703125,225.95716874998993,223.28539999999975,not_in_gurobi_pool,,1100000100110000000,10101000010000000,110000010011000000010101000010000000,128,8192,25,152,true,single,36,1.0e-10,64
VQE_reduced_surrogate,73002,153,1,0.0001220703125,225.95716874999925,223.28539999999975,not_in_gurobi_pool,,1100100000111000000,10101000010000000,110010000011100000010101000010000000,128,8192,25,152,true,single,36,1.0e-10,64
VQE_reduced_surrogate,73002,129,1,0.0001220703125,216.90709374998892,224.92240000000007,not_in_gurobi_pool,,1100111110000000001,10001101110100000,110011111000000000110001101110100000,128,8192,25,152,true,single,36,1.0e-10,64
VQE_reduced_surrogate,73002,130,1,0.0001220703125,217.0910937499823,225.10639999999987,not_in_gurobi_pool,,0100010000011010011,00010001011100101,010001000001101001100010001011100101,128,8192,25,152,true,single,36,1.0e-10,64
VQE_reduced_surrogate,73002,82,1,0.0001220703125,195.81054375000258,225.1999999999999,not_in_gurobi_pool,,0001100000011010011,00110101010000101,000110000001101001100110101010000101,128,8192,25,152,true,single,36,1.0e-10,64
VQE_reduced_surrogate,73002,101,1,0.0001220703125,206.655018750002,225.35739999999979,not_in_gurobi_pool,,1100100100110100011,00100000010000011,110010010011010001100100000010000011,128,8192,25,152,true,single,36,1.0e-10,64
VQE_reduced_surrogate,73002,102,1,0.0001220703125,206.65501874999404,225.35739999999979,not_in_gurobi_pool,,1100000000110100011,00100000010000011,110000000011010001100100000010000011,128,8192,25,152,true,single,36,1.0e-10,64
VQE_reduced_surrogate,73002,158,1,0.0001220703125,228.18026875000328,225.50849999999994,not_in_gurobi_pool,,0000110000010001011,01010101011000110,000011000001000101101010101011000110,128,8192,25,152,true,single,36,1.0e-10,64
VQE_reduced_surrogate,73002,131,1,0.0001220703125,217.52209374999893,225.5373999999999,not_in_gurobi_pool,,0100110100011001010,00010001011100110,010011010001100101000010001011100110,128,8192,25,152,true,single,36,1.0e-10,64
VQE_reduced_surrogate,73002,133,1,0.0001220703125,217.64509374998488,225.6603999999999,not_in_gurobi_pool,,1100100001000010011,00100001011000101,110010000100001001100100001011000101,128,8192,25,152,true,single,36,1.0e-10,64
VQE_reduced_surrogate,73002,132,1,0.0001220703125,217.6450937499983,225.6604,not_in_gurobi_pool,,1100100101001010011,00100001011000101,110010010100101001100100001011000101,128,8192,25,152,true,single,36,1.0e-10,64
VQE_reduced_surrogate,73002,134,1,0.0001220703125,217.64509374999125,225.6604,not_in_gurobi_pool,,1100100001001010011,00100001011000101,110010000100101001100100001011000101,128,8192,25,152,true,single,36,1.0e-10,64
VQE_reduced_surrogate,73002,83,1,0.0001220703125,196.49994375000233,225.88939999999977,not_in_gurobi_pool,,1100110000110001011,00000000010101110,110011000011000101100000000010101110,128,8192,25,152,true,single,36,1.0e-10,64
VQE_reduced_surrogate,73002,84,1,0.0001220703125,196.49994375000097,225.88939999999977,not_in_gurobi_pool,,1100010000111001011,00000000010101110,110001000011100101100000000010101110,128,8192,25,152,true,single,36,1.0e-10,64
VQE_reduced_surrogate,73002,104,1,0.0001220703125,207.18701875000124,225.88939999999982,not_in_gurobi_pool,,1100100100110001011,00100000010000110,110010010011000101100100000010000110,128,8192,25,152,true,single,36,1.0e-10,64
VQE_reduced_surrogate,73002,105,1,0.0001220703125,207.18701874999715,225.88939999999982,not_in_gurobi_pool,,1100000100110001011,00100000010000110,110000010011000101100100000010000110,128,8192,25,152,true,single,36,1.0e-10,64
VQE_reduced_surrogate,73002,106,1,0.0001220703125,207.18701875000124,225.88939999999988,not_in_gurobi_pool,,1100000100111001010,00100000010000110,110000010011100101000100000010000110,128,8192,25,152,true,single,36,1.0e-10,64
VQE_reduced_surrogate,73002,135,1,0.0001220703125,218.07609374999038,226.09139999999994,not_in_gurobi_pool,,1100100001000001011,00100001011000110,110010000100000101100100001011000110,128,8192,25,152,true,single,36,1.0e-10,64
VQE_reduced_surrogate,73002,168,1,0.0001220703125,239.77324374998125,226.41439999999992,not_in_gurobi_pool,,0100001100100000011,00001001000000111,010000110010000001100001001000000111,128,8192,25,152,true,single,36,1.0e-10,64
VQE_reduced_surrogate,73002,107,1,0.0001220703125,208.2640187499992,226.96639999999994,not_in_gurobi_pool,,1100110010011010000,10000001011100000,110011001001101000010000001011100000,128,8192,25,152,true,single,36,1.0e-10,64
VQE_reduced_surrogate,73002,108,1,0.0001220703125,208.29201874998944,226.99439999999984,not_in_gurobi_pool,,1100101010000100011,00000101110000011,110010101000010001100000101110000011,128,8192,25,152,true,single,36,1.0e-10,64
VQE_reduced_surrogate,73002,87,1,0.0001220703125,197.6049437499987,226.9944,not_in_gurobi_pool,,1100111110000100011,00000101110100011,110011111000010001100000101110100011,128,8192,25,152,true,single,36,1.0e-10,64
VQE_reduced_surrogate,73002,138,1,0.0001220703125,219.05009374998872,227.06539999999998,not_in_gurobi_pool,,1100101000010010011,00010101110000101,110010100001001001100010101110000101,128,8192,25,152,true,single,36,1.0e-10,64
VQE_reduced_surrogate,73002,79,1,0.0001220703125,187.27146875000403,227.34799999999976,not_in_gurobi_pool,,0001101100101010011,00000101000000101,000110110010101001100000101000000101,128,8192,25,152,true,single,36,1.0e-10,64
VQE_reduced_surrogate,73002,141,1,0.0001220703125,219.48109374999353,227.49640000000002,not_in_gurobi_pool,,1100101100011001010,00010101110000110,110010110001100101000010101110000110,128,8192,25,152,true,single,36,1.0e-10,64
VQE_reduced_surrogate,73002,110,1,0.0001220703125,208.8240187499914,227.5264,not_in_gurobi_pool,,1100101010001001011,00000101110000110,110010101000100101100000101110000110,128,8192,25,152,true,single,36,1.0e-10,64
VQE_reduced_surrogate,73002,142,1,0.0001220703125,219.51219375001074,227.5274999999998,not_in_gurobi_pool,,0000000100111001001,11100000010000000,000000010011100100111100000010000000,128,8192,25,152,true,single,36,1.0e-10,64
VQE_reduced_surrogate,73002,144,1,0.0001220703125,220.28409374998955,228.2993999999999,not_in_gurobi_pool,,1100100110010010011,00100001011000101,110010011001001001100100001011000101,128,8192,25,152,true,single,36,1.0e-10,64
VQE_reduced_surrogate,73002,145,1,0.0001220703125,220.7150937499971,228.73039999999995,not_in_gurobi_pool,,1100100010011001010,00100001011000110,110010001001100101000100001011000110,128,8192,25,152,true,single,36,1.0e-10,64
VQE_reduced_surrogate,73002,233,1,0.0001220703125,264.423293749996,229.69030000000006,not_in_gurobi_pool,,1110110101011000001,10001000011110000,111011010101100000110001000011110000,128,8192,25,152,true,single,36,1.0e-10,64
VQE_reduced_surrogate,73002,160,1,0.0001220703125,232.372268750001,229.70049999999983,not_in_gurobi_pool,,0000000100111011011,01100000010000100,000000010011101101101100000010000100,128,8192,25,152,true,single,36,1.0e-10,64
VQE_reduced_surrogate,73002,146,1,0.0001220703125,221.90809374999617,229.92339999999993,not_in_gurobi_pool,,0100110000011000101,00010001011100000,010011000001100010100010001011100000,128,8192,25,152,true,single,36,1.0e-10,64
VQE_reduced_surrogate,73002,147,1,0.0001220703125,222.17369374999748,230.18899999999982,not_in_gurobi_pool,,0001101110001010011,00000111100000101,000110111000101001100000111100000101,128,8192,25,152,true,single,36,1.0e-10,64
VQE_reduced_surrogate,73002,114,1,0.0001220703125,211.57301875000144,230.2753999999997,not_in_gurobi_pool,,1100000100110000100,00100000010000000,110000010011000010000100000010000000,128,8192,25,152,true,single,36,1.0e-10,64
VQE_reduced_surrogate,73002,115,1,0.0001220703125,211.57301875000735,230.2753999999997,not_in_gurobi_pool,,1100100100110000100,00100000010000000,110010010011000010000100000010000000,128,8192,25,152,true,single,36,1.0e-10,64
VQE_reduced_surrogate,73002,116,1,0.0001220703125,211.78801874999613,230.49039999999994,not_in_gurobi_pool,,1100010101011010001,10000001011100000,110001010101101000110000001011100000,128,8192,25,152,true,single,36,1.0e-10,64
VQE_reduced_surrogate,73002,148,1,0.0001220703125,223.07009374999234,231.08540000000008,not_in_gurobi_pool,,1100111110011000001,10001101110100000,110011111001100000110001101110100000,128,8192,25,152,true,single,36,1.0e-10,64
VQE_reduced_surrogate,73002,118,1,0.0001220703125,212.4130187500025,231.11539999999977,not_in_gurobi_pool,,1100110100111010101,00000000010101000,110011010011101010100000000010101000,128,8192,25,152,true,single,36,1.0e-10,64
VQE_reduced_surrogate,73002,163,1,0.0001220703125,235.0901687499802,232.41840000000016,not_in_gurobi_pool,,1100001110011000011,00001101110000111,110000111001100001100001101110000111,128,8192,25,152,true,single,36,1.0e-10,64
VQE_reduced_surrogate,73002,122,1,0.0001220703125,214.1770187500017,232.8793999999999,not_in_gurobi_pool,,1100110100111001111,00000000010101110,110011010011100111100000000010101110,128,8192,25,152,true,single,36,1.0e-10,64
VQE_reduced_surrogate,73002,150,1,0.0001220703125,225.40209374998608,233.41739999999984,not_in_gurobi_pool,,0100001000111010011,00000001000000101,010000100011101001100000001000000101,128,8192,25,152,true,single,36,1.0e-10,64
VQE_reduced_surrogate,73002,151,1,0.0001220703125,225.57519374998787,233.59049999999993,not_in_gurobi_pool,,0000001101000010011,01000111110000101,000000110100001001101000111110000101,128,8192,25,152,true,single,36,1.0e-10,64
VQE_reduced_surrogate,73002,96,1,0.0001220703125,204.29994374999683,233.68940000000018,not_in_gurobi_pool,,1100111110010001011,00000101110100110,110011111001000101100000101110100110,128,8192,25,152,true,single,36,1.0e-10,64
VQE_reduced_surrogate,73002,155,1,0.0001220703125,226.1121937499977,234.12749999999986,not_in_gurobi_pool,,0000101100111110011,01000101000000001,000010110011111001101000101000000001,128,8192,25,152,true,single,36,1.0e-10,64
VQE_reduced_surrogate,73002,214,1,0.0001220703125,258.48331874999803,234.43739999999968,not_in_gurobi_pool,,1100101110110000001,10001001000000000,110010111011000000110001001000000000,128,8192,25,152,true,single,36,1.0e-10,64
VQE_reduced_surrogate,73002,215,1,0.0001220703125,258.48331874999667,234.4373999999998,not_in_gurobi_pool,,1100101110111000001,10001001000000000,110010111011100000110001001000000000,128,8192,25,152,true,single,36,1.0e-10,64
VQE_reduced_surrogate,73002,216,1,0.0001220703125,258.49431875000573,234.44839999999976,not_in_gurobi_pool,,1010101110111000000,10001100000000000,101010111011100000010001100000000000,128,8192,25,152,true,single,36,1.0e-10,64
VQE_reduced_surrogate,73002,165,1,0.0001220703125,237.2811687499816,234.6094,not_in_gurobi_pool,,1100101001010000001,10001101110000000,110010100101000000110001101110000000,128,8192,25,152,true,single,36,1.0e-10,64
VQE_reduced_surrogate,73002,126,1,0.0001220703125,215.94901875000005,234.6513999999997,not_in_gurobi_pool,,0100110110111010011,00000000010101101,010011011011101001100000000010101101,128,8192,25,152,true,single,36,1.0e-10,64
VQE_reduced_surrogate,73002,127,1,0.0001220703125,216.09211875000187,234.79449999999977,not_in_gurobi_pool,,0000100001011010011,01100101011000101,000010000101101001101100101011000101,128,8192,25,152,true,single,36,1.0e-10,64
VQE_reduced_surrogate,73002,128,1,0.0001220703125,216.5231187500101,235.2254999999998,not_in_gurobi_pool,,0000100001011001011,01100101011000110,000010000101100101101100101011000110,128,8192,25,152,true,single,36,1.0e-10,64
VQE_reduced_surrogate,73002,157,1,0.0001220703125,228.0721937500066,236.08749999999992,not_in_gurobi_pool,,0000110110011000100,01000101011000000,000011011001100010001000101011000000,128,8192,25,152,true,single,36,1.0e-10,64
VQE_reduced_surrogate,73002,166,1,0.0001220703125,239.71316874999889,237.04139999999998,not_in_gurobi_pool,,1100101110110001011,00000001000000110,110010111011000101100000001000000110,128,8192,25,152,true,single,36,1.0e-10,64
VQE_reduced_surrogate,73002,167,1,0.0001220703125,239.71316874999843,237.04140000000004,not_in_gurobi_pool,,1100101110111001010,00000001000000110,110010111011100101000000001000000110,128,8192,25,152,true,single,36,1.0e-10,64
VQE_reduced_surrogate,73002,143,1,0.0001220703125,220.17801874999577,238.88039999999995,not_in_gurobi_pool,,0100101101011001001,10000101110000000,010010110101100100110000101110000000,128,8192,25,152,true,single,36,1.0e-10,64
VQE_reduced_surrogate,73002,159,1,0.0001220703125,231.56619374999468,239.5814999999998,not_in_gurobi_pool,,0000101110111010011,01000101000000101,000010111011101001101000101000000101,128,8192,25,152,true,single,36,1.0e-10,64
VQE_reduced_surrogate,73002,161,1,0.0001220703125,232.46509375000164,240.4803999999999,not_in_gurobi_pool,,0100110101010010101,00000001011100000,010011010101001010100000001011100000,128,8192,25,152,true,single,36,1.0e-10,64
VQE_reduced_surrogate,73002,162,1,0.0001220703125,233.031193749998,241.04650000000004,not_in_gurobi_pool,,0000001110011000101,01000111110000000,000000111001100010101000111110000000,128,8192,25,152,true,single,36,1.0e-10,64
VQE_reduced_surrogate,73002,179,1,0.0001220703125,248.59699374999536,256.6122999999999,not_in_gurobi_pool,,1001100000001000001,10111101010000000,100110000000100000110111101010000000,128,8192,25,152,true,single,36,1.0e-10,64
VQE_reduced_surrogate,73002,223,1,0.0001220703125,259.929468749993,257.25769999999994,not_in_gurobi_pool,,1100100000001100000,10110001011000000,110010000000110000010110001011000000,128,8192,25,152,true,single,36,1.0e-10,64
VQE_reduced_surrogate,73002,231,1,0.0001220703125,263.00156875000084,260.3297999999999,not_in_gurobi_pool,,0000110000001010000,11010101011000000,000011000000101000011010101011000000,128,8192,25,152,true,single,36,1.0e-10,64
VQE_reduced_surrogate,73002,185,1,0.0001220703125,252.34339374998603,260.3586999999999,not_in_gurobi_pool,,0100110100000010001,10010001011100000,010011010000001000110010001011100000,128,8192,25,152,true,single,36,1.0e-10,64
VQE_reduced_surrogate,73002,295,1,0.0001220703125,285.61721875000876,261.57129999999984,not_in_gurobi_pool,,1001101000001000000,10011111100000000,100110100000100000010011111100000000,128,8192,25,152,true,single,36,1.0e-10,64
VQE_reduced_surrogate,73002,232,1,0.0001220703125,264.36346874997525,261.6916999999999,not_in_gurobi_pool,,0100000100001010011,00110001011000101,010000010000101001100110001011000101,128,8192,25,152,true,single,36,1.0e-10,64
VQE_reduced_surrogate,73002,193,1,0.0001220703125,254.7333937499984,262.74870000000004,not_in_gurobi_pool,,1100101100000001000,10010101110000000,110010110000000100010010101110000000,128,8192,25,152,true,single,36,1.0e-10,64
VQE_reduced_surrogate,73002,194,1,0.0001220703125,254.7899937499801,262.8052999999998,not_in_gurobi_pool,,1001010010000000001,10001101010000000,100101001000000000110001101010000000,128,8192,25,152,true,single,36,1.0e-10,64
VQE_reduced_surrogate,73002,240,1,0.0001220703125,266.47606875000884,263.80429999999967,not_in_gurobi_pool,,0001110100101010000,10000000000001000,000111010010101000010000000000001000,128,8192,25,152,true,single,36,1.0e-10,64
VQE_reduced_surrogate,73002,241,1,0.0001220703125,266.6244687499966,263.9527,not_in_gurobi_pool,,1100100000011001001,10110001011000000,110010000001100100110110001011000000,128,8192,25,152,true,single,36,1.0e-10,64
VQE_reduced_surrogate,73002,281,1,0.0001220703125,277.5630437499981,264.20419999999996,not_in_gurobi_pool,,1101101100001001011,00010101100000110,110110110000100101100010101100000110,128,8192,25,152,true,single,36,1.0e-10,64
VQE_reduced_surrogate,73002,246,1,0.0001220703125,267.0614687499972,264.3896999999999,not_in_gurobi_pool,,1100101100001110011,00010101110000001,110010110000111001100010101110000001,128,8192,25,152,true,single,36,1.0e-10,64
VQE_reduced_surrogate,73002,247,1,0.0001220703125,267.14946874998213,264.4777,not_in_gurobi_pool,,0100111100000000001,10011101110100000,010011110000000000110011101110100000,128,8192,25,152,true,single,36,1.0e-10,64
VQE_reduced_surrogate,73002,248,1,0.0001220703125,267.49246874999653,264.82069999999993,not_in_gurobi_pool,,1100101000001101011,00010101110000010,110010100000110101100010101110000010,128,8192,25,152,true,single,36,1.0e-10,64
VQE_reduced_surrogate,73002,171,1,0.0001220703125,246.18231874997832,264.88469999999984,not_in_gurobi_pool,,1100010010000010011,00000001011100101,110001001000001001100000001011100101,128,8192,25,152,true,single,36,1.0e-10,64
VQE_reduced_surrogate,73002,203,1,0.0001220703125,256.9994937500012,265.01479999999975,not_in_gurobi_pool,,0000100100101010011,01100000010000101,000010010010101001101100000010000101,128,8192,25,152,true,single,36,1.0e-10,64
VQE_reduced_surrogate,73002,204,1,0.0001220703125,257.1219937499957,265.1372999999997,not_in_gurobi_pool,,0001000100101010011,00100000000000101,000100010010101001100100000000000101,128,8192,25,152,true,single,36,1.0e-10,64
VQE_reduced_surrogate,73002,249,1,0.0001220703125,268.25246875000335,265.5807,not_in_gurobi_pool,,1100110100000100111,00010001011100011,110011010000010011100010001011100011,128,8192,25,152,true,single,36,1.0e-10,64
VQE_reduced_surrogate,73002,302,1,0.0001220703125,289.72761874998537,265.6816999999999,not_in_gurobi_pool,,0100000000011000000,10111001011000000,010000000001100000010111001011000000,128,8192,25,152,true,single,36,1.0e-10,64
VQE_reduced_surrogate,73002,212,1,0.0001220703125,258.40649374999794,266.4217999999999,not_in_gurobi_pool,,0000010110001100000,11000101011000000,000001011000110000011000101011000000,128,8192,25,152,true,single,36,1.0e-10,64
VQE_reduced_surrogate,73002,213,1,0.0001220703125,258.40649374999384,266.4217999999999,not_in_gurobi_pool,,0000010110000100000,11000101011000000,000001011000010000011000101011000000,128,8192,25,152,true,single,36,1.0e-10,64
VQE_reduced_surrogate,73002,175,1,0.0001220703125,247.74831874999973,266.45069999999987,not_in_gurobi_pool,,0100110110001100000,10000001011100000,010011011000110000010000001011100000,128,8192,25,152,true,single,36,1.0e-10,64
VQE_reduced_surrogate,73002,217,1,0.0001220703125,258.506393749994,266.5216999999999,not_in_gurobi_pool,,0100110100011010001,10010001011100000,010011010001101000110010001011100000,128,8192,25,152,true,single,36,1.0e-10,64
VQE_reduced_surrogate,73002,218,1,0.0001220703125,258.506393749999,266.5216999999999,not_in_gurobi_pool,,0100110100011010000,10010001011100000,010011010001101000010010001011100000,128,8192,25,152,true,single,36,1.0e-10,64
VQE_reduced_surrogate,73002,219,1,0.0001220703125,258.50749375000305,266.5227999999999,not_in_gurobi_pool,,0000110110001010000,11000101011000000,000011011000101000011000101011000000,128,8192,25,152,true,single,36,1.0e-10,64
VQE_reduced_surrogate,73002,220,1,0.0001220703125,258.8294937500041,266.8447999999998,not_in_gurobi_pool,,1000000100111010000,11100000010000000,100000010011101000011100000010000000,128,8192,25,152,true,single,36,1.0e-10,64
VQE_reduced_surrogate,73002,176,1,0.0001220703125,248.17131875000018,266.87369999999976,not_in_gurobi_pool,,1100100000111010000,10100000010000000,110010000011101000010100000010000000,128,8192,25,152,true,single,36,1.0e-10,64
VQE_reduced_surrogate,73002,177,1,0.0001220703125,248.17131874999222,266.87369999999976,not_in_gurobi_pool,,1100000100111010001,10100000010000000,110000010011101000110100000010000000,128,8192,25,152,true,single,36,1.0e-10,64
VQE_reduced_surrogate,73002,256,1,0.0001220703125,270.9684687499955,268.29669999999993,not_in_gurobi_pool,,0010000100011001011,00110100011000110,001000010001100101100110100011000110,128,8192,25,152,true,single,36,1.0e-10,64
VQE_reduced_surrogate,73002,224,1,0.0001220703125,260.30039374998546,268.31569999999994,not_in_gurobi_pool,,0100100110001001011,00100001011000110,010010011000100101100100001011000110,128,8192,25,152,true,single,36,1.0e-10,64
VQE_reduced_surrogate,73002,180,1,0.0001220703125,249.70731874999342,268.4097000000001,not_in_gurobi_pool,,1100101110001100000,10000101110000000,110010111000110000010000101110000000,128,8192,25,152,true,single,36,1.0e-10,64
VQE_reduced_surrogate,73002,181,1,0.0001220703125,249.70731874999024,268.4097000000001,not_in_gurobi_pool,,1100101110001100001,10000101110000000,110010111000110000110000101110000000,128,8192,25,152,true,single,36,1.0e-10,64
VQE_reduced_surrogate,73002,182,1,0.0001220703125,249.8193187500026,268.52169999999995,not_in_gurobi_pool,,1010101110001010000,10000111010000000,101010111000101000010000111010000000,128,8192,25,152,true,single,36,1.0e-10,64
VQE_reduced_surrogate,73002,225,1,0.0001220703125,260.5533937499997,268.5686999999998,not_in_gurobi_pool,,0100101100101100001,10000001000000000,010010110010110000110000001000000000,128,8192,25,152,true,single,36,1.0e-10,64
VQE_reduced_surrogate,73002,257,1,0.0001220703125,271.43196875000035,268.7601999999999,not_in_gurobi_pool,,1101100000111001011,00100000000000110,110110000011100101100100000000000110,128,8192,25,152,true,single,36,1.0e-10,64
VQE_reduced_surrogate,73002,258,1,0.0001220703125,271.4429687499976,268.77119999999985,not_in_gurobi_pool,,1011100000111001011,00100000000000110,101110000011100101100100000000000110,128,8192,25,152,true,single,36,1.0e-10,64
VQE_reduced_surrogate,73002,226,1,0.0001220703125,261.0183937500003,269.0336999999997,not_in_gurobi_pool,,0100110000111000000,10001000010101000,010011000011100000010001000010101000,128,8192,25,152,true,single,36,1.0e-10,64
VQE_reduced_surrogate,73002,260,1,0.0001220703125,271.70546874999695,269.0336999999998,not_in_gurobi_pool,,0100000100111000000,10101000010000000,010000010011100000010101000010000000,128,8192,25,152,true,single,36,1.0e-10,64
VQE_reduced_surrogate,73002,261,1,0.0001220703125,271.705468749994,269.0336999999998,not_in_gurobi_pool,,0100100000110000001,10101000010000000,010010000011000000110101000010000000,128,8192,25,152,true,single,36,1.0e-10,64
VQE_reduced_surrogate,73002,262,1,0.0001220703125,271.70546875000537,269.0336999999998,not_in_gurobi_pool,,0100100000111000000,10101000010000000,010010000011100000010101000010000000,128,8192,25,152,true,single,36,1.0e-10,64
VQE_reduced_surrogate,73002,263,1,0.0001220703125,271.7054687499949,269.0336999999998,not_in_gurobi_pool,,0100000000111000000,10101000010000000,010000000011100000010101000010000000,128,8192,25,152,true,single,36,1.0e-10,64
VQE_reduced_surrogate,73002,264,1,0.0001220703125,271.7164687500149,269.04469999999975,not_in_gurobi_pool,,0010100000111000000,10101000010000000,001010000011100000010101000010000000,128,8192,25,152,true,single,36,1.0e-10,64
VQE_reduced_surrogate,73002,265,1,0.0001220703125,271.7164687499958,269.04469999999975,not_in_gurobi_pool,,0010000000111000001,10101000010000000,001000000011100000110101000010000000,128,8192,25,152,true,single,36,1.0e-10,64
VQE_reduced_surrogate,73002,290,1,0.0001220703125,282.4861437500249,269.12729999999965,not_in_gurobi_pool,,0001100000111000000,10101000000000000,000110000011100000010101000000000000,128,8192,25,152,true,single,36,1.0e-10,64
VQE_reduced_surrogate,73002,227,1,0.0001220703125,261.36139375000494,269.37669999999986,not_in_gurobi_pool,,1100100000111101011,00100000010000010,110010000011110101100100000010000010,128,8192,25,152,true,single,36,1.0e-10,64
VQE_reduced_surrogate,73002,228,1,0.0001220703125,261.6993937499926,269.71469999999994,not_in_gurobi_pool,,1100100010011010001,10100001011000000,110010001001101000110100001011000000,128,8192,25,152,true,single,36,1.0e-10,64
VQE_reduced_surrogate,73002,267,1,0.0001220703125,272.51656874999526,269.84479999999974,not_in_gurobi_pool,,0000010000111010001,11000000010001000,000001000011101000111000000010001000,128,8192,25,152,true,single,36,1.0e-10,64
VQE_reduced_surrogate,73002,183,1,0.0001220703125,251.2723187499928,269.97469999999987,not_in_gurobi_pool,,0100110101000100000,10000001011100000,010011010100010000010000001011100000,128,8192,25,152,true,single,36,1.0e-10,64
VQE_reduced_surrogate,73002,229,1,0.0001220703125,262.1303937499954,270.1457,not_in_gurobi_pool,,1100100010011001001,10100001011000000,110010001001100100110100001011000000,128,8192,25,152,true,single,36,1.0e-10,64
VQE_reduced_surrogate,73002,169,1,0.0001220703125,240.77984375000278,270.16929999999985,not_in_gurobi_pool,,0001110101001010000,10000101010000000,000111010100101000010000101010000000,128,8192,25,152,true,single,36,1.0e-10,64
VQE_reduced_surrogate,73002,184,1,0.0001220703125,251.80431874999204,270.5066999999999,not_in_gurobi_pool,,0100110101000001000,10000001011100000,010011010100000100010000001011100000,128,8192,25,152,true,single,36,1.0e-10,64
VQE_reduced_surrogate,73002,269,1,0.0001220703125,273.3424687499805,270.67069999999995,not_in_gurobi_pool,,0100001110000000000,10001101110000000,010000111000000000010001101110000000,128,8192,25,152,true,single,36,1.0e-10,64
VQE_reduced_surrogate,73002,170,1,0.0001220703125,241.8172437499943,271.2066999999997,not_in_gurobi_pool,,0100110000110010011,00000000010101101,010011000011001001100000000010101101,128,8192,25,152,true,single,36,1.0e-10,64
VQE_reduced_surrogate,73002,186,1,0.0001220703125,252.50431874998503,271.2066999999998,not_in_gurobi_pool,,0100000100110010011,00100000010000101,010000010011001001100100000010000101,128,8192,25,152,true,single,36,1.0e-10,64
VQE_reduced_surrogate,73002,187,1,0.0001220703125,252.93531875000417,271.6376999999999,not_in_gurobi_pool,,0100100100111001010,00100000010000110,010010010011100101000100000010000110,128,8192,25,152,true,single,36,1.0e-10,64
VQE_reduced_surrogate,73002,188,1,0.0001220703125,253.23131874999103,271.9337,not_in_gurobi_pool,,1100101101001100000,10000101110000000,110010110100110000010000101110000000,128,8192,25,152,true,single,36,1.0e-10,64
VQE_reduced_surrogate,73002,273,1,0.0001220703125,275.07046874997354,272.39869999999985,not_in_gurobi_pool,,1100010001011000000,10001001011100000,110001000101100000010001001011100000,128,8192,25,152,true,single,36,1.0e-10,64
VQE_reduced_surrogate,73002,189,1,0.0001220703125,253.78991875000042,272.4922999999999,not_in_gurobi_pool,,1001100101011000000,10101101010000000,100110010101100000010101101010000000,128,8192,25,152,true,single,36,1.0e-10,64
VQE_reduced_surrogate,73002,234,1,0.0001220703125,264.6704937499994,272.6857999999999,not_in_gurobi_pool,,0000110010011010001,11000101011000000,000011001001101000111000101011000000,128,8192,25,152,true,single,36,1.0e-10,64
VQE_reduced_surrogate,73002,190,1,0.0001220703125,254.01231874999417,272.7146999999999,not_in_gurobi_pool,,0100010110011010000,10000001011100000,010001011001101000010000001011100000,128,8192,25,152,true,single,36,1.0e-10,64
VQE_reduced_surrogate,73002,191,1,0.0001220703125,254.0233187499996,272.72569999999985,not_in_gurobi_pool,,0010010110011010000,10000100011100000,001001011001101000010000100011100000,128,8192,25,152,true,single,36,1.0e-10,64
VQE_reduced_surrogate,73002,192,1,0.0001220703125,254.14131874997906,272.84369999999996,not_in_gurobi_pool,,0100001110001010011,00000101110000101,010000111000101001100000101110000101,128,8192,25,152,true,single,36,1.0e-10,64
VQE_reduced_surrogate,73002,296,1,0.0001220703125,286.5191437500048,273.16029999999967,not_in_gurobi_pool,,1001110110111010000,10000000000001000,100111011011101000010000000000001000,128,8192,25,152,true,single,36,1.0e-10,64
VQE_reduced_surrogate,73002,236,1,0.0001220703125,265.22339374999206,273.23869999999994,not_in_gurobi_pool,,1100100001011010001,10100001011000000,110010000101101000110100001011000000,128,8192,25,152,true,single,36,1.0e-10,64
VQE_reduced_surrogate,73002,276,1,0.0001220703125,276.1619687500049,273.4901999999998,not_in_gurobi_pool,,1101101101001010011,00000101100000101,110110110100101001100000101100000101,128,8192,25,152,true,single,36,1.0e-10,64
VQE_reduced_surrogate,73002,237,1,0.0001220703125,265.7038937500015,273.71920000000006,not_in_gurobi_pool,,1101101100110001011,00000001000000110,110110110011000101100000001000000110,128,8192,25,152,true,single,36,1.0e-10,64
VQE_reduced_surrogate,73002,277,1,0.0001220703125,276.6355687500236,273.9637999999998,not_in_gurobi_pool,,0000101000111000000,11001101000000000,000010100011100000011001101000000000,128,8192,25,152,true,single,36,1.0e-10,64
VQE_reduced_surrogate,73002,326,1,0.0001220703125,298.0131187499976,273.9672000000002,not_in_gurobi_pool,,1011101110011000000,10001111000000000,101110111001100000010001111000000000,128,8192,25,152,true,single,36,1.0e-10,64
VQE_reduced_surrogate,73002,278,1,0.0001220703125,276.66446875000065,273.9926999999999,not_in_gurobi_pool,,0100111100111000000,10001001000101000,010011110011100000010001001000101000,128,8192,25,152,true,single,36,1.0e-10,64
VQE_reduced_surrogate,73002,238,1,0.0001220703125,266.0323937499877,274.0476999999999,not_in_gurobi_pool,,0100100010010010011,00100001011000101,010010001001001001100100001011000101,128,8192,25,152,true,single,36,1.0e-10,64
VQE_reduced_surrogate,73002,195,1,0.0001220703125,255.4788187499919,274.1812,not_in_gurobi_pool,,0011110110011010011,00000100010100101,001111011001101001100000100010100101,128,8192,25,152,true,single,36,1.0e-10,64
VQE_reduced_surrogate,73002,196,1,0.0001220703125,255.69731875000753,274.39969999999994,not_in_gurobi_pool,,1100010110111010011,00000000010101101,110001011011101001100000000010101101,128,8192,25,152,true,single,36,1.0e-10,64
VQE_reduced_surrogate,73002,198,1,0.0001220703125,255.87031874999366,274.5727000000001,not_in_gurobi_pool,,1100101110010100000,10000101110000000,110010111001010000010000101110000000,128,8192,25,152,true,single,36,1.0e-10,64
VQE_reduced_surrogate,73002,199,1,0.0001220703125,255.9713187499981,274.6737,not_in_gurobi_pool,,1100101010011010000,10000101110000000,110010101001101000010000101110000000,128,8192,25,152,true,single,36,1.0e-10,64
VQE_reduced_surrogate,73002,242,1,0.0001220703125,266.7163937499986,274.7316999999998,not_in_gurobi_pool,,0100101100110100001,10000001000000000,010010110011010000110000001000000000,128,8192,25,152,true,single,36,1.0e-10,64
VQE_reduced_surrogate,73002,243,1,0.0001220703125,266.71639375000086,274.7316999999998,not_in_gurobi_pool,,0100001100111100000,10000001000000000,010000110011110000010000001000000000,128,8192,25,152,true,single,36,1.0e-10,64
VQE_reduced_surrogate,73002,244,1,0.0001220703125,266.8153937499976,274.8306999999998,not_in_gurobi_pool,,1100100110111001011,00100000010000110,110010011011100101100100000010000110,128,8192,25,152,true,single,36,1.0e-10,64
VQE_reduced_surrogate,73002,200,1,0.0001220703125,256.12831875000757,274.8307,not_in_gurobi_pool,,1100010110111001011,00000000010101110,110001011011100101100000000010101110,128,8192,25,152,true,single,36,1.0e-10,64
VQE_reduced_surrogate,73002,245,1,0.0001220703125,266.8173937499964,274.8326999999998,not_in_gurobi_pool,,0100001100111010000,10000001000000000,010000110011101000010000001000000000,128,8192,25,152,true,single,36,1.0e-10,64
VQE_reduced_surrogate,73002,201,1,0.0001220703125,256.40231874999404,275.10470000000004,not_in_gurobi_pool,,1100101010011001001,10000101110000000,110010101001100100110000101110000000,128,8192,25,152,true,single,36,1.0e-10,64
VQE_reduced_surrogate,73002,202,1,0.0001220703125,256.40231874999995,275.10470000000004,not_in_gurobi_pool,,1100101010011001000,10000101110000000,110010101001100100010000101110000000,128,8192,25,152,true,single,36,1.0e-10,64
VQE_reduced_surrogate,73002,364,1,0.0001220703125,309.93079375,275.1977999999998,not_in_gurobi_pool,,0000010110111000001,11001000010001000,000001011011100000111001000010001000,128,8192,25,152,true,single,36,1.0e-10,64
VQE_reduced_surrogate,73002,365,1,0.0001220703125,309.9307937500082,275.1977999999998,not_in_gurobi_pool,,0000010110111000000,11001000010001000,000001011011100000011001000010001000,128,8192,25,152,true,single,36,1.0e-10,64
VQE_reduced_surrogate,73002,301,1,0.0001220703125,289.0801437500029,275.7212999999998,not_in_gurobi_pool,,1001010100110001111,00000000000001110,100101010011000111100000000000001110,128,8192,25,152,true,single,36,1.0e-10,64
VQE_reduced_surrogate,73002,172,1,0.0001220703125,246.63424375000545,276.02369999999974,not_in_gurobi_pool,,0100110000110000100,00000000010101000,010011000011000010000000000010101000,128,8192,25,152,true,single,36,1.0e-10,64
VQE_reduced_surrogate,73002,173,1,0.0001220703125,246.6342437499991,276.02369999999974,not_in_gurobi_pool,,0100110000111000101,00000000010101000,010011000011100010100000000010101000,128,8192,25,152,true,single,36,1.0e-10,64
VQE_reduced_surrogate,73002,205,1,0.0001220703125,257.3213187499982,276.02369999999974,not_in_gurobi_pool,,0100000000111000101,00100000010000000,010000000011100010100100000010000000,128,8192,25,152,true,single,36,1.0e-10,64
VQE_reduced_surrogate,73002,206,1,0.0001220703125,257.321318750013,276.02369999999974,not_in_gurobi_pool,,0100100100110000100,00100000010000000,010010010011000010000100000010000000,128,8192,25,152,true,single,36,1.0e-10,64
VQE_reduced_surrogate,73002,207,1,0.0001220703125,257.3213187500028,276.02369999999974,not_in_gurobi_pool,,0100100000111000101,00100000010000000,010010000011100010100100000010000000,128,8192,25,152,true,single,36,1.0e-10,64
VQE_reduced_surrogate,73002,208,1,0.0001220703125,257.46331874999646,276.1657,not_in_gurobi_pool,,0100111100110010011,00000001000101101,010011110011001001100000001000101101,128,8192,25,152,true,single,36,1.0e-10,64
VQE_reduced_surrogate,73002,209,1,0.0001220703125,257.5473187499954,276.24969999999985,not_in_gurobi_pool,,0010010101011010001,10000100011100000,001001010101101000110000100011100000,128,8192,25,152,true,single,36,1.0e-10,64
VQE_reduced_surrogate,73002,210,1,0.0001220703125,257.676318749993,276.37870000000004,not_in_gurobi_pool,,0010001101001010011,00000111010000101,001000110100101001100000111010000101,128,8192,25,152,true,single,36,1.0e-10,64
VQE_reduced_surrogate,73002,211,1,0.0001220703125,257.8943187499974,276.59670000000006,not_in_gurobi_pool,,0100111100110001011,00000001000101110,010011110011000101100000001000101110,128,8192,25,152,true,single,36,1.0e-10,64
VQE_reduced_surrogate,73002,250,1,0.0001220703125,268.68939375000105,276.7046999999999,not_in_gurobi_pool,,1100010110011010101,00000001011100000,110001011001101010100000001011100000,128,8192,25,152,true,single,36,1.0e-10,64
VQE_reduced_surrogate,73002,251,1,0.0001220703125,269.12039374999927,277.13569999999993,not_in_gurobi_pool,,1100010110011001101,00000001011100000,110001011001100110100000001011100000,128,8192,25,152,true,single,36,1.0e-10,64
VQE_reduced_surrogate,73002,252,1,0.0001220703125,269.1313937499988,277.1466999999999,not_in_gurobi_pool,,1010010110011001101,00000100011100000,101001011001100110100000100011100000,128,8192,25,152,true,single,36,1.0e-10,64
VQE_reduced_surrogate,73002,283,1,0.0001220703125,279.9375687500185,277.2657999999998,not_in_gurobi_pool,,0000000000111001101,01100000010000000,000000000011100110101100000010000000,128,8192,25,152,true,single,36,1.0e-10,64
VQE_reduced_surrogate,73002,253,1,0.0001220703125,269.2623937499943,277.2776999999999,not_in_gurobi_pool,,1100101010011011011,00000101110000100,110010101001101101100000101110000100,128,8192,25,152,true,single,36,1.0e-10,64
VQE_reduced_surrogate,73002,221,1,0.0001220703125,258.95831874998476,277.66069999999996,not_in_gurobi_pool,,0100001110000000101,00000101110000000,010000111000000010100000101110000000,128,8192,25,152,true,single,36,1.0e-10,64
VQE_reduced_surrogate,73002,178,1,0.0001220703125,248.27124374999335,277.6607,not_in_gurobi_pool,,0100111110000000101,00000101110100000,010011111000000010100000101110100000,128,8192,25,152,true,single,36,1.0e-10,64
VQE_reduced_surrogate,73002,254,1,0.0001220703125,269.92139375000147,277.9367000000001,not_in_gurobi_pool,,1100010110011100111,00000001011100011,110001011001110011100000001011100011,128,8192,25,152,true,single,36,1.0e-10,64
VQE_reduced_surrogate,73002,284,1,0.0001220703125,280.6974687500035,278.0256999999998,not_in_gurobi_pool,,1100101110111010000,10000001000000000,110010111011101000010000001000000000,128,8192,25,152,true,single,36,1.0e-10,64
VQE_reduced_surrogate,73002,222,1,0.0001220703125,259.49531874999025,278.1976999999999,not_in_gurobi_pool,,1100101001011010000,10000101110000000,110010100101101000010000101110000000,128,8192,25,152,true,single,36,1.0e-10,64
VQE_reduced_surrogate,73002,285,1,0.0001220703125,281.3934687499989,278.72169999999977,not_in_gurobi_pool,,1100101000111100101,00000001000000000,110010100011110010100000001000000000,128,8192,25,152,true,single,36,1.0e-10,64
VQE_reduced_surrogate,73002,286,1,0.0001220703125,281.3934687500007,278.72169999999977,not_in_gurobi_pool,,1100101000110100101,00000001000000000,110010100011010010100000001000000000,128,8192,25,152,true,single,36,1.0e-10,64
VQE_reduced_surrogate,73002,259,1,0.0001220703125,271.4958937499989,279.5111999999999,not_in_gurobi_pool,,1101100101010000101,00100001010000000,110110010101000010100100001010000000,128,8192,25,152,true,single,36,1.0e-10,64
VQE_reduced_surrogate,73002,268,1,0.0001220703125,272.7794937499946,280.7948,not_in_gurobi_pool,,1000101110011000101,01000111110000000,100010111001100010101000111110000000,128,8192,25,152,true,single,36,1.0e-10,64
VQE_reduced_surrogate,73002,230,1,0.0001220703125,262.28031875000397,280.9826999999999,not_in_gurobi_pool,,0100111100110000100,00000001000101000,010011110011000010000000001000101000,128,8192,25,152,true,single,36,1.0e-10,64
VQE_reduced_surrogate,73002,270,1,0.0001220703125,273.7784937500073,281.7937999999998,not_in_gurobi_pool,,0000101100110010101,01000101000000000,000010110011001010101000101000000000,128,8192,25,152,true,single,36,1.0e-10,64
VQE_reduced_surrogate,73002,271,1,0.0001220703125,274.3733937500019,282.3886999999999,not_in_gurobi_pool,,0100100001010000100,00100001011000000,010010000101000010000100001011000000,128,8192,25,152,true,single,36,1.0e-10,64
VQE_reduced_surrogate,73002,272,1,0.0001220703125,275.01049375000684,283.02579999999995,not_in_gurobi_pool,,0000001100110100111,01000101000000011,000000110011010011101000101000000011,128,8192,25,152,true,single,36,1.0e-10,64
VQE_reduced_surrogate,73002,282,1,0.0001220703125,277.70839374999946,285.72369999999984,not_in_gurobi_pool,,1100101111010010011,00000101110000101,110010111101001001100000101110000101,128,8192,25,152,true,single,36,1.0e-10,64
VQE_reduced_surrogate,73002,287,1,0.0001220703125,281.3972187499903,300.0995999999999,not_in_gurobi_pool,,1001010000000100000,10010101010000000,100101000000010000010010101010000000,128,8192,25,152,true,single,36,1.0e-10,64
VQE_reduced_surrogate,73002,306,1,0.0001220703125,292.09169374997055,300.10699999999986,not_in_gurobi_pool,,1100010000001010000,10010001011100000,110001000000101000010010001011100000,128,8192,25,152,true,single,36,1.0e-10,64
VQE_reduced_surrogate,73002,377,1,0.0001220703125,315.59694374999617,302.23809999999986,not_in_gurobi_pool,,0000100000001000001,11111101011000000,000010000000100000111111101011000000,128,8192,25,152,true,single,36,1.0e-10,64
VQE_reduced_surrogate,73002,274,1,0.0001220703125,275.1441437499998,304.53359999999986,not_in_gurobi_pool,,0001100100001010011,00110101010000101,000110010000101001100110101010000101,128,8192,25,152,true,single,36,1.0e-10,64
VQE_reduced_surrogate,73002,275,1,0.0001220703125,275.40254374998835,304.7919999999998,not_in_gurobi_pool,,1100010000101010011,00000000010101101,110001000010101001100000000010101101,128,8192,25,152,true,single,36,1.0e-10,64
VQE_reduced_surrogate,73002,426,1,0.0001220703125,329.4759187499835,305.4299999999999,not_in_gurobi_pool,,1100100100010000001,10111001011000000,110010010001000000110111001011000000,128,8192,25,152,true,single,36,1.0e-10,64
VQE_reduced_surrogate,73002,389,1,0.0001220703125,318.9223437499936,305.5635,not_in_gurobi_pool,,1011110000010000000,10011100010100000,101111000001000000010011100010100000,128,8192,25,152,true,single,36,1.0e-10,64
VQE_reduced_surrogate,73002,428,1,0.0001220703125,329.6360187500072,305.5900999999998,not_in_gurobi_pool,,0000110000101000000,11001000010001000,000011000010100000011001000010001000,128,8192,25,152,true,single,36,1.0e-10,64
VQE_reduced_surrogate,73002,429,1,0.0001220703125,329.63601874999404,305.5900999999999,not_in_gurobi_pool,,0000010000101000000,11001000010001000,000001000010100000011001000010001000,128,8192,25,152,true,single,36,1.0e-10,64
VQE_reduced_surrogate,73002,297,1,0.0001220703125,287.4966187499929,306.19899999999984,not_in_gurobi_pool,,1100110010001100000,10000001011100000,110011001000110000010000001011100000,128,8192,25,152,true,single,36,1.0e-10,64
VQE_reduced_surrogate,73002,298,1,0.0001220703125,287.59761874998094,306.29999999999984,not_in_gurobi_pool,,1100010110000010000,10000001011100000,110001011000001000010000001011100000,128,8192,25,152,true,single,36,1.0e-10,64
VQE_reduced_surrogate,73002,327,1,0.0001220703125,298.313793750013,306.32909999999976,not_in_gurobi_pool,,0000000100100100000,11100000010000000,000000010010010000011100000010000000,128,8192,25,152,true,single,36,1.0e-10,64
VQE_reduced_surrogate,73002,279,1,0.0001220703125,276.97954375000654,306.3689999999997,not_in_gurobi_pool,,0010110100100100000,10000000010101000,001011010010010000010000000010101000,128,8192,25,152,true,single,36,1.0e-10,64
VQE_reduced_surrogate,73002,299,1,0.0001220703125,287.6966187499929,306.3990000000001,not_in_gurobi_pool,,1100111000001010011,00010101110100101,110011100000101001100010101110100101,128,8192,25,152,true,single,36,1.0e-10,64
VQE_reduced_surrogate,73002,280,1,0.0001220703125,277.0695437499958,306.4589999999997,not_in_gurobi_pool,,0100110100101010001,10000000010101000,010011010010101000110000000010101000,128,8192,25,152,true,single,36,1.0e-10,64
VQE_reduced_surrogate,73002,300,1,0.0001220703125,288.0286187499921,306.7309999999999,not_in_gurobi_pool,,1100110010001001001,10000001011100000,110011001000100100110000001011100000,128,8192,25,152,true,single,36,1.0e-10,64
VQE_reduced_surrogate,73002,433,1,0.0001220703125,330.9690187499896,306.92309999999986,not_in_gurobi_pool,,0000010000100000010,01001000010001111,000001000010000001001001000010001111,128,8192,25,152,true,single,36,1.0e-10,64
VQE_reduced_surrogate,73002,394,1,0.0001220703125,320.35484374999874,306.9959999999999,not_in_gurobi_pool,,1100100000000100101,00110001011000000,110010000000010010100110001011000000,128,8192,25,152,true,single,36,1.0e-10,64
VQE_reduced_surrogate,73002,335,1,0.0001220703125,299.96069375001093,307.97599999999994,not_in_gurobi_pool,,0010101000001100000,10010111010000000,001010100000110000010010111010000000,128,8192,25,152,true,single,36,1.0e-10,64
VQE_reduced_surrogate,73002,336,1,0.0001220703125,300.05069374999516,308.066,not_in_gurobi_pool,,0100101000001010000,10010101110000000,010010100000101000010010101110000000,128,8192,25,152,true,single,36,1.0e-10,64
VQE_reduced_surrogate,73002,338,1,0.0001220703125,300.06169375000763,308.07699999999994,not_in_gurobi_pool,,0010101100001010000,10010111010000000,001010110000101000010010111010000000,128,8192,25,152,true,single,36,1.0e-10,64
VQE_reduced_surrogate,73002,339,1,0.0001220703125,300.30169374999605,308.3169999999998,not_in_gurobi_pool,,1100101000100100001,10000001000000000,110010100010010000110000001000000000,128,8192,25,152,true,single,36,1.0e-10,64
VQE_reduced_surrogate,73002,340,1,0.0001220703125,300.40269374999366,308.4179999999998,not_in_gurobi_pool,,1100001100101010000,10000001000000000,110000110010101000010000001000000000,128,8192,25,152,true,single,36,1.0e-10,64
VQE_reduced_surrogate,73002,368,1,0.0001220703125,311.1317687499793,308.4599999999998,not_in_gurobi_pool,,0100010110001000000,10001001011100000,010001011000100000010001001011100000,128,8192,25,152,true,single,36,1.0e-10,64
VQE_reduced_surrogate,73002,341,1,0.0001220703125,300.7666937499864,308.7819999999998,not_in_gurobi_pool,,1100010000111000001,10001000010101000,110001000011100000110001000010101000,128,8192,25,152,true,single,36,1.0e-10,64
VQE_reduced_surrogate,73002,369,1,0.0001220703125,312.28636875000757,309.61459999999965,not_in_gurobi_pool,,1001110000110100001,10000000000001000,100111000011010000110000000000001000,128,8192,25,152,true,single,36,1.0e-10,64
VQE_reduced_surrogate,73002,303,1,0.0001220703125,291.02061874997867,309.72299999999984,not_in_gurobi_pool,,1100110001000100000,10000001011100000,110011000100010000010000001011100000,128,8192,25,152,true,single,36,1.0e-10,64
VQE_reduced_surrogate,73002,304,1,0.0001220703125,291.5526187499838,310.2549999999999,not_in_gurobi_pool,,1100110001000001001,10000001011100000,110011000100000100110000001011100000,128,8192,25,152,true,single,36,1.0e-10,64
VQE_reduced_surrogate,73002,370,1,0.0001220703125,313.1617687500029,310.48999999999984,not_in_gurobi_pool,,1100101100100110011,00000001000000001,110010110010011001100000001000000001,128,8192,25,152,true,single,36,1.0e-10,64
VQE_reduced_surrogate,73002,371,1,0.0001220703125,313.2407687499949,310.56900000000013,not_in_gurobi_pool,,0100101000001101011,00010101110000010,010010100000110101100010101110000010,128,8192,25,152,true,single,36,1.0e-10,64
VQE_reduced_surrogate,73002,305,1,0.0001220703125,291.930618749979,310.6329999999998,not_in_gurobi_pool,,0100010010001010011,00000001011100101,010001001000101001100000001011100101,128,8192,25,152,true,single,36,1.0e-10,64
VQE_reduced_surrogate,73002,288,1,0.0001220703125,281.47554375000254,310.8649999999998,not_in_gurobi_pool,,1010110000110100010,00000000010101011,101011000011010001000000000010101011,128,8192,25,152,true,single,36,1.0e-10,64
VQE_reduced_surrogate,73002,373,1,0.0001220703125,313.59276875000387,310.9209999999999,not_in_gurobi_pool,,1100101100100101011,00000001000000010,110010110010010101100000001000000010,128,8192,25,152,true,single,36,1.0e-10,64
VQE_reduced_surrogate,73002,307,1,0.0001220703125,292.2925187500018,310.9948999999999,not_in_gurobi_pool,,1110110000111010011,00000000010111101,111011000011101001100000000010111101,128,8192,25,152,true,single,36,1.0e-10,64
VQE_reduced_surrogate,73002,289,1,0.0001220703125,281.6054437499963,310.99490000000003,not_in_gurobi_pool,,1110100000111010011,00100000010100101,111010000011101001100100000010100101,128,8192,25,152,true,single,36,1.0e-10,64
VQE_reduced_surrogate,73002,308,1,0.0001220703125,292.58571875002485,311.2880999999998,not_in_gurobi_pool,,0000101100100100000,11000101000000000,000010110010010000011000101000000000,128,8192,25,152,true,single,36,1.0e-10,64
VQE_reduced_surrogate,73002,309,1,0.0001220703125,292.68671875001723,311.3890999999998,not_in_gurobi_pool,,0000101100101010000,11000101000000000,000010110010101000011000101000000000,128,8192,25,152,true,single,36,1.0e-10,64
VQE_reduced_surrogate,73002,311,1,0.0001220703125,293.63071874999287,312.3331,not_in_gurobi_pool,,1000000110011100001,11100101011000000,100000011001110000111100101011000000,128,8192,25,152,true,single,36,1.0e-10,64
VQE_reduced_surrogate,73002,312,1,0.0001220703125,293.65961874999675,312.36199999999985,not_in_gurobi_pool,,1100110010010100000,10000001011100000,110011001001010000010000001011100000,128,8192,25,152,true,single,36,1.0e-10,64
VQE_reduced_surrogate,73002,313,1,0.0001220703125,293.7606187499905,312.46299999999985,not_in_gurobi_pool,,1100010010011010000,10000001011100000,110001001001101000010000001011100000,128,8192,25,152,true,single,36,1.0e-10,64
VQE_reduced_surrogate,73002,314,1,0.0001220703125,293.7886187499839,312.4909999999998,not_in_gurobi_pool,,1100001010001100011,00000101110000011,110000101000110001100000101110000011,128,8192,25,152,true,single,36,1.0e-10,64
VQE_reduced_surrogate,73002,345,1,0.0001220703125,304.4767937500246,312.49209999999977,not_in_gurobi_pool,,0000100100111100000,11100000010000000,000010010011110000011100000010000000,128,8192,25,152,true,single,36,1.0e-10,64
VQE_reduced_surrogate,73002,291,1,0.0001220703125,283.1315437500066,312.52099999999973,not_in_gurobi_pool,,0100110000111100000,10000000010101000,010011000011110000010000000010101000,128,8192,25,152,true,single,36,1.0e-10,64
VQE_reduced_surrogate,73002,292,1,0.0001220703125,283.1315437500077,312.52099999999973,not_in_gurobi_pool,,0100110100110100000,10000000010101000,010011010011010000010000000010101000,128,8192,25,152,true,single,36,1.0e-10,64
VQE_reduced_surrogate,73002,315,1,0.0001220703125,293.8296187500157,312.53199999999975,not_in_gurobi_pool,,0010000000111100000,10100000010000000,001000000011110000010100000010000000,128,8192,25,152,true,single,36,1.0e-10,64
VQE_reduced_surrogate,73002,293,1,0.0001220703125,283.16714375000174,312.55659999999983,not_in_gurobi_pool,,1001110010010010001,10000101010000000,100111001001001000110000101010000000,128,8192,25,152,true,single,36,1.0e-10,64
VQE_reduced_surrogate,73002,346,1,0.0001220703125,304.57779375000473,312.59309999999977,not_in_gurobi_pool,,0000100100111010001,11100000010000000,000010010011101000111100000010000000,128,8192,25,152,true,single,36,1.0e-10,64
VQE_reduced_surrogate,73002,347,1,0.0001220703125,304.5777937500195,312.59309999999977,not_in_gurobi_pool,,0000100000111010000,11100000010000000,000010000011101000011100000010000000,128,8192,25,152,true,single,36,1.0e-10,64
VQE_reduced_surrogate,73002,316,1,0.0001220703125,293.91961874999697,312.6219999999998,not_in_gurobi_pool,,0100000100111010000,10100000010000000,010000010011101000010100000010000000,128,8192,25,152,true,single,36,1.0e-10,64
VQE_reduced_surrogate,73002,348,1,0.0001220703125,304.70029375001855,312.71559999999965,not_in_gurobi_pool,,0001100000111010000,10100000000000000,000110000011101000010100000000000000,128,8192,25,152,true,single,36,1.0e-10,64
VQE_reduced_surrogate,73002,378,1,0.0001220703125,315.78836875000843,313.1166,not_in_gurobi_pool,,1001111110000001010,00000111100000110,100111111000000101000000111100000110,128,8192,25,152,true,single,36,1.0e-10,64
VQE_reduced_surrogate,73002,410,1,0.0001220703125,326.67794375000994,313.3190999999997,not_in_gurobi_pool,,0000110100100100101,01000000010001000,000011010010010010101000000010001000,128,8192,25,152,true,single,36,1.0e-10,64
VQE_reduced_surrogate,73002,457,1,0.0001220703125,337.826818749998,313.78089999999986,not_in_gurobi_pool,,1110101000110000000,10001000000100000,111010100011000000010001000000100000,128,8192,25,152,true,single,36,1.0e-10,64
VQE_reduced_surrogate,73002,351,1,0.0001220703125,306.5041937499925,314.51949999999965,not_in_gurobi_pool,,0011110100111001011,00000000000101110,001111010011100101100000000000101110,128,8192,25,152,true,single,36,1.0e-10,64
VQE_reduced_surrogate,73002,352,1,0.0001220703125,306.68819374999975,314.70349999999985,not_in_gurobi_pool,,1101101100111010000,10000001000000000,110110110011101000010000001000000000,128,8192,25,152,true,single,36,1.0e-10,64
VQE_reduced_surrogate,73002,353,1,0.0001220703125,306.6896937499989,314.70499999999976,not_in_gurobi_pool,,0010100100111110011,00100000010000001,001010010011111001100100000010000001,128,8192,25,152,true,single,36,1.0e-10,64
VQE_reduced_surrogate,73002,382,1,0.0001220703125,317.76786875000903,315.0960999999998,not_in_gurobi_pool,,0000100100111101011,01100000010000010,000010010011110101101100000010000010,128,8192,25,152,true,single,36,1.0e-10,64
VQE_reduced_surrogate,73002,354,1,0.0001220703125,307.1206937500017,315.1359999999998,not_in_gurobi_pool,,0010100100111101011,00100000010000010,001010010011110101100100000010000010,128,8192,25,152,true,single,36,1.0e-10,64
VQE_reduced_surrogate,73002,384,1,0.0001220703125,317.86886875000573,315.1970999999998,not_in_gurobi_pool,,0000100000111011011,01100000010000100,000010000011101101101100000010000100,128,8192,25,152,true,single,36,1.0e-10,64
VQE_reduced_surrogate,73002,385,1,0.0001220703125,317.9412687499905,315.2695,not_in_gurobi_pool,,1101110001011000000,10001001010100000,110111000101100000010001001010100000,128,8192,25,152,true,single,36,1.0e-10,64
VQE_reduced_surrogate,73002,317,1,0.0001220703125,296.7476187499931,315.4499999999998,not_in_gurobi_pool,,0100110110001000101,00000001011100000,010011011000100010100000001011100000,128,8192,25,152,true,single,36,1.0e-10,64
VQE_reduced_surrogate,73002,355,1,0.0001220703125,307.45869375000507,315.4739999999999,not_in_gurobi_pool,,0010000010011010000,10100100011000000,001000001001101000010100100011000000,128,8192,25,152,true,single,36,1.0e-10,64
VQE_reduced_surrogate,73002,318,1,0.0001220703125,296.8112187500035,315.5135999999998,not_in_gurobi_pool,,0001010100011000101,00010101010000000,000101010001100010100010101010000000,128,8192,25,152,true,single,36,1.0e-10,64
VQE_reduced_surrogate,73002,320,1,0.0001220703125,297.06961875000593,315.7719999999997,not_in_gurobi_pool,,1100100100111000100,00100000010000000,110010010011100010000100000010000000,128,8192,25,152,true,single,36,1.0e-10,64
VQE_reduced_surrogate,73002,322,1,0.0001220703125,297.2116187500026,315.9139999999999,not_in_gurobi_pool,,1100011100111010011,00000001000101101,110001110011101001100000001000101101,128,8192,25,152,true,single,36,1.0e-10,64
VQE_reduced_surrogate,73002,506,1,0.0001220703125,351.0120937499985,316.27909999999997,not_in_gurobi_pool,,1000010110110000011,01001000010001111,100001011011000001101001000010001111,128,8192,25,152,true,single,36,1.0e-10,64
VQE_reduced_surrogate,73002,390,1,0.0001220703125,319.04676875000087,316.37499999999994,not_in_gurobi_pool,,1100101110101001011,00000001000000110,110010111010100101100000001000000110,128,8192,25,152,true,single,36,1.0e-10,64
VQE_reduced_surrogate,73002,324,1,0.0001220703125,297.80861875000323,316.51099999999974,not_in_gurobi_pool,,1100110100110100100,00000000010101000,110011010011010010000000000010101000,128,8192,25,152,true,single,36,1.0e-10,64
VQE_reduced_surrogate,73002,357,1,0.0001220703125,308.4956937500049,316.51099999999974,not_in_gurobi_pool,,1100100000111100101,00100000010000000,110010000011110010100100000010000000,128,8192,25,152,true,single,36,1.0e-10,64
VQE_reduced_surrogate,73002,325,1,0.0001220703125,297.909618749999,316.61199999999974,not_in_gurobi_pool,,1100110000110010101,00000000010101000,110011000011001010100000000010101000,128,8192,25,152,true,single,36,1.0e-10,64
VQE_reduced_surrogate,73002,358,1,0.0001220703125,308.59669375000135,316.61199999999974,not_in_gurobi_pool,,1100100000111010101,00100000010000000,110010000011101010100100000010000000,128,8192,25,152,true,single,36,1.0e-10,64
VQE_reduced_surrogate,73002,359,1,0.0001220703125,308.5966937500016,316.61199999999974,not_in_gurobi_pool,,1100100100110010101,00100000010000000,110010010011001010100100000010000000,128,8192,25,152,true,single,36,1.0e-10,64
VQE_reduced_surrogate,73002,391,1,0.0001220703125,319.3627687500009,316.6909999999999,not_in_gurobi_pool,,0100110000011001101,00010001011100000,010011000001100110100010001011100000,128,8192,25,152,true,single,36,1.0e-10,64
VQE_reduced_surrogate,73002,328,1,0.0001220703125,298.340618750002,317.0429999999998,not_in_gurobi_pool,,1100110100111001100,00000000010101000,110011010011100110000000000010101000,128,8192,25,152,true,single,36,1.0e-10,64
VQE_reduced_surrogate,73002,392,1,0.0001220703125,319.8083687500075,317.1365999999997,not_in_gurobi_pool,,1001000100111001101,00100000000000000,100100010011100110100100000000000000,128,8192,25,152,true,single,36,1.0e-10,64
VQE_reduced_surrogate,73002,361,1,0.0001220703125,309.36369374999776,317.3790000000001,not_in_gurobi_pool,,1100101100011000100,00010101110000000,110010110001100010000010101110000000,128,8192,25,152,true,single,36,1.0e-10,64
VQE_reduced_surrogate,73002,330,1,0.0001220703125,298.74871875002395,317.4510999999998,not_in_gurobi_pool,,0000101000111100000,11000101000000000,000010100011110000011000101000000000,128,8192,25,152,true,single,36,1.0e-10,64
VQE_reduced_surrogate,73002,393,1,0.0001220703125,320.1637687500013,317.49199999999996,not_in_gurobi_pool,,0100110000010100111,00010001011100011,010011000001010011100010001011100011,128,8192,25,152,true,single,36,1.0e-10,64
VQE_reduced_surrogate,73002,331,1,0.0001220703125,298.84971875001884,317.5520999999998,not_in_gurobi_pool,,0000101100110010000,11000101000000000,000010110011001000011000101000000000,128,8192,25,152,true,single,36,1.0e-10,64
VQE_reduced_surrogate,73002,362,1,0.0001220703125,309.9296937499996,317.9449999999999,not_in_gurobi_pool,,1100100000111010111,00100000010000101,110010000011101011100100000010000101,128,8192,25,152,true,single,36,1.0e-10,64
VQE_reduced_surrogate,73002,363,1,0.0001220703125,309.92969374999984,317.9449999999999,not_in_gurobi_pool,,1100100100110010111,00100000010000101,110010010011001011100100000010000101,128,8192,25,152,true,single,36,1.0e-10,64
VQE_reduced_surrogate,73002,395,1,0.0001220703125,320.6467687499992,317.9749999999999,not_in_gurobi_pool,,0100110110111000001,10001000010101000,010011011011100000110001000010101000,128,8192,25,152,true,single,36,1.0e-10,64
VQE_reduced_surrogate,73002,334,1,0.0001220703125,299.30961874999707,318.01199999999994,not_in_gurobi_pool,,0100111100111001001,10000001000101000,010011110011100100110000001000101000,128,8192,25,152,true,single,36,1.0e-10,64
VQE_reduced_surrogate,73002,366,1,0.0001220703125,310.0436937500074,318.0589999999996,not_in_gurobi_pool,,1100010001011110011,00000001011100001,110001000101111001100000001011100001,128,8192,25,152,true,single,36,1.0e-10,64
VQE_reduced_surrogate,73002,367,1,0.0001220703125,310.59769374999473,318.6129999999999,not_in_gurobi_pool,,1100000110011000100,00100001011000000,110000011001100010000100001011000000,128,8192,25,152,true,single,36,1.0e-10,64
VQE_reduced_surrogate,73002,337,1,0.0001220703125,300.05261874998473,318.75499999999994,not_in_gurobi_pool,,1100001010010010011,00000101110000101,110000101001001001100000101110000101,128,8192,25,152,true,single,36,1.0e-10,64
VQE_reduced_surrogate,73002,436,1,0.0001220703125,332.1449437500064,318.7860999999998,not_in_gurobi_pool,,0000010110111010000,11000000010001000,000001011011101000011000000010001000,128,8192,25,152,true,single,36,1.0e-10,64
VQE_reduced_surrogate,73002,438,1,0.0001220703125,332.5759437500119,319.21709999999985,not_in_gurobi_pool,,0000010110111001000,11000000010001000,000001011011100100011000000010001000,128,8192,25,152,true,single,36,1.0e-10,64
VQE_reduced_surrogate,73002,399,1,0.0001220703125,322.02376874999527,319.3519999999999,not_in_gurobi_pool,,1100100110010100101,00100001011000000,110010011001010010100100001011000000,128,8192,25,152,true,single,36,1.0e-10,64
VQE_reduced_surrogate,73002,402,1,0.0001220703125,323.3567687499926,320.6849999999999,not_in_gurobi_pool,,1100100110010100111,00100001011000011,110010011001010011100100001011000011,128,8192,25,152,true,single,36,1.0e-10,64
VQE_reduced_surrogate,73002,342,1,0.0001220703125,302.04861874999824,320.75099999999986,not_in_gurobi_pool,,0100110001010001010,00000001011100110,010011000101000101000000001011100110,128,8192,25,152,true,single,36,1.0e-10,64
VQE_reduced_surrogate,73002,403,1,0.0001220703125,323.6888687500086,321.01709999999997,not_in_gurobi_pool,,0000110101000100111,01000101011000011,000011010100010011101000101011000011,128,8192,25,152,true,single,36,1.0e-10,64
VQE_reduced_surrogate,73002,404,1,0.0001220703125,323.8887687499948,321.21700000000004,not_in_gurobi_pool,,1100100010011001111,00100001011000110,110010001001100111100100001011000110,128,8192,25,152,true,single,36,1.0e-10,64
VQE_reduced_surrogate,73002,444,1,0.0001220703125,334.7059437500038,321.34709999999995,not_in_gurobi_pool,,0000110000111001111,01000000010001110,000011000011100111101000000010001110,128,8192,25,152,true,single,36,1.0e-10,64
VQE_reduced_surrogate,73002,405,1,0.0001220703125,324.17076874999907,321.4989999999999,not_in_gurobi_pool,,0100110101111000001,10001000010101000,010011010111100000110001000010101000,128,8192,25,152,true,single,36,1.0e-10,64
VQE_reduced_surrogate,73002,343,1,0.0001220703125,302.910618749994,321.61299999999983,not_in_gurobi_pool,,0100010010010000100,00000001011100000,010001001001000010000000001011100000,128,8192,25,152,true,single,36,1.0e-10,64
VQE_reduced_surrogate,73002,447,1,0.0001220703125,335.4007437499986,322.04190000000006,not_in_gurobi_pool,,1110101100111001101,00000000000100000,111010110011100110100000000000100000,128,8192,25,152,true,single,36,1.0e-10,64
VQE_reduced_surrogate,73002,344,1,0.0001220703125,303.49821875000407,322.2005999999998,not_in_gurobi_pool,,1001111110111010011,00000101000001101,100111111011101001100000101000001101,128,8192,25,152,true,single,36,1.0e-10,64
VQE_reduced_surrogate,73002,310,1,0.0001220703125,292.8895437500041,322.279,not_in_gurobi_pool,,1100111001011010011,00000101110100101,110011100101101001100000101110100101,128,8192,25,152,true,single,36,1.0e-10,64
VQE_reduced_surrogate,73002,374,1,0.0001220703125,314.4376937499935,322.45299999999986,not_in_gurobi_pool,,0100010110010010101,00000001011100000,010001011001001010100000001011100000,128,8192,25,152,true,single,36,1.0e-10,64
VQE_reduced_surrogate,73002,408,1,0.0001220703125,325.5477687500015,322.8759999999999,not_in_gurobi_pool,,1100100101010100101,00100001011000000,110010010101010010100100001011000000,128,8192,25,152,true,single,36,1.0e-10,64
VQE_reduced_surrogate,73002,375,1,0.0001220703125,314.8686937499979,322.8839999999999,not_in_gurobi_pool,,0100110010011001101,00000001011100000,010011001001100110100000001011100000,128,8192,25,152,true,single,36,1.0e-10,64
VQE_reduced_surrogate,73002,376,1,0.0001220703125,314.98319375000824,322.9984999999998,not_in_gurobi_pool,,1101110101011100101,00000001010100000,110111010101110010100000001010100000,128,8192,25,152,true,single,36,1.0e-10,64
VQE_reduced_surrogate,73002,409,1,0.0001220703125,326.4288687499966,323.7571,not_in_gurobi_pool,,0000110010011010111,01000101011000101,000011001001101011101000101011000101,128,8192,25,152,true,single,36,1.0e-10,64
VQE_reduced_surrogate,73002,411,1,0.0001220703125,326.87676874999465,324.2049999999998,not_in_gurobi_pool,,0100101110111001001,10000001000000000,010010111011100100110000001000000000,128,8192,25,152,true,single,36,1.0e-10,64
VQE_reduced_surrogate,73002,350,1,0.0001220703125,305.6082187499944,324.3106,not_in_gurobi_pool,,0001010110011001111,00000101010000110,000101011001100111100000101010000110,128,8192,25,152,true,single,36,1.0e-10,64
VQE_reduced_surrogate,73002,413,1,0.0001220703125,327.1527687500111,324.48099999999977,not_in_gurobi_pool,,0010101100111100100,00000100000000000,001010110011110010000000100000000000,128,8192,25,152,true,single,36,1.0e-10,64
VQE_reduced_surrogate,73002,418,1,0.0001220703125,327.4127687500063,324.74099999999993,not_in_gurobi_pool,,1100100101011001111,00100001011000110,110010010101100111100100001011000110,128,8192,25,152,true,single,36,1.0e-10,64
VQE_reduced_surrogate,73002,422,1,0.0001220703125,327.7498687499992,325.07810000000006,not_in_gurobi_pool,,0000111110111010011,01000101000001101,000011111011101001101000101000001101,128,8192,25,152,true,single,36,1.0e-10,64
VQE_reduced_surrogate,73002,423,1,0.0001220703125,327.8228687499982,325.1511,not_in_gurobi_pool,,0000010111011010000,11000101011000000,000001011101101000011000101011000000,128,8192,25,152,true,single,36,1.0e-10,64
VQE_reduced_surrogate,73002,381,1,0.0001220703125,317.1646937500036,325.18000000000006,not_in_gurobi_pool,,0100110111011010000,10000001011100000,010011011101101000010000001011100000,128,8192,25,152,true,single,36,1.0e-10,64
VQE_reduced_surrogate,73002,424,1,0.0001220703125,328.5188687500083,325.8470999999999,not_in_gurobi_pool,,0000110101010100100,01000101011000000,000011010101010010001000101011000000,128,8192,25,152,true,single,36,1.0e-10,64
VQE_reduced_surrogate,73002,383,1,0.0001220703125,317.8606937500033,325.87599999999986,not_in_gurobi_pool,,0100110101010100100,00000001011100000,010011010101010010000000001011100000,128,8192,25,152,true,single,36,1.0e-10,64
VQE_reduced_surrogate,73002,386,1,0.0001220703125,318.16069374999074,326.1760000000001,not_in_gurobi_pool,,1100101010011001111,00000101110000110,110010101001100111100000101110000110,128,8192,25,152,true,single,36,1.0e-10,64
VQE_reduced_surrogate,73002,387,1,0.0001220703125,318.43369374999884,326.449,not_in_gurobi_pool,,0100101001011101011,00000101110000010,010010100101110101100000101110000010,128,8192,25,152,true,single,36,1.0e-10,64
VQE_reduced_surrogate,73002,427,1,0.0001220703125,329.59576875000175,326.92399999999975,not_in_gurobi_pool,,1100101110111000100,00000001000000000,110010111011100010000000001000000000,128,8192,25,152,true,single,36,1.0e-10,64
VQE_reduced_surrogate,73002,323,1,0.0001220703125,297.6281437499979,327.0175999999998,not_in_gurobi_pool,,1001101110111000101,00000101000000000,100110111011100010100000101000000000,128,8192,25,152,true,single,36,1.0e-10,64
VQE_reduced_surrogate,73002,430,1,0.0001220703125,329.9538687499994,327.28210000000007,not_in_gurobi_pool,,0000101110010100101,01000111110000000,000010111001010010101000111110000000,128,8192,25,152,true,single,36,1.0e-10,64
VQE_reduced_surrogate,73002,470,1,0.0001220703125,341.1228437500006,327.7639999999998,not_in_gurobi_pool,,1100101110110010101,00000001000000000,110010111011001010100000001000000000,128,8192,25,152,true,single,36,1.0e-10,64
VQE_reduced_surrogate,73002,471,1,0.0001220703125,341.1228437499974,327.7639999999998,not_in_gurobi_pool,,1100101110111010101,00000001000000000,110010111011101010100000001000000000,128,8192,25,152,true,single,36,1.0e-10,64
VQE_reduced_surrogate,73002,432,1,0.0001220703125,330.4858687500014,327.8141,not_in_gurobi_pool,,0000101110010001101,01000111110000000,000010111001000110101000111110000000,128,8192,25,152,true,single,36,1.0e-10,64
VQE_reduced_surrogate,73002,474,1,0.0001220703125,342.3548437499933,328.9959999999999,not_in_gurobi_pool,,1100101110110100111,00000001000000011,110010111011010011100000001000000011,128,8192,25,152,true,single,36,1.0e-10,64
VQE_reduced_surrogate,73002,475,1,0.0001220703125,342.45584374999703,329.09700000000004,not_in_gurobi_pool,,1100101110110010111,00000001000000101,110010111011001011100000001000000101,128,8192,25,152,true,single,36,1.0e-10,64
VQE_reduced_surrogate,73002,476,1,0.0001220703125,342.4558437499934,329.09700000000004,not_in_gurobi_pool,,1100101110111010111,00000001000000101,110010111011101011100000001000000101,128,8192,25,152,true,single,36,1.0e-10,64
VQE_reduced_surrogate,73002,398,1,0.0001220703125,321.26469375000465,329.2799999999999,not_in_gurobi_pool,,1010101001011010111,00000111010000101,101010100101101011100000111010000101,128,8192,25,152,true,single,36,1.0e-10,64
VQE_reduced_surrogate,73002,437,1,0.0001220703125,332.41476875000217,329.7429999999999,not_in_gurobi_pool,,1100101111011011011,00000101110000100,110010111101101101100000101110000100,128,8192,25,152,true,single,36,1.0e-10,64
VQE_reduced_surrogate,73002,488,1,0.0001220703125,345.42606874998955,342.7542999999999,not_in_gurobi_pool,,1100100100000100001,10110001011000000,110010010000010000110110001011000000,128,8192,25,152,true,single,36,1.0e-10,64
VQE_reduced_surrogate,73002,489,1,0.0001220703125,345.4260687499964,342.7542999999999,not_in_gurobi_pool,,1100100100001100000,10110001011000000,110010010000110000010110001011000000,128,8192,25,152,true,single,36,1.0e-10,64
VQE_reduced_surrogate,73002,490,1,0.0001220703125,345.52706874999285,342.8552999999999,not_in_gurobi_pool,,1100100100001010000,10110001011000000,110010010000101000010110001011000000,128,8192,25,152,true,single,36,1.0e-10,64
VQE_reduced_surrogate,73002,491,1,0.0001220703125,345.95806874999334,343.2862999999999,not_in_gurobi_pool,,1100100100001001001,10110001011000000,110010010000100100110110001011000000,128,8192,25,152,true,single,36,1.0e-10,64
VQE_reduced_surrogate,73002,550,1,0.0001220703125,358.8181437499934,345.4592999999997,not_in_gurobi_pool,,1100100000000011011,00110001011000100,110010000000001101100110001011000100,128,8192,25,152,true,single,36,1.0e-10,64
VQE_reduced_surrogate,73002,454,1,0.0001220703125,337.73899374998587,345.75429999999983,not_in_gurobi_pool,,0100010100001100001,10010001011100000,010001010000110000110010001011100000,128,8192,25,152,true,single,36,1.0e-10,64
VQE_reduced_surrogate,73002,455,1,0.0001220703125,337.7389937499786,345.75429999999983,not_in_gurobi_pool,,0100010100000100001,10010001011100000,010001010000010000110010001011100000,128,8192,25,152,true,single,36,1.0e-10,64
VQE_reduced_surrogate,73002,456,1,0.0001220703125,337.8110937499978,345.82639999999986,not_in_gurobi_pool,,0000000100001010000,11110101011000000,000000010000101000011110101011000000,128,8192,25,152,true,single,36,1.0e-10,64
VQE_reduced_surrogate,73002,416,1,0.0001220703125,327.40391875000137,346.10629999999975,not_in_gurobi_pool,,1100100100101100001,10100000010000000,110010010010110000110100000010000000,128,8192,25,152,true,single,36,1.0e-10,64
VQE_reduced_surrogate,73002,417,1,0.0001220703125,327.4039187499882,346.10629999999975,not_in_gurobi_pool,,1100000100100100001,10100000010000000,110000010010010000110100000010000000,128,8192,25,152,true,single,36,1.0e-10,64
VQE_reduced_surrogate,73002,420,1,0.0001220703125,327.5049187499869,346.20729999999975,not_in_gurobi_pool,,1100000100101010001,10100000010000000,110000010010101000110100000010000000,128,8192,25,152,true,single,36,1.0e-10,64
VQE_reduced_surrogate,73002,380,1,0.0001220703125,316.81784374998915,346.2072999999998,not_in_gurobi_pool,,1100010100101010000,10000000010101000,110001010010101000010000000010101000,128,8192,25,152,true,single,36,1.0e-10,64
VQE_reduced_surrogate,73002,602,1,0.0001220703125,370.99131874999443,346.9454,not_in_gurobi_pool,,1000101100001000001,11011111110000000,100010110000100000111011111110000000,128,8192,25,152,true,single,36,1.0e-10,64
VQE_reduced_surrogate,73002,502,1,0.0001220703125,350.23356875000604,347.5617999999998,not_in_gurobi_pool,,1101100100100100011,00100000000000011,110110010010010001100100000000000011,128,8192,25,152,true,single,36,1.0e-10,64
VQE_reduced_surrogate,73002,465,1,0.0001220703125,339.6979937499784,347.71329999999995,not_in_gurobi_pool,,1100001000001100001,10010101110000000,110000100000110000110010101110000000,128,8192,25,152,true,single,36,1.0e-10,64
VQE_reduced_surrogate,73002,466,1,0.0001220703125,339.79899374998104,347.81429999999995,not_in_gurobi_pool,,1100001100001010001,10010101110000000,110000110000101000110010101110000000,128,8192,25,152,true,single,36,1.0e-10,64
VQE_reduced_surrogate,73002,505,1,0.0001220703125,350.8800687499711,348.2082999999998,not_in_gurobi_pool,,1100010010001000000,10001001011100000,110001001000100000010001001011100000,128,8192,25,152,true,single,36,1.0e-10,64
VQE_reduced_surrogate,73002,468,1,0.0001220703125,340.22999374998653,348.2453,not_in_gurobi_pool,,1100001100001001001,10010101110000000,110000110000100100110010101110000000,128,8192,25,152,true,single,36,1.0e-10,64
VQE_reduced_surrogate,73002,431,1,0.0001220703125,330.3674187500037,349.0698,not_in_gurobi_pool,,1101110110001100001,10000001010100000,110111011000110000110000001010100000,128,8192,25,152,true,single,36,1.0e-10,64
VQE_reduced_surrogate,73002,562,1,0.0001220703125,362.4470437500004,349.08820000000003,not_in_gurobi_pool,,1110110110001010000,10000000011110000,111011011000101000010000000011110000,128,8192,25,152,true,single,36,1.0e-10,64
VQE_reduced_surrogate,73002,509,1,0.0001220703125,351.8501687499868,349.1783999999998,not_in_gurobi_pool,,0000010000101010001,11000000010001000,000001000010101000111000000010001000,128,8192,25,152,true,single,36,1.0e-10,64
VQE_reduced_surrogate,73002,511,1,0.0001220703125,351.9726687500072,349.3008999999996,not_in_gurobi_pool,,0001110000101010000,10000000000001000,000111000010101000010000000000001000,128,8192,25,152,true,single,36,1.0e-10,64
VQE_reduced_surrogate,73002,514,1,0.0001220703125,352.9480687499963,350.2762999999999,not_in_gurobi_pool,,1100110000000001100,00010001011100000,110011000000000110000010001011100000,128,8192,25,152,true,single,36,1.0e-10,64
VQE_reduced_surrogate,73002,473,1,0.0001220703125,342.3070937499954,350.32239999999985,not_in_gurobi_pool,,1000100100011010011,01110101011000101,100010010001101001101110101011000101,128,8192,25,152,true,single,36,1.0e-10,64
VQE_reduced_surrogate,73002,516,1,0.0001220703125,353.09006874998886,350.4183,not_in_gurobi_pool,,1100001000001011011,00010101110000100,110000100000101101100010101110000100,128,8192,25,152,true,single,36,1.0e-10,64
VQE_reduced_surrogate,73002,435,1,0.0001220703125,331.73691874999076,350.4392999999998,not_in_gurobi_pool,,0100000000100100010,00100000010000011,010000000010010001000100000010000011,128,8192,25,152,true,single,36,1.0e-10,64
VQE_reduced_surrogate,73002,397,1,0.0001220703125,321.15084374998173,350.5402999999998,not_in_gurobi_pool,,0100010000101010011,00000000010101101,010001000010101001100000000010101101,128,8192,25,152,true,single,36,1.0e-10,64
VQE_reduced_surrogate,73002,517,1,0.0001220703125,353.35616875000596,350.68440000000004,not_in_gurobi_pool,,0000101100001100001,11010111110000000,000010110000110000111010111110000000,128,8192,25,152,true,single,36,1.0e-10,64
VQE_reduced_surrogate,73002,518,1,0.0001220703125,353.35616874999823,350.68440000000004,not_in_gurobi_pool,,0000001100001100001,11010111110000000,000000110000110000111010111110000000,128,8192,25,152,true,single,36,1.0e-10,64
VQE_reduced_surrogate,73002,569,1,0.0001220703125,364.44914374999826,351.0903,not_in_gurobi_pool,,1100100100011110011,00110001011000001,110010010001111001100110001011000001,128,8192,25,152,true,single,36,1.0e-10,64
VQE_reduced_surrogate,73002,626,1,0.0001220703125,375.2352187499837,351.18929999999983,not_in_gurobi_pool,,0010000100010000001,10111100011000000,001000010001000000110111100011000000,128,8192,25,152,true,single,36,1.0e-10,64
VQE_reduced_surrogate,73002,572,1,0.0001220703125,365.01164374999667,351.65279999999973,not_in_gurobi_pool,,1101110000110000001,10001000000101000,110111000011000000110001000000101000,128,8192,25,152,true,single,36,1.0e-10,64
VQE_reduced_surrogate,73002,628,1,0.0001220703125,375.7097187500001,351.66379999999975,not_in_gurobi_pool,,1011100100111000000,10101000000000000,101110010011100000010101000000000000,128,8192,25,152,true,single,36,1.0e-10,64
VQE_reduced_surrogate,73002,481,1,0.0001220703125,343.9129937500013,351.9282999999998,not_in_gurobi_pool,,0010010000011100000,10010100011100000,001001000001110000010010100011100000,128,8192,25,152,true,single,36,1.0e-10,64
VQE_reduced_surrogate,73002,527,1,0.0001220703125,354.66116874999284,351.9893999999999,not_in_gurobi_pool,,0000010000010010000,11010101011000000,000001000001001000011010101011000000,128,8192,25,152,true,single,36,1.0e-10,64
VQE_reduced_surrogate,73002,482,1,0.0001220703125,344.01399374998823,352.0292999999998,not_in_gurobi_pool,,0010010000011010001,10010100011100000,001001000001101000110010100011100000,128,8192,25,152,true,single,36,1.0e-10,64
VQE_reduced_surrogate,73002,439,1,0.0001220703125,333.345918749995,352.0482999999998,not_in_gurobi_pool,,0100110010001010000,10000001011100000,010011001000101000010000001011100000,128,8192,25,152,true,single,36,1.0e-10,64
VQE_reduced_surrogate,73002,440,1,0.0001220703125,333.35691875,352.0592999999998,not_in_gurobi_pool,,0010110010001010000,10000100011100000,001011001000101000010000100011100000,128,8192,25,152,true,single,36,1.0e-10,64
VQE_reduced_surrogate,73002,441,1,0.0001220703125,333.56691875000456,352.26929999999976,not_in_gurobi_pool,,1100100000110100000,10100000010000000,110010000011010000010100000010000000,128,8192,25,152,true,single,36,1.0e-10,64
VQE_reduced_surrogate,73002,400,1,0.0001220703125,322.87984374999996,352.2692999999998,not_in_gurobi_pool,,1100110000110100000,10000000010101000,110011000011010000010000000010101000,128,8192,25,152,true,single,36,1.0e-10,64
VQE_reduced_surrogate,73002,484,1,0.0001220703125,344.4559937499812,352.47129999999987,not_in_gurobi_pool,,1100100001000100000,10100001011000000,110010000100010000010100001011000000,128,8192,25,152,true,single,36,1.0e-10,64
VQE_reduced_surrogate,73002,485,1,0.0001220703125,344.556993749992,352.57229999999987,not_in_gurobi_pool,,1100100101001010001,10100001011000000,110010010100101000110100001011000000,128,8192,25,152,true,single,36,1.0e-10,64
VQE_reduced_surrogate,73002,486,1,0.0001220703125,344.55699374999017,352.57229999999987,not_in_gurobi_pool,,1100100101001010000,10100001011000000,110010010100101000010100001011000000,128,8192,25,152,true,single,36,1.0e-10,64
VQE_reduced_surrogate,73002,487,1,0.0001220703125,344.5569937499845,352.57229999999987,not_in_gurobi_pool,,1100100001001010001,10100001011000000,110010000100101000110100001011000000,128,8192,25,152,true,single,36,1.0e-10,64
VQE_reduced_surrogate,73002,632,1,0.0001220703125,377.4371187499926,353.3911999999999,not_in_gurobi_pool,,0110110000011010011,00010000011110101,011011000001101001100010000011110101,128,8192,25,152,true,single,36,1.0e-10,64
VQE_reduced_surrogate,73002,446,1,0.0001220703125,335.24341874999163,353.9458000000001,not_in_gurobi_pool,,0011110110000001011,00000100010100110,001111011000000101100000100010100110,128,8192,25,152,true,single,36,1.0e-10,64
VQE_reduced_surrogate,73002,493,1,0.0001220703125,346.012493750002,354.02779999999996,not_in_gurobi_pool,,1101100101001010011,00100001010000101,110110010100101001100100001010000101,128,8192,25,152,true,single,36,1.0e-10,64
VQE_reduced_surrogate,73002,494,1,0.0001220703125,346.0609937500062,354.0762999999998,not_in_gurobi_pool,,0010101000100100001,10000100000000000,001010100010010000110000100000000000,128,8192,25,152,true,single,36,1.0e-10,64
VQE_reduced_surrogate,73002,448,1,0.0001220703125,335.7359187499924,354.43829999999997,not_in_gurobi_pool,,1100101010001001001,10000101110000000,110010101000100100110000101110000000,128,8192,25,152,true,single,36,1.0e-10,64
VQE_reduced_surrogate,73002,407,1,0.0001220703125,325.048843749998,354.43830000000014,not_in_gurobi_pool,,1100111110001001000,10000101110100000,110011111000100100010000101110100000,128,8192,25,152,true,single,36,1.0e-10,64
VQE_reduced_surrogate,73002,590,1,0.0001220703125,367.8526437500004,354.49379999999996,not_in_gurobi_pool,,1101100010010000000,10101001010000000,110110001001000000010101001010000000,128,8192,25,152,true,single,36,1.0e-10,64
VQE_reduced_surrogate,73002,540,1,0.0001220703125,357.204068750003,354.53229999999996,not_in_gurobi_pool,,0010010000011101011,00010100011100010,001001000001110101100010100011100010,128,8192,25,152,true,single,36,1.0e-10,64
VQE_reduced_surrogate,73002,591,1,0.0001220703125,368.10214374997804,354.7432999999998,not_in_gurobi_pool,,0010000101001000001,10101100011000000,001000010100100000110101100011000000,128,8192,25,152,true,single,36,1.0e-10,64
VQE_reduced_surrogate,73002,541,1,0.0001220703125,357.747068750009,355.0752999999999,not_in_gurobi_pool,,1100100101001101011,00100001011000010,110010010100110101100100001011000010,128,8192,25,152,true,single,36,1.0e-10,64
VQE_reduced_surrogate,73002,496,1,0.0001220703125,347.0949937499963,355.1102999999999,not_in_gurobi_pool,,1100100110010100000,10100001011000000,110010011001010000010100001011000000,128,8192,25,152,true,single,36,1.0e-10,64
VQE_reduced_surrogate,73002,497,1,0.0001220703125,347.1540937499901,355.1693999999998,not_in_gurobi_pool,,1000010110001000101,01000101011000000,100001011000100010101000101011000000,128,8192,25,152,true,single,36,1.0e-10,64
VQE_reduced_surrogate,73002,542,1,0.0001220703125,357.8480687500064,355.1763,not_in_gurobi_pool,,1100100101001011011,00100001011000100,110010010100101101100100001011000100,128,8192,25,152,true,single,36,1.0e-10,64
VQE_reduced_surrogate,73002,449,1,0.0001220703125,336.49591874998964,355.1982999999998,not_in_gurobi_pool,,1100010110001000101,00000001011100000,110001011000100010100000001011100000,128,8192,25,152,true,single,36,1.0e-10,64
VQE_reduced_surrogate,73002,450,1,0.0001220703125,336.66591875001086,355.3682999999997,not_in_gurobi_pool,,0010000100100000100,00100000010000000,001000010010000010000100000010000000,128,8192,25,152,true,single,36,1.0e-10,64
VQE_reduced_surrogate,73002,498,1,0.0001220703125,347.4270937499957,355.44239999999985,not_in_gurobi_pool,,0000110001000100000,11000101011000000,000011000100010000011000101011000000,128,8192,25,152,true,single,36,1.0e-10,64
VQE_reduced_surrogate,73002,499,1,0.0001220703125,347.4550937499953,355.47040000000004,not_in_gurobi_pool,,0000011100100010011,01000101000001101,000001110010001001101000101000001101,128,8192,25,152,true,single,36,1.0e-10,64
VQE_reduced_surrogate,73002,451,1,0.0001220703125,336.7689187499857,355.4712999999998,not_in_gurobi_pool,,0100110001000100001,10000001011100000,010011000100010000110000001011100000,128,8192,25,152,true,single,36,1.0e-10,64
VQE_reduced_surrogate,73002,545,1,0.0001220703125,358.2109687499926,355.53919999999994,not_in_gurobi_pool,,0110101100101010011,00000000000100101,011010110010101001100000000000100101,128,8192,25,152,true,single,36,1.0e-10,64
VQE_reduced_surrogate,73002,500,1,0.0001220703125,347.528093749979,355.54339999999985,not_in_gurobi_pool,,0000010001001010000,11000101011000000,000001000100101000011000101011000000,128,8192,25,152,true,single,36,1.0e-10,64
VQE_reduced_surrogate,73002,452,1,0.0001220703125,337.062418750005,355.76480000000004,not_in_gurobi_pool,,1101110110010001000,10000001010100000,110111011001000100010000001010100000,128,8192,25,152,true,single,36,1.0e-10,64
VQE_reduced_surrogate,73002,547,1,0.0001220703125,358.44416875000934,355.77239999999983,not_in_gurobi_pool,,0000110000110001001,11000000010001000,000011000011000100111000000010001000,128,8192,25,152,true,single,36,1.0e-10,64
VQE_reduced_surrogate,73002,453,1,0.0001220703125,337.3769187500063,356.0793,not_in_gurobi_pool,,1100111110001110011,00000101110100001,110011111000111001100000101110100001,128,8192,25,152,true,single,36,1.0e-10,64
VQE_reduced_surrogate,73002,549,1,0.0001220703125,358.80906874998686,356.1373000000002,not_in_gurobi_pool,,0100111100011000001,10011101110100000,010011110001100000110011101110100000,128,8192,25,152,true,single,36,1.0e-10,64
VQE_reduced_surrogate,73002,594,1,0.0001220703125,369.7692437500043,356.4103999999999,not_in_gurobi_pool,,1000110000011001101,01010101011000000,100011000001100110101010101011000000,128,8192,25,152,true,single,36,1.0e-10,64
VQE_reduced_surrogate,73002,595,1,0.0001220703125,369.97064374999945,356.61179999999985,not_in_gurobi_pool,,1101101000110000001,10001001000000000,110110100011000000110001001000000000,128,8192,25,152,true,single,36,1.0e-10,64
VQE_reduced_surrogate,73002,596,1,0.0001220703125,370.06324374999144,356.70439999999985,not_in_gurobi_pool,,0000010110100010011,01000000010001101,000001011010001001101000000010001101,128,8192,25,152,true,single,36,1.0e-10,64
VQE_reduced_surrogate,73002,598,1,0.0001220703125,370.30404375000353,356.9452,not_in_gurobi_pool,,0110110101001010011,00000000011110101,011011010100101001100000000011110101,128,8192,25,152,true,single,36,1.0e-10,64
VQE_reduced_surrogate,73002,458,1,0.0001220703125,338.26191874999904,356.9643,not_in_gurobi_pool,,0100111100000000100,00010101110100000,010011110000000010000010101110100000,128,8192,25,152,true,single,36,1.0e-10,64
VQE_reduced_surrogate,73002,421,1,0.0001220703125,327.744843749992,357.1342999999998,not_in_gurobi_pool,,0100010000110001011,00000000010101110,010001000011000101100000000010101110,128,8192,25,152,true,single,36,1.0e-10,64
VQE_reduced_surrogate,73002,459,1,0.0001220703125,338.5259187500003,357.2283,not_in_gurobi_pool,,1100111100110100001,10000001000101000,110011110011010000110000001000101000,128,8192,25,152,true,single,36,1.0e-10,64
VQE_reduced_surrogate,73002,552,1,0.0001220703125,360.0721687500102,357.4003999999999,not_in_gurobi_pool,,0000000100100100111,01100000010000011,000000010010010011101100000010000011,128,8192,25,152,true,single,36,1.0e-10,64
VQE_reduced_surrogate,73002,604,1,0.0001220703125,371.08214374999534,357.7232999999999,not_in_gurobi_pool,,1100100110110000001,10101000010000000,110010011011000000110101000010000000,128,8192,25,152,true,single,36,1.0e-10,64
VQE_reduced_surrogate,73002,711,1,0.0001220703125,392.78839374999734,358.05539999999974,not_in_gurobi_pool,,0000110101100000000,11001000010001000,000011010110000000011001000010001000,128,8192,25,152,true,single,36,1.0e-10,64
VQE_reduced_surrogate,73002,461,1,0.0001220703125,339.3790187500067,358.08139999999986,not_in_gurobi_pool,,0000000110010100000,11100101011000000,000000011001010000011100101011000000,128,8192,25,152,true,single,36,1.0e-10,64
VQE_reduced_surrogate,73002,553,1,0.0001220703125,360.8400687499934,358.1682999999999,not_in_gurobi_pool,,0100000100011000101,00110001011000000,010000010001100010100110001011000000,128,8192,25,152,true,single,36,1.0e-10,64
VQE_reduced_surrogate,73002,462,1,0.0001220703125,339.4800187500091,358.18239999999986,not_in_gurobi_pool,,0000100110011010000,11100101011000000,000010011001101000011100101011000000,128,8192,25,152,true,single,36,1.0e-10,64
VQE_reduced_surrogate,73002,501,1,0.0001220703125,350.16709374999846,358.18239999999986,not_in_gurobi_pool,,0000110010010010001,11000101011000000,000011001001001000111000101011000000,128,8192,25,152,true,single,36,1.0e-10,64
VQE_reduced_surrogate,73002,463,1,0.0001220703125,339.506918749993,358.20929999999976,not_in_gurobi_pool,,0100111100010100011,00010101110100011,010011110001010001100010101110100011,128,8192,25,152,true,single,36,1.0e-10,64
VQE_reduced_surrogate,73002,464,1,0.0001220703125,339.5369187499805,358.2393,not_in_gurobi_pool,,0100001010001100011,00000101110000011,010000101000110001100000101110000011,128,8192,25,152,true,single,36,1.0e-10,64
VQE_reduced_surrogate,73002,557,1,0.0001220703125,361.2590687500026,358.5872999999998,not_in_gurobi_pool,,1100001100100001101,00000001000000000,110000110010000110100000001000000000,128,8192,25,152,true,single,36,1.0e-10,64
VQE_reduced_surrogate,73002,503,1,0.0001220703125,350.6189937499905,358.6342999999999,not_in_gurobi_pool,,1100100001010100001,10100001011000000,110010000101010000110100001011000000,128,8192,25,152,true,single,36,1.0e-10,64
VQE_reduced_surrogate,73002,467,1,0.0001220703125,340.0389187499911,358.7412999999999,not_in_gurobi_pool,,0100111000011001011,00010101110100110,010011100001100101100010101110100110,128,8192,25,152,true,single,36,1.0e-10,64
VQE_reduced_surrogate,73002,558,1,0.0001220703125,361.41416874999277,358.7423999999998,not_in_gurobi_pool,,0000011110001001011,01000111110000110,000001111000100101101000111110000110,128,8192,25,152,true,single,36,1.0e-10,64
VQE_reduced_surrogate,73002,425,1,0.0001220703125,329.3664437500033,358.75589999999977,not_in_gurobi_pool,,1001111000111010011,00000101000001101,100111100011101001100000101000001101,128,8192,25,152,true,single,36,1.0e-10,64
VQE_reduced_surrogate,73002,610,1,0.0001220703125,372.13404374999686,358.7751999999999,not_in_gurobi_pool,,1110110101010010000,10000000011110000,111011010101001000010000000011110000,128,8192,25,152,true,single,36,1.0e-10,64
VQE_reduced_surrogate,73002,504,1,0.0001220703125,350.7694937499964,358.78479999999996,not_in_gurobi_pool,,1101001100111010011,00000001000000101,110100110011101001100000001000000101,128,8192,25,152,true,single,36,1.0e-10,64
VQE_reduced_surrogate,73002,507,1,0.0001220703125,351.15099374999477,359.1662999999999,not_in_gurobi_pool,,1100100001010001000,10100001011000000,110010000101000100010100001011000000,128,8192,25,152,true,single,36,1.0e-10,64
VQE_reduced_surrogate,73002,561,1,0.0001220703125,362.1610687499999,359.4892999999999,not_in_gurobi_pool,,1100001100100010111,00000001000000101,110000110010001011100000001000000101,128,8192,25,152,true,single,36,1.0e-10,64
VQE_reduced_surrogate,73002,613,1,0.0001220703125,372.9430437499973,359.5841999999999,not_in_gurobi_pool,,0110110010011010011,00000000011110101,011011001001101001100000000011110101,128,8192,25,152,true,single,36,1.0e-10,64
VQE_reduced_surrogate,73002,619,1,0.0001220703125,373.3740437499946,360.01519999999994,not_in_gurobi_pool,,0110110010011001011,00000000011110110,011011001001100101100000000011110110,128,8192,25,152,true,single,36,1.0e-10,64
VQE_reduced_surrogate,73002,512,1,0.0001220703125,352.21299375000876,360.2282999999998,not_in_gurobi_pool,,0100101000110100000,10000001000000000,010010100011010000010000001000000000,128,8192,25,152,true,single,36,1.0e-10,64
VQE_reduced_surrogate,73002,621,1,0.0001220703125,373.59914375000335,360.2403,not_in_gurobi_pool,,0100100000010100111,00110001011000011,010010000001010011100110001011000011,128,8192,25,152,true,single,36,1.0e-10,64
VQE_reduced_surrogate,73002,472,1,0.0001220703125,341.58501875001366,360.28739999999976,not_in_gurobi_pool,,0000101100101000101,01000101000000000,000010110010100010101000101000000000,128,8192,25,152,true,single,36,1.0e-10,64
VQE_reduced_surrogate,73002,513,1,0.0001220703125,352.3119937499971,360.3272999999999,not_in_gurobi_pool,,1100000110110001011,00100000010000110,110000011011000101100100000010000110,128,8192,25,152,true,single,36,1.0e-10,64
VQE_reduced_surrogate,73002,434,1,0.0001220703125,331.41844375000437,360.8078999999999,not_in_gurobi_pool,,0001100010011101011,00100101010000010,000110001001110101100100101010000010,128,8192,25,152,true,single,36,1.0e-10,64
VQE_reduced_surrogate,73002,623,1,0.0001220703125,374.31874375000075,360.9599,not_in_gurobi_pool,,1001101100011100101,00010111100000000,100110110001110010100010111100000000,128,8192,25,152,true,single,36,1.0e-10,64
VQE_reduced_surrogate,73002,515,1,0.0001220703125,353.01109375001647,361.0263999999998,not_in_gurobi_pool,,0000101100100100101,01000101000000000,000010110010010010101000101000000000,128,8192,25,152,true,single,36,1.0e-10,64
VQE_reduced_surrogate,73002,673,1,0.0001220703125,385.1843187500042,361.1383999999997,not_in_gurobi_pool,,1000010110111011011,01000000010001100,100001011011101101101000000010001100,128,8192,25,152,true,single,36,1.0e-10,64
VQE_reduced_surrogate,73002,567,1,0.0001220703125,363.91906874999654,361.2472999999999,not_in_gurobi_pool,,1100010101111000001,10001000010101000,110001010111100000110001000010101000,128,8192,25,152,true,single,36,1.0e-10,64
VQE_reduced_surrogate,73002,477,1,0.0001220703125,342.8179187500127,361.52029999999974,not_in_gurobi_pool,,0100100000111000100,00100000010000000,010010000011100010000100000010000000,128,8192,25,152,true,single,36,1.0e-10,64
VQE_reduced_surrogate,73002,478,1,0.0001220703125,342.828918750017,361.5312999999997,not_in_gurobi_pool,,0010000100111000100,00100000010000000,001000010011100010000100000010000000,128,8192,25,152,true,single,36,1.0e-10,64
VQE_reduced_surrogate,73002,519,1,0.0001220703125,353.5430937500166,361.55839999999984,not_in_gurobi_pool,,0000101100100001101,01000101000000000,000010110010000110101000101000000000,128,8192,25,152,true,single,36,1.0e-10,64
VQE_reduced_surrogate,73002,520,1,0.0001220703125,353.61809375000075,361.63340000000005,not_in_gurobi_pool,,0000111000111010011,01000101000001101,000011100011101001101000101000001101,128,8192,25,152,true,single,36,1.0e-10,64
VQE_reduced_surrogate,73002,479,1,0.0001220703125,342.9709187499966,361.67330000000004,not_in_gurobi_pool,,0010111000111010011,00000100000101101,001011100011101001100000100000101101,128,8192,25,152,true,single,36,1.0e-10,64
VQE_reduced_surrogate,73002,568,1,0.0001220703125,364.3640687499942,361.6922999999999,not_in_gurobi_pool,,0100101110101010011,00000001000000101,010010111010101001100000001000000101,128,8192,25,152,true,single,36,1.0e-10,64
VQE_reduced_surrogate,73002,571,1,0.0001220703125,364.8049687499929,362.1332,not_in_gurobi_pool,,0110101100110001011,00000000000100110,011010110011000101100000000000100110,128,8192,25,152,true,single,36,1.0e-10,64
VQE_reduced_surrogate,73002,522,1,0.0001220703125,354.1859937500001,362.20129999999983,not_in_gurobi_pool,,1100010110011010100,00000001011100000,110001011001101010000000001011100000,128,8192,25,152,true,single,36,1.0e-10,64
VQE_reduced_surrogate,73002,523,1,0.0001220703125,354.24399375000485,362.25929999999977,not_in_gurobi_pool,,0100100100111100101,00100000010000000,010010010011110010100100000010000000,128,8192,25,152,true,single,36,1.0e-10,64
VQE_reduced_surrogate,73002,480,1,0.0001220703125,343.60391874999505,362.30629999999996,not_in_gurobi_pool,,0010001001001001011,00000111010000110,001000100100100101100000111010000110,128,8192,25,152,true,single,36,1.0e-10,64
VQE_reduced_surrogate,73002,524,1,0.0001220703125,354.34409375001246,362.35939999999994,not_in_gurobi_pool,,0000101100100100111,01000101000000011,000010110010010011101000101000000011,128,8192,25,152,true,single,36,1.0e-10,64
VQE_reduced_surrogate,73002,573,1,0.0001220703125,365.27516875000106,362.6033999999999,not_in_gurobi_pool,,1000010110011001100,01000101011000000,100001011001100110001000101011000000,128,8192,25,152,true,single,36,1.0e-10,64
VQE_reduced_surrogate,73002,525,1,0.0001220703125,354.6169937499992,362.6322999999999,not_in_gurobi_pool,,1100010110011001100,00000001011100000,110001011001100110000000001011100000,128,8192,25,152,true,single,36,1.0e-10,64
VQE_reduced_surrogate,73002,526,1,0.0001220703125,354.65799374998846,362.67329999999987,not_in_gurobi_pool,,1100101110010101011,00000101110000010,110010111001010101100000101110000010,128,8192,25,152,true,single,36,1.0e-10,64
VQE_reduced_surrogate,73002,528,1,0.0001220703125,354.67899374999115,362.69429999999994,not_in_gurobi_pool,,1100100010011000111,00100001011000111,110010001001100011100100001011000111,128,8192,25,152,true,single,36,1.0e-10,64
VQE_reduced_surrogate,73002,574,1,0.0001220703125,365.4341687500123,362.7623999999998,not_in_gurobi_pool,,0000100100111001101,01100000010000000,000010010011100110101100000010000000,128,8192,25,152,true,single,36,1.0e-10,64
VQE_reduced_surrogate,73002,575,1,0.0001220703125,365.4341687500255,362.7623999999998,not_in_gurobi_pool,,0000000100111001100,01100000010000000,000000010011100110001100000010000000,128,8192,25,152,true,single,36,1.0e-10,64
VQE_reduced_surrogate,73002,576,1,0.0001220703125,365.43416875001844,362.7623999999998,not_in_gurobi_pool,,0000100000111001101,01100000010000000,000010000011100110101100000010000000,128,8192,25,152,true,single,36,1.0e-10,64
VQE_reduced_surrogate,73002,483,1,0.0001220703125,344.0889187500002,362.79129999999975,not_in_gurobi_pool,,0100110000111001101,00000000010101000,010011000011100110100000000010101000,128,8192,25,152,true,single,36,1.0e-10,64
VQE_reduced_surrogate,73002,529,1,0.0001220703125,354.77599375000227,362.7912999999998,not_in_gurobi_pool,,0100100100111001101,00100000010000000,010010010011100110100100000010000000,128,8192,25,152,true,single,36,1.0e-10,64
VQE_reduced_surrogate,73002,530,1,0.0001220703125,354.7759937500075,362.7912999999998,not_in_gurobi_pool,,0100100000110001101,00100000010000000,010010000011000110100100000010000000,128,8192,25,152,true,single,36,1.0e-10,64
VQE_reduced_surrogate,73002,531,1,0.0001220703125,354.77599375000455,362.7912999999998,not_in_gurobi_pool,,0100100100110001101,00100000010000000,010010010011000110100100000010000000,128,8192,25,152,true,single,36,1.0e-10,64
VQE_reduced_surrogate,73002,532,1,0.0001220703125,354.77599375000364,362.7912999999998,not_in_gurobi_pool,,0100000100111001101,00100000010000000,010000010011100110100100000010000000,128,8192,25,152,true,single,36,1.0e-10,64
VQE_reduced_surrogate,73002,685,1,0.0001220703125,387.0227187499909,362.9768000000001,not_in_gurobi_pool,,1101101001011000000,10001101100000000,110110100101100000010001101100000000,128,8192,25,152,true,single,36,1.0e-10,64
VQE_reduced_surrogate,73002,630,1,0.0001220703125,376.34874375000186,362.9898999999996,not_in_gurobi_pool,,0001110010111010011,00000000000001101,000111001011101001100000000000001101,128,8192,25,152,true,single,36,1.0e-10,64
VQE_reduced_surrogate,73002,533,1,0.0001220703125,355.0250937500118,363.04040000000003,not_in_gurobi_pool,,0000101110010100000,11000111110000000,000010111001010000011000111110000000,128,8192,25,152,true,single,36,1.0e-10,64
VQE_reduced_surrogate,73002,534,1,0.0001220703125,355.126093750014,363.14140000000015,not_in_gurobi_pool,,0000101010011010000,11000111110000000,000010101001101000011000111110000000,128,8192,25,152,true,single,36,1.0e-10,64
VQE_reduced_surrogate,73002,535,1,0.0001220703125,355.4049937499999,363.4202999999999,not_in_gurobi_pool,,1100100001111010011,00100000010000101,110010000111101001100100000010000101,128,8192,25,152,true,single,36,1.0e-10,64
VQE_reduced_surrogate,73002,577,1,0.0001220703125,366.09306874999834,363.4212999999998,not_in_gurobi_pool,,1100101110110100001,10000001000000000,110010111011010000110000001000000000,128,8192,25,152,true,single,36,1.0e-10,64
VQE_reduced_surrogate,73002,579,1,0.0001220703125,366.1940687500012,363.5222999999998,not_in_gurobi_pool,,1100101110110010001,10000001000000000,110010111011001000110000001000000000,128,8192,25,152,true,single,36,1.0e-10,64
VQE_reduced_surrogate,73002,578,1,0.0001220703125,366.19406875000163,363.5222999999999,not_in_gurobi_pool,,1100001110111010000,10000001000000000,110000111011101000010000001000000000,128,8192,25,152,true,single,36,1.0e-10,64
VQE_reduced_surrogate,73002,536,1,0.0001220703125,355.57699375000107,363.5922999999999,not_in_gurobi_pool,,0100000000110100111,00100000010000011,010000000011010011100100000010000011,128,8192,25,152,true,single,36,1.0e-10,64
VQE_reduced_surrogate,73002,580,1,0.0001220703125,366.357668750009,363.6858999999998,not_in_gurobi_pool,,0001100100110100111,00100000000000011,000110010011010011100100000000000011,128,8192,25,152,true,single,36,1.0e-10,64
VQE_reduced_surrogate,73002,537,1,0.0001220703125,355.67799374999413,363.6932999999999,not_in_gurobi_pool,,0100100100111010111,00100000010000101,010010010011101011100100000010000101,128,8192,25,152,true,single,36,1.0e-10,64
VQE_reduced_surrogate,73002,581,1,0.0001220703125,366.54906875000256,363.87730000000005,not_in_gurobi_pool,,0010101100011100101,00010111010000000,001010110001110010100010111010000000,128,8192,25,152,true,single,36,1.0e-10,64
VQE_reduced_surrogate,73002,582,1,0.0001220703125,366.6250687500076,363.95329999999984,not_in_gurobi_pool,,1100101110110001000,10000001000000000,110010111011000100010000001000000000,128,8192,25,152,true,single,36,1.0e-10,64
VQE_reduced_surrogate,73002,633,1,0.0001220703125,377.56964375000484,364.21080000000006,not_in_gurobi_pool,,1101110111011000001,10001001010100000,110111011101100000110001001010100000,128,8192,25,152,true,single,36,1.0e-10,64
VQE_reduced_surrogate,73002,583,1,0.0001220703125,366.88966875000574,364.2178999999998,not_in_gurobi_pool,,0001100000111001111,00100000000000110,000110000011100111100100000000000110,128,8192,25,152,true,single,36,1.0e-10,64
VQE_reduced_surrogate,73002,634,1,0.0001220703125,377.580643749993,364.22180000000003,not_in_gurobi_pool,,1011110111010000000,10001100010100000,101111011101000000010001100010100000,128,8192,25,152,true,single,36,1.0e-10,64
VQE_reduced_surrogate,73002,584,1,0.0001220703125,366.9910687499985,364.31929999999977,not_in_gurobi_pool,,1100001000111010101,00000001000000000,110000100011101010100000001000000000,128,8192,25,152,true,single,36,1.0e-10,64
VQE_reduced_surrogate,73002,538,1,0.0001220703125,356.345993750007,364.36129999999986,not_in_gurobi_pool,,0100100010011000100,00100001011000000,010010001001100010000100001011000000,128,8192,25,152,true,single,36,1.0e-10,64
VQE_reduced_surrogate,73002,445,1,0.0001220703125,335.1138437499935,364.50329999999985,not_in_gurobi_pool,,0100111010011010011,00000101110100101,010011101001101001100000101110100101,128,8192,25,152,true,single,36,1.0e-10,64
VQE_reduced_surrogate,73002,492,1,0.0001220703125,346.0109187500036,364.7132999999998,not_in_gurobi_pool,,1100010110111000101,00000000010101000,110001011011100010100000000010101000,128,8192,25,152,true,single,36,1.0e-10,64
VQE_reduced_surrogate,73002,588,1,0.0001220703125,367.4220687500051,364.7502999999998,not_in_gurobi_pool,,1100001100111001100,00000001000000000,110000110011100110000000001000000000,128,8192,25,152,true,single,36,1.0e-10,64
VQE_reduced_surrogate,73002,495,1,0.0001220703125,346.18291874998636,364.8852999999998,not_in_gurobi_pool,,1100010001011000100,00000001011100000,110001000101100010000000001011100000,128,8192,25,152,true,single,36,1.0e-10,64
VQE_reduced_surrogate,73002,589,1,0.0001220703125,367.5711687499979,364.89939999999973,not_in_gurobi_pool,,1000010111011010001,11000101011000000,100001011101101000111000101011000000,128,8192,25,152,true,single,36,1.0e-10,64
VQE_reduced_surrogate,73002,539,1,0.0001220703125,356.9409937499968,364.9563,not_in_gurobi_pool,,1100101111000100011,00000101110000011,110010111100010001100000101110000011,128,8192,25,152,true,single,36,1.0e-10,64
VQE_reduced_surrogate,73002,592,1,0.0001220703125,368.22306874999936,365.5512999999999,not_in_gurobi_pool,,1100001000110100111,00000001000000011,110000100011010011100000001000000011,128,8192,25,152,true,single,36,1.0e-10,64
VQE_reduced_surrogate,73002,695,1,0.0001220703125,389.87131874998704,365.8254000000001,not_in_gurobi_pool,,0000011101010000001,11001111110000000,000001110101000000111001111110000000,128,8192,25,152,true,single,36,1.0e-10,64
VQE_reduced_surrogate,73002,639,1,0.0001220703125,379.75024375000316,366.39139999999986,not_in_gurobi_pool,,0000110001111010011,01000000010001101,000011000111101001101000000010001101,128,8192,25,152,true,single,36,1.0e-10,64
VQE_reduced_surrogate,73002,642,1,0.0001220703125,380.8981437500099,367.53930000000025,not_in_gurobi_pool,,1100111101111000011,00001001000101111,110011110111100001100001001000101111,128,8192,25,152,true,single,36,1.0e-10,64
VQE_reduced_surrogate,73002,460,1,0.0001220703125,338.6378437499984,368.02729999999974,not_in_gurobi_pool,,0100111001011010011,00000101110100101,010011100101101001100000101110100101,128,8192,25,152,true,single,36,1.0e-10,64
VQE_reduced_surrogate,73002,601,1,0.0001220703125,370.96906874999877,368.2972999999998,not_in_gurobi_pool,,0010101010111001011,00000100000000110,001010101011100101100000100000000110,128,8192,25,152,true,single,36,1.0e-10,64
VQE_reduced_surrogate,73002,600,1,0.0001220703125,370.96906874999854,368.2972999999999,not_in_gurobi_pool,,0010001110110001011,00000100000000110,001000111011000101100000100000000110,128,8192,25,152,true,single,36,1.0e-10,64
VQE_reduced_surrogate,73002,709,1,0.0001220703125,392.5918187500015,368.5458999999996,not_in_gurobi_pool,,0001110110110100101,00000000000001000,000111011011010010100000000000001000,128,8192,25,152,true,single,36,1.0e-10,64
VQE_reduced_surrogate,73002,606,1,0.0001220703125,371.2586687499954,368.58689999999996,not_in_gurobi_pool,,1001101010011010111,00000111100000101,100110101001101011100000111100000101,128,8192,25,152,true,single,36,1.0e-10,64
VQE_reduced_surrogate,73002,607,1,0.0001220703125,371.2960687500024,368.6242999999999,not_in_gurobi_pool,,0100000001011100101,00100001011000000,010000000101110010100100001011000000,128,8192,25,152,true,single,36,1.0e-10,64
VQE_reduced_surrogate,73002,556,1,0.0001220703125,361.0789937499933,369.0943,not_in_gurobi_pool,,0010111100110001111,00000100000101110,001011110011000111100000100000101110,128,8192,25,152,true,single,36,1.0e-10,64
VQE_reduced_surrogate,73002,609,1,0.0001220703125,371.82806875000256,369.15629999999993,not_in_gurobi_pool,,0100000001011001101,00100001011000000,010000000101100110100100001011000000,128,8192,25,152,true,single,36,1.0e-10,64
VQE_reduced_surrogate,73002,559,1,0.0001220703125,361.6769937500037,369.69229999999993,not_in_gurobi_pool,,0100110011011001011,00000001011100110,010011001101100101100000001011100110,128,8192,25,152,true,single,36,1.0e-10,64
VQE_reduced_surrogate,73002,716,1,0.0001220703125,393.9033187499963,369.8574,not_in_gurobi_pool,,0000010110111010111,01000000010001101,000001011011101011101000000010001101,128,8192,25,152,true,single,36,1.0e-10,64
VQE_reduced_surrogate,73002,469,1,0.0001220703125,340.49474374999727,369.8842000000002,not_in_gurobi_pool,,1110101001011000101,00000101010100000,111010100101100010100000101010100000,128,8192,25,152,true,single,36,1.0e-10,64
VQE_reduced_surrogate,73002,717,1,0.0001220703125,394.02581874999305,369.9798999999998,not_in_gurobi_pool,,0001110110110010111,00000000000001101,000111011011001011100000000000001101,128,8192,25,152,true,single,36,1.0e-10,64
VQE_reduced_surrogate,73002,508,1,0.0001220703125,351.36791874999403,370.0703,not_in_gurobi_pool,,0010111110010100101,00000111010100000,001011111001010010100000111010100000,128,8192,25,152,true,single,36,1.0e-10,64
VQE_reduced_surrogate,73002,560,1,0.0001220703125,362.1559937500044,370.17130000000014,not_in_gurobi_pool,,0010101010011010101,00000111010000000,001010101001101010100000111010000000,128,8192,25,152,true,single,36,1.0e-10,64
VQE_reduced_surrogate,73002,720,1,0.0001220703125,394.45681874999127,370.41089999999986,not_in_gurobi_pool,,0001110110110001111,00000000000001110,000111011011000111100000000000001110,128,8192,25,152,true,single,36,1.0e-10,64
VQE_reduced_surrogate,73002,563,1,0.0001220703125,362.5759937499979,370.5913,not_in_gurobi_pool,,0100101110011001100,00000101110000000,010010111001100110000000101110000000,128,8192,25,152,true,single,36,1.0e-10,64
VQE_reduced_surrogate,73002,564,1,0.0001220703125,363.1039937499929,371.1193000000001,not_in_gurobi_pool,,1100001111010100011,00000101110000011,110000111101010001100000101110000011,128,8192,25,152,true,single,36,1.0e-10,64
VQE_reduced_surrogate,73002,565,1,0.0001220703125,363.2049937500001,371.2202999999998,not_in_gurobi_pool,,1100101011011010011,00000101110000101,110010101101101001100000101110000101,128,8192,25,152,true,single,36,1.0e-10,64
VQE_reduced_surrogate,73002,671,1,0.0001220703125,384.7222437499911,371.3634000000001,not_in_gurobi_pool,,0000111110010100111,01000111110000011,000011111001010011101000111110000011,128,8192,25,152,true,single,36,1.0e-10,64
VQE_reduced_surrogate,73002,566,1,0.0001220703125,363.3769937499851,371.39230000000015,not_in_gurobi_pool,,0100001110011100111,00000101110000011,010000111001110011100000101110000011,128,8192,25,152,true,single,36,1.0e-10,64
VQE_reduced_surrogate,73002,730,1,0.0001220703125,395.9933187500078,371.9473999999998,not_in_gurobi_pool,,0000010101111100101,01000000010001000,000001010111110010101000000010001000,128,8192,25,152,true,single,36,1.0e-10,64
VQE_reduced_surrogate,73002,680,1,0.0001220703125,386.77014374999067,373.41129999999987,not_in_gurobi_pool,,0100101110111100101,00000001000000000,010010111011110010100000001000000000,128,8192,25,152,true,single,36,1.0e-10,64
VQE_reduced_surrogate,73002,688,1,0.0001220703125,387.3021437499899,373.9432999999998,not_in_gurobi_pool,,0100101110111001101,00000001000000000,010010111011100110100000001000000000,128,8192,25,152,true,single,36,1.0e-10,64
VQE_reduced_surrogate,73002,585,1,0.0001220703125,367.00199374999715,375.01730000000015,not_in_gurobi_pool,,0100101001011010111,00000101110000101,010010100101101011100000101110000101,128,8192,25,152,true,single,36,1.0e-10,64
VQE_reduced_surrogate,73002,691,1,0.0001220703125,388.63514374998726,375.27630000000005,not_in_gurobi_pool,,0100101110110001111,00000001000000110,010010111011000111100000001000000110,128,8192,25,152,true,single,36,1.0e-10,64
VQE_reduced_surrogate,73002,637,1,0.0001220703125,378.9230687500062,376.25130000000024,not_in_gurobi_pool,,0100110111011010111,00000001011100101,010011011101101011100000001011100101,128,8192,25,152,true,single,36,1.0e-10,64
VQE_reduced_surrogate,73002,641,1,0.0001220703125,380.10029374997566,388.11559999999986,not_in_gurobi_pool,,1100010000101000001,10001000010101000,110001000010100000110001000010101000,128,8192,25,152,true,single,36,1.0e-10,64
VQE_reduced_surrogate,73002,702,1,0.0001220703125,391.17436874998475,388.50259999999986,not_in_gurobi_pool,,0100000100001100001,10110001011000000,010000010000110000110110001011000000,128,8192,25,152,true,single,36,1.0e-10,64
VQE_reduced_surrogate,73002,644,1,0.0001220703125,380.961793750007,388.97709999999984,not_in_gurobi_pool,,1101110100101100001,10000000000101000,110111010010110000110000000000101000,128,8192,25,152,true,single,36,1.0e-10,64
VQE_reduced_surrogate,73002,648,1,0.0001220703125,381.0627937500017,389.0780999999997,not_in_gurobi_pool,,1101110100101010001,10000000000101000,110111010010101000110000000000101000,128,8192,25,152,true,single,36,1.0e-10,64
VQE_reduced_surrogate,73002,554,1,0.0001220703125,360.9390437499949,390.32849999999996,not_in_gurobi_pool,,1110100100100010011,00100000010100101,111010010010001001100100000010100101,128,8192,25,152,true,single,36,1.0e-10,64
VQE_reduced_surrogate,73002,608,1,0.0001220703125,371.7991187499854,390.5015000000001,not_in_gurobi_pool,,1110101000000100001,10010101010100000,111010100000010000110010101010100000,128,8192,25,152,true,single,36,1.0e-10,64
VQE_reduced_surrogate,73002,715,1,0.0001220703125,393.8218687500123,391.15009999999995,not_in_gurobi_pool,,1101110100101110011,00000000000101001,110111010010111001100000000000101001,128,8192,25,152,true,single,36,1.0e-10,64
VQE_reduced_surrogate,73002,614,1,0.0001220703125,372.9932187499819,391.6955999999998,not_in_gurobi_pool,,1100010010001100000,10000001011100000,110001001000110000010000001011100000,128,8192,25,152,true,single,36,1.0e-10,64
VQE_reduced_surrogate,73002,661,1,0.0001220703125,383.8103937500248,391.82569999999976,not_in_gurobi_pool,,0000100100100100000,11100000010000000,000010010010010000011100000010000000,128,8192,25,152,true,single,36,1.0e-10,64
VQE_reduced_surrogate,73002,662,1,0.0001220703125,383.81039375001274,391.82569999999976,not_in_gurobi_pool,,0000100000100100001,11100000010000000,000010000010010000111100000010000000,128,8192,25,152,true,single,36,1.0e-10,64
VQE_reduced_surrogate,73002,615,1,0.0001220703125,373.1632187500061,391.86559999999974,not_in_gurobi_pool,,0010000100100100000,10100000010000000,001000010010010000010100000010000000,128,8192,25,152,true,single,36,1.0e-10,64
VQE_reduced_surrogate,73002,616,1,0.0001220703125,373.16321875001563,391.86559999999974,not_in_gurobi_pool,,0010100100100100000,10100000010000000,001010010010010000010100000010000000,128,8192,25,152,true,single,36,1.0e-10,64
VQE_reduced_surrogate,73002,617,1,0.0001220703125,373.1632187499961,391.86559999999974,not_in_gurobi_pool,,0010000100100100001,10100000010000000,001000010010010000110100000010000000,128,8192,25,152,true,single,36,1.0e-10,64
VQE_reduced_surrogate,73002,664,1,0.0001220703125,383.91139375000307,391.92669999999976,not_in_gurobi_pool,,0000100100100010001,11100000010000000,000010010010001000111100000010000000,128,8192,25,152,true,single,36,1.0e-10,64
VQE_reduced_surrogate,73002,665,1,0.0001220703125,383.91139375001535,391.92669999999976,not_in_gurobi_pool,,0000100100101010000,11100000010000000,000010010010101000011100000010000000,128,8192,25,152,true,single,36,1.0e-10,64
VQE_reduced_surrogate,73002,666,1,0.0001220703125,383.911393750004,391.92669999999976,not_in_gurobi_pool,,0000100100101010001,11100000010000000,000010010010101000111100000010000000,128,8192,25,152,true,single,36,1.0e-10,64
VQE_reduced_surrogate,73002,618,1,0.0001220703125,373.25321874998394,391.9555999999998,not_in_gurobi_pool,,0100000100101010001,10100000010000000,010000010010101000110100000010000000,128,8192,25,152,true,single,36,1.0e-10,64
VQE_reduced_surrogate,73002,620,1,0.0001220703125,373.5252187499834,392.2275999999998,not_in_gurobi_pool,,1100010010001001001,10000001011100000,110001001000100100110000001011100000,128,8192,25,152,true,single,36,1.0e-10,64
VQE_reduced_surrogate,73002,622,1,0.0001220703125,373.68421874999217,392.3865999999998,not_in_gurobi_pool,,0100000100101001001,10100000010000000,010000010010100100110100000010000000,128,8192,25,152,true,single,36,1.0e-10,64
VQE_reduced_surrogate,73002,670,1,0.0001220703125,384.4648937500076,392.4801999999997,not_in_gurobi_pool,,0001000100101001001,10100000000000000,000100010010100100110100000000000000,128,8192,25,152,true,single,36,1.0e-10,64
VQE_reduced_surrogate,73002,787,1,0.0001220703125,406.3834437500061,393.0245999999999,not_in_gurobi_pool,,1100100000000001100,00110001011000000,110010000000000110000110001011000000,128,8192,25,152,true,single,36,1.0e-10,64
VQE_reduced_surrogate,73002,672,1,0.0001220703125,385.09019374999616,393.10550000000035,not_in_gurobi_pool,,1110101000001101011,00010101010100010,111010100000110101100010101010100010,128,8192,25,152,true,single,36,1.0e-10,64
VQE_reduced_surrogate,73002,728,1,0.0001220703125,395.81886875000214,393.1471,not_in_gurobi_pool,,1101110100000001101,00010001010100000,110111010000000110100010001010100000,128,8192,25,152,true,single,36,1.0e-10,64
VQE_reduced_surrogate,73002,674,1,0.0001220703125,385.21779374999323,393.2330999999998,not_in_gurobi_pool,,1011010100011010011,00010100010100101,101101010001101001100010100010100101,128,8192,25,152,true,single,36,1.0e-10,64
VQE_reduced_surrogate,73002,675,1,0.0001220703125,385.406793749994,393.4220999999998,not_in_gurobi_pool,,0011110100100010011,00000000000101101,001111010010001001100000000000101101,128,8192,25,152,true,single,36,1.0e-10,64
VQE_reduced_surrogate,73002,624,1,0.0001220703125,374.8602187499944,393.5626,not_in_gurobi_pool,,0100111100000010000,10010101110100000,010011110000001000010010101110100000,128,8192,25,152,true,single,36,1.0e-10,64
VQE_reduced_surrogate,73002,676,1,0.0001220703125,385.6487937499958,393.6641000000001,not_in_gurobi_pool,,1011010000011001011,00010100010100110,101101000001100101100010100010100110,128,8192,25,152,true,single,36,1.0e-10,64
VQE_reduced_surrogate,73002,627,1,0.0001220703125,375.25981875,393.9621999999998,not_in_gurobi_pool,,1001010110000110011,00000101010000001,100101011000011001100000101010000001,128,8192,25,152,true,single,36,1.0e-10,64
VQE_reduced_surrogate,73002,738,1,0.0001220703125,397.1014687500083,394.4296999999998,not_in_gurobi_pool,,0000000100100101011,01100000010000010,000000010010010101101100000010000010,128,8192,25,152,true,single,36,1.0e-10,64
VQE_reduced_surrogate,73002,741,1,0.0001220703125,397.33736874999386,394.66559999999987,not_in_gurobi_pool,,0100000000010100000,10110001011000000,010000000001010000010110001011000000,128,8192,25,152,true,single,36,1.0e-10,64
VQE_reduced_surrogate,73002,678,1,0.0001220703125,386.680293749999,394.69559999999984,not_in_gurobi_pool,,0100100110000100000,10100001011000000,010010011000010000010100001011000000,128,8192,25,152,true,single,36,1.0e-10,64
VQE_reduced_surrogate,73002,679,1,0.0001220703125,386.6912937500058,394.7065999999998,not_in_gurobi_pool,,0010100110000100000,10100100011000000,001010011000010000010100100011000000,128,8192,25,152,true,single,36,1.0e-10,64
VQE_reduced_surrogate,73002,742,1,0.0001220703125,397.4383687499919,394.76659999999987,not_in_gurobi_pool,,0100100100011010001,10110001011000000,010010010001101000110110001011000000,128,8192,25,152,true,single,36,1.0e-10,64
VQE_reduced_surrogate,73002,681,1,0.0001220703125,386.78129374999685,394.79659999999984,not_in_gurobi_pool,,0100100110001010000,10100001011000000,010010011000101000010100001011000000,128,8192,25,152,true,single,36,1.0e-10,64
VQE_reduced_surrogate,73002,682,1,0.0001220703125,386.79229375000364,394.8075999999998,not_in_gurobi_pool,,0010100110001010000,10100100011000000,001010011000101000010100100011000000,128,8192,25,152,true,single,36,1.0e-10,64
VQE_reduced_surrogate,73002,799,1,0.0001220703125,408.37694374999387,395.01810000000006,not_in_gurobi_pool,,0101101000000010011,00010101100000101,010110100000001001100010101100000101,128,8192,25,152,true,single,36,1.0e-10,64
VQE_reduced_surrogate,73002,801,1,0.0001220703125,408.3879437499961,395.02909999999997,not_in_gurobi_pool,,0011101000001010011,00010111000000101,001110100000101001100010111000000101,128,8192,25,152,true,single,36,1.0e-10,64
VQE_reduced_surrogate,73002,631,1,0.0001220703125,376.5172187499627,395.2195999999998,not_in_gurobi_pool,,1100010001000100000,10000001011100000,110001000100010000010000001011100000,128,8192,25,152,true,single,36,1.0e-10,64
VQE_reduced_surrogate,73002,686,1,0.0001220703125,387.21229374998893,395.2275999999999,not_in_gurobi_pool,,0100100010000001001,10100001011000000,010010001000000100110100001011000000,128,8192,25,152,true,single,36,1.0e-10,64
VQE_reduced_surrogate,73002,687,1,0.0001220703125,387.23679374999574,395.2520999999997,not_in_gurobi_pool,,1011110000111010000,10000000000101000,101111000011101000010000000000101000,128,8192,25,152,true,single,36,1.0e-10,64
VQE_reduced_surrogate,73002,750,1,0.0001220703125,398.3173687499991,395.64560000000006,not_in_gurobi_pool,,0010101100000110011,00010111010000001,001010110000011001100010111010000001,128,8192,25,152,true,single,36,1.0e-10,64
VQE_reduced_surrogate,73002,753,1,0.0001220703125,398.557368749985,395.88559999999995,not_in_gurobi_pool,,1100111000011000001,10011101110100000,110011100001100000110011101110100000,128,8192,25,152,true,single,36,1.0e-10,64
VQE_reduced_surrogate,73002,754,1,0.0001220703125,398.7373687499951,396.0656000000001,not_in_gurobi_pool,,0100101100000101011,00010101110000010,010010110000010101100010101110000010,128,8192,25,152,true,single,36,1.0e-10,64
VQE_reduced_surrogate,73002,689,1,0.0001220703125,388.05539374999694,396.0706999999998,not_in_gurobi_pool,,0000100100010010011,01110101011000101,000010010001001001101110101011000101,128,8192,25,152,true,single,36,1.0e-10,64
VQE_reduced_surrogate,73002,755,1,0.0001220703125,399.0893687500027,396.4175999999998,not_in_gurobi_pool,,1100101000100101011,00000001000000010,110010100010010101100000001000000010,128,8192,25,152,true,single,36,1.0e-10,64
VQE_reduced_surrogate,73002,586,1,0.0001220703125,367.102043749996,396.4915,not_in_gurobi_pool,,1110000100111010011,00100000010100101,111000010011101001100100000010100101,128,8192,25,152,true,single,36,1.0e-10,64
VQE_reduced_surrogate,73002,756,1,0.0001220703125,399.44886875000316,396.77709999999996,not_in_gurobi_pool,,1101101110000100000,10000101100000000,110110111000010000010000101100000000,128,8192,25,152,true,single,36,1.0e-10,64
VQE_reduced_surrogate,73002,635,1,0.0001220703125,378.1112187500039,396.81359999999995,not_in_gurobi_pool,,0100111100100100000,10000001000101000,010011110010010000010000001000101000,128,8192,25,152,true,single,36,1.0e-10,64
VQE_reduced_surrogate,73002,692,1,0.0001220703125,388.83389375001434,396.8491999999998,not_in_gurobi_pool,,1001101010000010000,10000111100000000,100110101000001000010000111100000000,128,8192,25,152,true,single,36,1.0e-10,64
VQE_reduced_surrogate,73002,759,1,0.0001220703125,399.799468750002,397.12769999999995,not_in_gurobi_pool,,1000101100011001001,11010111110000000,100010110001100100111010111110000000,128,8192,25,152,true,single,36,1.0e-10,64
VQE_reduced_surrogate,73002,636,1,0.0001220703125,378.57621875000723,397.27859999999987,not_in_gurobi_pool,,1100110100101010111,00000000010101101,110011010010101011100000000010101101,128,8192,25,152,true,single,36,1.0e-10,64
VQE_reduced_surrogate,73002,760,1,0.0001220703125,400.1233687499994,397.45160000000004,not_in_gurobi_pool,,1100101100001100101,00010101110000000,110010110000110010100010101110000000,128,8192,25,152,true,single,36,1.0e-10,64
VQE_reduced_surrogate,73002,543,1,0.0001220703125,357.87566875000084,397.95219999999983,not_in_gurobi_pool,,1001100110010100001,10100101010000000,100110011001010000110100101010000000,128,8192,25,152,true,single,36,1.0e-10,64
VQE_reduced_surrogate,73002,696,1,0.0001220703125,389.97339375003025,397.98869999999977,not_in_gurobi_pool,,0000100000110100000,11100000010000000,000010000011010000011100000010000000,128,8192,25,152,true,single,36,1.0e-10,64
VQE_reduced_surrogate,73002,638,1,0.0001220703125,379.32621875000336,398.02859999999976,not_in_gurobi_pool,,0010000000110100001,10100000010000000,001000000011010000110100000010000000,128,8192,25,152,true,single,36,1.0e-10,64
VQE_reduced_surrogate,73002,593,1,0.0001220703125,368.6991437499976,398.08860000000004,not_in_gurobi_pool,,1100111010000010011,00000101110100101,110011101000001001100000101110100101,128,8192,25,152,true,single,36,1.0e-10,64
VQE_reduced_surrogate,73002,697,1,0.0001220703125,390.0958937500286,398.11119999999966,not_in_gurobi_pool,,0001100100110100000,10100000000000000,000110010011010000010100000000000000,128,8192,25,152,true,single,36,1.0e-10,64
VQE_reduced_surrogate,73002,698,1,0.0001220703125,390.21529374998977,398.2305999999998,not_in_gurobi_pool,,0010000101000100000,10100100011000000,001000010100010000010100100011000000,128,8192,25,152,true,single,36,1.0e-10,64
VQE_reduced_surrogate,73002,546,1,0.0001220703125,358.26466875000006,398.34119999999973,not_in_gurobi_pool,,0001001000101010011,00000101000000101,000100100010101001100000101000000101,128,8192,25,152,true,single,36,1.0e-10,64
VQE_reduced_surrogate,73002,699,1,0.0001220703125,390.50539375003314,398.5206999999998,not_in_gurobi_pool,,0000100000110001000,11100000010000000,000010000011000100011100000010000000,128,8192,25,152,true,single,36,1.0e-10,64
VQE_reduced_surrogate,73002,700,1,0.0001220703125,390.674293750008,398.6895999999998,not_in_gurobi_pool,,0010001000101001010,00000100000000110,001000100010100101000000100000000110,128,8192,25,152,true,single,36,1.0e-10,64
VQE_reduced_surrogate,73002,701,1,0.0001220703125,390.73629374998177,398.7515999999999,not_in_gurobi_pool,,0100000101000001000,10100001011000000,010000010100000100010100001011000000,128,8192,25,152,true,single,36,1.0e-10,64
VQE_reduced_surrogate,73002,763,1,0.0001220703125,401.4563687499983,398.78459999999995,not_in_gurobi_pool,,1100101000001100111,00010101110000011,110010100000110011100010101110000011,128,8192,25,152,true,single,36,1.0e-10,64
VQE_reduced_surrogate,73002,814,1,0.0001220703125,412.1745437500015,398.81569999999977,not_in_gurobi_pool,,0000010000100100101,01000000010001000,000001000010010010101000000010001000,128,8192,25,152,true,single,36,1.0e-10,64
VQE_reduced_surrogate,73002,872,1,0.0001220703125,423.31351875000314,399.2675999999997,not_in_gurobi_pool,,1100101110101000000,10001001000000000,110010111010100000010001001000000000,128,8192,25,152,true,single,36,1.0e-10,64
VQE_reduced_surrogate,73002,766,1,0.0001220703125,402.2568687499936,399.5850999999999,not_in_gurobi_pool,,0011100000111010011,00100000000000101,001110000011101001100100000000000101,128,8192,25,152,true,single,36,1.0e-10,64
VQE_reduced_surrogate,73002,703,1,0.0001220703125,391.6092937499868,399.62460000000004,not_in_gurobi_pool,,0100001100011100001,10010101110000000,010000110001110000110010101110000000,128,8192,25,152,true,single,36,1.0e-10,64
VQE_reduced_surrogate,73002,767,1,0.0001220703125,402.2974687500059,399.6257000000002,not_in_gurobi_pool,,0000111110001100000,11000111110000000,000011111000110000011000111110000000,128,8192,25,152,true,single,36,1.0e-10,64
VQE_reduced_surrogate,73002,597,1,0.0001220703125,370.26514374999306,399.65459999999996,not_in_gurobi_pool,,0100111110000100001,10000101110100000,010011111000010000110000101110100000,128,8192,25,152,true,single,36,1.0e-10,64
VQE_reduced_surrogate,73002,643,1,0.0001220703125,380.95221874998947,399.6546,not_in_gurobi_pool,,0100001110001100000,10000101110000000,010000111000110000010000101110000000,128,8192,25,152,true,single,36,1.0e-10,64
VQE_reduced_surrogate,73002,645,1,0.0001220703125,380.9632187500106,399.66559999999987,not_in_gurobi_pool,,0010101010000100000,10000111010000000,001010101000010000010000111010000000,128,8192,25,152,true,single,36,1.0e-10,64
VQE_reduced_surrogate,73002,818,1,0.0001220703125,413.07704375000594,399.71819999999974,not_in_gurobi_pool,,0001111100011100001,10010111100000000,000111110001110000110010111100000000,128,8192,25,152,true,single,36,1.0e-10,64
VQE_reduced_surrogate,73002,704,1,0.0001220703125,391.71029374998966,399.72559999999993,not_in_gurobi_pool,,0100001100011010000,10010101110000000,010000110001101000010010101110000000,128,8192,25,152,true,single,36,1.0e-10,64
VQE_reduced_surrogate,73002,646,1,0.0001220703125,381.03421875000186,399.73659999999995,not_in_gurobi_pool,,0010111100011010000,10010111010100000,001011110001101000010010111010100000,128,8192,25,152,true,single,36,1.0e-10,64
VQE_reduced_surrogate,73002,647,1,0.0001220703125,381.0532187499814,399.7555999999999,not_in_gurobi_pool,,0100001110001010001,10000101110000000,010000111000101000110000101110000000,128,8192,25,152,true,single,36,1.0e-10,64
VQE_reduced_surrogate,73002,649,1,0.0001220703125,381.21021874999883,399.9125999999999,not_in_gurobi_pool,,0100110110101001011,00000000010101110,010011011010100101100000000010101110,128,8192,25,152,true,single,36,1.0e-10,64
VQE_reduced_surrogate,73002,821,1,0.0001220703125,413.34744374999696,399.98859999999985,not_in_gurobi_pool,,1100000100010100111,00110001011000011,110000010001010011100110001011000011,128,8192,25,152,true,single,36,1.0e-10,64
VQE_reduced_surrogate,73002,705,1,0.0001220703125,392.18479374999674,400.20009999999985,not_in_gurobi_pool,,1101101000111010001,10000001000000000,110110100011101000110000001000000000,128,8192,25,152,true,single,36,1.0e-10,64
VQE_reduced_surrogate,73002,707,1,0.0001220703125,392.4472937500011,400.4625999999997,not_in_gurobi_pool,,1100110010010101011,00000001011100010,110011001001010101100000001011100010,128,8192,25,152,true,single,36,1.0e-10,64
VQE_reduced_surrogate,73002,710,1,0.0001220703125,392.6157937500004,400.6310999999999,not_in_gurobi_pool,,1101101000111001001,10000001000000000,110110100011100100110000001000000000,128,8192,25,152,true,single,36,1.0e-10,64
VQE_reduced_surrogate,73002,653,1,0.0001220703125,382.5082187500043,401.2105999999999,not_in_gurobi_pool,,1100010110111100000,10000000010101000,110001011011110000010000000010101000,128,8192,25,152,true,single,36,1.0e-10,64
VQE_reduced_surrogate,73002,655,1,0.0001220703125,382.60921875000713,401.31159999999977,not_in_gurobi_pool,,1100110110110010000,10000000010101000,110011011011001000010000000010101000,128,8192,25,152,true,single,36,1.0e-10,64
VQE_reduced_surrogate,73002,656,1,0.0001220703125,382.6092187500035,401.3115999999999,not_in_gurobi_pool,,1100010110111010000,10000000010101000,110001011011101000010000000010101000,128,8192,25,152,true,single,36,1.0e-10,64
VQE_reduced_surrogate,73002,713,1,0.0001220703125,393.29629375000354,401.3115999999999,not_in_gurobi_pool,,1100100110111010000,10100000010000000,110010011011101000010100000010000000,128,8192,25,152,true,single,36,1.0e-10,64
VQE_reduced_surrogate,73002,779,1,0.0001220703125,404.09426874999735,401.4225,not_in_gurobi_pool,,1110100101011100000,10100000011100000,111010010101110000010100000011100000,128,8192,25,152,true,single,36,1.0e-10,64
VQE_reduced_surrogate,73002,826,1,0.0001220703125,414.78934374999585,401.43050000000005,not_in_gurobi_pool,,0110110110011001001,10000000011110000,011011011001100100110000000011110000,128,8192,25,152,true,single,36,1.0e-10,64
VQE_reduced_surrogate,73002,611,1,0.0001220703125,372.2231437500027,401.61259999999993,not_in_gurobi_pool,,1100011101001010011,00000101110100101,110001110100101001100000101110100101,128,8192,25,152,true,single,36,1.0e-10,64
VQE_reduced_surrogate,73002,657,1,0.0001220703125,383.04021875000535,401.7425999999999,not_in_gurobi_pool,,1100010110111001000,10000000010101000,110001011011100100010000000010101000,128,8192,25,152,true,single,36,1.0e-10,64
VQE_reduced_surrogate,73002,714,1,0.0001220703125,393.72729374999994,401.7425999999999,not_in_gurobi_pool,,1100100110111001001,10100000010000000,110010011011100100110100000010000000,128,8192,25,152,true,single,36,1.0e-10,64
VQE_reduced_surrogate,73002,658,1,0.0001220703125,383.1392187500005,401.84159999999986,not_in_gurobi_pool,,1100111000111001010,00000001000101110,110011100011100101000000001000101110,128,8192,25,152,true,single,36,1.0e-10,64
VQE_reduced_surrogate,73002,612,1,0.0001220703125,372.5757437500047,401.96519999999987,not_in_gurobi_pool,,1001101110101001011,00000101000000110,100110111010100101100000101000000110,128,8192,25,152,true,single,36,1.0e-10,64
VQE_reduced_surrogate,73002,889,1,0.0001220703125,426.2181187500021,402.1721999999999,not_in_gurobi_pool,,1001111010011000001,10001111100000000,100111101001100000110001111100000000,128,8192,25,152,true,single,36,1.0e-10,64
VQE_reduced_surrogate,73002,781,1,0.0001220703125,404.85936875000675,402.18759999999986,not_in_gurobi_pool,,0100110000011001100,00010001011100000,010011000001100110000010001011100000,128,8192,25,152,true,single,36,1.0e-10,64
VQE_reduced_surrogate,73002,782,1,0.0001220703125,404.85936875000766,402.18759999999986,not_in_gurobi_pool,,0100110000010001100,00010001011100000,010011000001000110000010001011100000,128,8192,25,152,true,single,36,1.0e-10,64
VQE_reduced_surrogate,73002,783,1,0.0001220703125,404.873968750009,402.20219999999966,not_in_gurobi_pool,,1001100000111010100,00100000000000000,100110000011101010000100000000000000,128,8192,25,152,true,single,36,1.0e-10,64
VQE_reduced_surrogate,73002,718,1,0.0001220703125,394.2432937499889,402.25860000000006,not_in_gurobi_pool,,0100101110000101011,00000101110000010,010010111000010101100000101110000010,128,8192,25,152,true,single,36,1.0e-10,64
VQE_reduced_surrogate,73002,719,1,0.0001220703125,394.25429374999203,402.2696000000001,not_in_gurobi_pool,,0010001110001101011,00000111010000010,001000111000110101100000111010000010,128,8192,25,152,true,single,36,1.0e-10,64
VQE_reduced_surrogate,73002,660,1,0.0001220703125,383.57881875001885,402.2811999999999,not_in_gurobi_pool,,0001100000011001101,00110101010000000,000110000001100110100110101010000000,128,8192,25,152,true,single,36,1.0e-10,64
VQE_reduced_surrogate,73002,831,1,0.0001220703125,415.7299437500026,402.37109999999984,not_in_gurobi_pool,,0011101100110000001,10001100000000000,001110110011000000110001100000000000,128,8192,25,152,true,single,36,1.0e-10,64
VQE_reduced_surrogate,73002,721,1,0.0001220703125,394.5242937500084,402.5395999999998,not_in_gurobi_pool,,1100000100111001100,00100000010000000,110000010011100110000100000010000000,128,8192,25,152,true,single,36,1.0e-10,64
VQE_reduced_surrogate,73002,722,1,0.0001220703125,394.52429375001,402.5395999999998,not_in_gurobi_pool,,1100100000111001100,00100000010000000,110010000011100110000100000010000000,128,8192,25,152,true,single,36,1.0e-10,64
VQE_reduced_surrogate,73002,723,1,0.0001220703125,394.52429375001225,402.5395999999998,not_in_gurobi_pool,,1100100000110001100,00100000010000000,110010000011000110000100000010000000,128,8192,25,152,true,single,36,1.0e-10,64
VQE_reduced_surrogate,73002,663,1,0.0001220703125,383.8372187500031,402.53959999999984,not_in_gurobi_pool,,1100110000110001100,00000000010101000,110011000011000110000000000010101000,128,8192,25,152,true,single,36,1.0e-10,64
VQE_reduced_surrogate,73002,785,1,0.0001220703125,405.43886875001,402.7670999999999,not_in_gurobi_pool,,1101110110110010011,00000000000101101,110111011011001001100000000000101101,128,8192,25,152,true,single,36,1.0e-10,64
VQE_reduced_surrogate,73002,834,1,0.0001220703125,416.1369437499891,402.77809999999965,not_in_gurobi_pool,,1011100110111010011,00100000000000101,101110011011101001100100000000000101,128,8192,25,152,true,single,36,1.0e-10,64
VQE_reduced_surrogate,73002,724,1,0.0001220703125,394.8417937499946,402.85709999999983,not_in_gurobi_pool,,0011100010011001011,00100100010000110,001110001001100101100100100010000110,128,8192,25,152,true,single,36,1.0e-10,64
VQE_reduced_surrogate,73002,786,1,0.0001220703125,405.7128687499983,403.04109999999986,not_in_gurobi_pool,,1101101010011010001,10000101100000000,110110101001101000110000101100000000,128,8192,25,152,true,single,36,1.0e-10,64
VQE_reduced_surrogate,73002,893,1,0.0001220703125,427.6111187500169,403.5651999999998,not_in_gurobi_pool,,0001100110111000000,10101000000000000,000110011011100000010101000000000000,128,8192,25,152,true,single,36,1.0e-10,64
VQE_reduced_surrogate,73002,726,1,0.0001220703125,395.6292937499991,403.6445999999998,not_in_gurobi_pool,,1100101110000100100,00000101110000000,110010111000010010000000101110000000,128,8192,25,152,true,single,36,1.0e-10,64
VQE_reduced_surrogate,73002,837,1,0.0001220703125,417.05194374999223,403.69309999999996,not_in_gurobi_pool,,0101101100111000011,00001001000000111,010110110011100001100001001000000111,128,8192,25,152,true,single,36,1.0e-10,64
VQE_reduced_surrogate,73002,788,1,0.0001220703125,406.4863687499974,403.8145999999998,not_in_gurobi_pool,,1100100110111101011,00100000010000010,110010011011110101100100000010000010,128,8192,25,152,true,single,36,1.0e-10,64
VQE_reduced_surrogate,73002,789,1,0.0001220703125,406.5763687500005,403.9045999999998,not_in_gurobi_pool,,0100101100101010101,00000001000000000,010010110010101010100000001000000000,128,8192,25,152,true,single,36,1.0e-10,64
VQE_reduced_surrogate,73002,729,1,0.0001220703125,395.90029375000927,403.91560000000015,not_in_gurobi_pool,,1100010110111011011,00000000010101100,110001011011101101100000000010101100,128,8192,25,152,true,single,36,1.0e-10,64
VQE_reduced_surrogate,73002,732,1,0.0001220703125,396.1612937499956,404.17659999999995,not_in_gurobi_pool,,1100101110001001101,00000101110000000,110010111000100110100000101110000000,128,8192,25,152,true,single,36,1.0e-10,64
VQE_reduced_surrogate,73002,839,1,0.0001220703125,417.54054375001033,404.18169999999986,not_in_gurobi_pool,,0000010110110100000,11000000010001000,000001011011010000011000000010001000,128,8192,25,152,true,single,36,1.0e-10,64
VQE_reduced_surrogate,73002,840,1,0.0001220703125,417.7640437500013,404.4051999999997,not_in_gurobi_pool,,0001010110111010001,10000000000001000,000101011011101000110000000000001000,128,8192,25,152,true,single,36,1.0e-10,64
VQE_reduced_surrogate,73002,733,1,0.0001220703125,396.39639374999706,404.4116999999999,not_in_gurobi_pool,,0000001110101010011,01000101000000101,000000111010101001101000101000000101,128,8192,25,152,true,single,36,1.0e-10,64
VQE_reduced_surrogate,73002,734,1,0.0001220703125,396.39639375000024,404.4116999999999,not_in_gurobi_pool,,0000101110101010011,01000101000000101,000010111010101001101000101000000101,128,8192,25,152,true,single,36,1.0e-10,64
VQE_reduced_surrogate,73002,841,1,0.0001220703125,417.8093437499963,404.4504999999999,not_in_gurobi_pool,,0110111100111010011,00000000000111101,011011110011101001100000000000111101,128,8192,25,152,true,single,36,1.0e-10,64
VQE_reduced_surrogate,73002,735,1,0.0001220703125,396.52879374999566,404.54409999999973,not_in_gurobi_pool,,0011101100110010011,00000100000000101,001110110011001001100000100000000101,128,8192,25,152,true,single,36,1.0e-10,64
VQE_reduced_surrogate,73002,570,1,0.0001220703125,364.48766875001456,404.5641999999998,not_in_gurobi_pool,,0001100101000000100,00100101010000000,000110010100000010000100101010000000,128,8192,25,152,true,single,36,1.0e-10,64
VQE_reduced_surrogate,73002,625,1,0.0001220703125,375.1747437500064,404.5641999999998,not_in_gurobi_pool,,0001110101001000100,00000101010000000,000111010100100010000000101010000000,128,8192,25,152,true,single,36,1.0e-10,64
VQE_reduced_surrogate,73002,677,1,0.0001220703125,386.0322187499978,404.7345999999998,not_in_gurobi_pool,,1100110101110100000,10000000010101000,110011010111010000010000000010101000,128,8192,25,152,true,single,36,1.0e-10,64
VQE_reduced_surrogate,73002,791,1,0.0001220703125,407.41786875,404.74609999999984,not_in_gurobi_pool,,0011101101000010011,00000111000000101,001110110100001001100000111000000101,128,8192,25,152,true,single,36,1.0e-10,64
VQE_reduced_surrogate,73002,736,1,0.0001220703125,396.8273937500021,404.8426999999999,not_in_gurobi_pool,,0000101110101001011,01000101000000110,000010111010100101101000101000000110,128,8192,25,152,true,single,36,1.0e-10,64
VQE_reduced_surrogate,73002,792,1,0.0001220703125,407.5203687500036,404.84859999999986,not_in_gurobi_pool,,1100100010010100100,00100001011000000,110010001001010010000100001011000000,128,8192,25,152,true,single,36,1.0e-10,64
VQE_reduced_surrogate,73002,842,1,0.0001220703125,418.2403437499936,404.88149999999996,not_in_gurobi_pool,,0110111100111001011,00000000000111110,011011110011100101100000000000111110,128,8192,25,152,true,single,36,1.0e-10,64
VQE_reduced_surrogate,73002,737,1,0.0001220703125,396.93229374999646,404.9476000000004,not_in_gurobi_pool,,1100111100010100111,00010101110100011,110011110001010011100010101110100011,128,8192,25,152,true,single,36,1.0e-10,64
VQE_reduced_surrogate,73002,793,1,0.0001220703125,407.63636875000066,404.9646,not_in_gurobi_pool,,1100001101101010011,00000001000000101,110000110110101001100000001000000101,128,8192,25,152,true,single,36,1.0e-10,64
VQE_reduced_surrogate,73002,844,1,0.0001220703125,418.4385437500073,405.0796999999998,not_in_gurobi_pool,,0000010000111010100,01000000010001000,000001000011101010001000000010001000,128,8192,25,152,true,single,36,1.0e-10,64
VQE_reduced_surrogate,73002,739,1,0.0001220703125,397.16539374999866,405.18069999999983,not_in_gurobi_pool,,0000000001000100101,01100101011000000,000000000100010010101100101011000000,128,8192,25,152,true,single,36,1.0e-10,64
VQE_reduced_surrogate,73002,740,1,0.0001220703125,397.20529374999774,405.22059999999976,not_in_gurobi_pool,,0010110001000100101,00000100011100000,001011000100010010100000100011100000,128,8192,25,152,true,single,36,1.0e-10,64
VQE_reduced_surrogate,73002,629,1,0.0001220703125,375.8407437500134,405.23019999999985,not_in_gurobi_pool,,0001101100100100111,00000101000000011,000110110010010011100000101000000011,128,8192,25,152,true,single,36,1.0e-10,64
VQE_reduced_surrogate,73002,795,1,0.0001220703125,408.05236875000037,405.3805999999999,not_in_gurobi_pool,,1100100110011001100,00100001011000000,110010011001100110000100001011000000,128,8192,25,152,true,single,36,1.0e-10,64
VQE_reduced_surrogate,73002,902,1,0.0001220703125,429.47651874999906,405.4305999999999,not_in_gurobi_pool,,1100101010110000001,10001001000000000,110010101011000000110001001000000000,128,8192,25,152,true,single,36,1.0e-10,64
VQE_reduced_surrogate,73002,797,1,0.0001220703125,408.1959687500064,405.52419999999995,not_in_gurobi_pool,,1001111110111000001,10001101000001000,100111111011100000110001101000001000,128,8192,25,152,true,single,36,1.0e-10,64
VQE_reduced_surrogate,73002,848,1,0.0001220703125,418.9920437500102,405.63319999999965,not_in_gurobi_pool,,0001010100111001100,00000000000001000,000101010011100110000000000000001000,128,8192,25,152,true,single,36,1.0e-10,64
VQE_reduced_surrogate,73002,683,1,0.0001220703125,386.94221875000017,405.64459999999974,not_in_gurobi_pool,,0100110010111010011,00000000010101101,010011001011101001100000000010101101,128,8192,25,152,true,single,36,1.0e-10,64
VQE_reduced_surrogate,73002,684,1,0.0001220703125,386.95321874999877,405.6555999999997,not_in_gurobi_pool,,0010110010111010011,00000000010101101,001011001011101001100000000010101101,128,8192,25,152,true,single,36,1.0e-10,64
VQE_reduced_surrogate,73002,743,1,0.0001220703125,397.6402937499936,405.6555999999998,not_in_gurobi_pool,,0010100110110010011,00100000010000101,001010011011001001100100000010000101,128,8192,25,152,true,single,36,1.0e-10,64
VQE_reduced_surrogate,73002,800,1,0.0001220703125,408.3844687499993,405.71269999999987,not_in_gurobi_pool,,0000110001000001101,01000101011000000,000011000100000110101000101011000000,128,8192,25,152,true,single,36,1.0e-10,64
VQE_reduced_surrogate,73002,744,1,0.0001220703125,397.7262937500027,405.74159999999983,not_in_gurobi_pool,,0100110101001001101,00000001011100000,010011010100100110100000001011100000,128,8192,25,152,true,single,36,1.0e-10,64
VQE_reduced_surrogate,73002,802,1,0.0001220703125,408.460468749998,405.78870000000023,not_in_gurobi_pool,,0000111110010100001,11000111110000000,000011111001010000111000111110000000,128,8192,25,152,true,single,36,1.0e-10,64
VQE_reduced_surrogate,73002,745,1,0.0001220703125,397.93479374999856,405.9500999999997,not_in_gurobi_pool,,0011100001011010011,00100100010000101,001110000101101001100100100010000101,128,8192,25,152,true,single,36,1.0e-10,64
VQE_reduced_surrogate,73002,746,1,0.0001220703125,398.06029374999866,406.0756,not_in_gurobi_pool,,0100000110111001010,00100000010000110,010000011011100101000100000010000110,128,8192,25,152,true,single,36,1.0e-10,64
VQE_reduced_surrogate,73002,747,1,0.0001220703125,398.06029374999616,406.0756,not_in_gurobi_pool,,0100100010111001011,00100000010000110,010010001011100101100100000010000110,128,8192,25,152,true,single,36,1.0e-10,64
VQE_reduced_surrogate,73002,749,1,0.0001220703125,398.28879375000224,406.30410000000006,not_in_gurobi_pool,,1101110010011100111,00000001010100011,110111001001110011100000001010100011,128,8192,25,152,true,single,36,1.0e-10,64
VQE_reduced_surrogate,73002,751,1,0.0001220703125,398.36579375000315,406.3810999999997,not_in_gurobi_pool,,0011100001011001011,00100100010000110,001110000101100101100100100010000110,128,8192,25,152,true,single,36,1.0e-10,64
VQE_reduced_surrogate,73002,852,1,0.0001220703125,419.793043750009,406.4341999999998,not_in_gurobi_pool,,0001010000110100111,00000000000001011,000101000011010011100000000000001011,128,8192,25,152,true,single,36,1.0e-10,64
VQE_reduced_surrogate,73002,752,1,0.0001220703125,398.4983937500044,406.5136999999999,not_in_gurobi_pool,,0000000101000100111,01100101011000011,000000010100010011101100101011000011,128,8192,25,152,true,single,36,1.0e-10,64
VQE_reduced_surrogate,73002,805,1,0.0001220703125,409.28646874999845,406.6146999999999,not_in_gurobi_pool,,0000110001000010111,01000101011000101,000011000100001011101000101011000101,128,8192,25,152,true,single,36,1.0e-10,64
VQE_reduced_surrogate,73002,904,1,0.0001220703125,430.80951874999687,406.7636000000001,not_in_gurobi_pool,,1100101010111000011,00001001000000111,110010101011100001100001001000000111,128,8192,25,152,true,single,36,1.0e-10,64
VQE_reduced_surrogate,73002,854,1,0.0001220703125,420.202543750009,406.8436999999999,not_in_gurobi_pool,,0000110100110001110,01000000010001110,000011010011000111001000000010001110,128,8192,25,152,true,single,36,1.0e-10,64
VQE_reduced_surrogate,73002,906,1,0.0001220703125,431.13511875000586,407.0891999999998,not_in_gurobi_pool,,0001000101111000000,10101000000000000,000100010111100000010101000000000000,128,8192,25,152,true,single,36,1.0e-10,64
VQE_reduced_surrogate,73002,587,1,0.0001220703125,367.126668750014,407.2031999999998,not_in_gurobi_pool,,0001100110011000100,00100101010000000,000110011001100010000100101010000000,128,8192,25,152,true,single,36,1.0e-10,64
VQE_reduced_surrogate,73002,690,1,0.0001220703125,388.58911874999626,407.29150000000027,not_in_gurobi_pool,,0110111110011010011,00000101010110101,011011111001101001100000101010110101,128,8192,25,152,true,single,36,1.0e-10,64
VQE_reduced_surrogate,73002,806,1,0.0001220703125,410.05686874999424,407.38509999999997,not_in_gurobi_pool,,0011101010011010011,00000111000000101,001110101001101001100000111000000101,128,8192,25,152,true,single,36,1.0e-10,64
VQE_reduced_surrogate,73002,757,1,0.0001220703125,399.4832937499971,407.4986,not_in_gurobi_pool,,1100111100111001100,00000001000101000,110011110011100110000000001000101000,128,8192,25,152,true,single,36,1.0e-10,64
VQE_reduced_surrogate,73002,758,1,0.0001220703125,399.5452937500031,407.5605999999999,not_in_gurobi_pool,,1100101000110000110,00000001000000111,110010100011000011000000001000000111,128,8192,25,152,true,single,36,1.0e-10,64
VQE_reduced_surrogate,73002,808,1,0.0001220703125,410.4878687499943,407.8161,not_in_gurobi_pool,,0011101010011001011,00000111000000110,001110101001100101100000111000000110,128,8192,25,152,true,single,36,1.0e-10,64
VQE_reduced_surrogate,73002,809,1,0.0001220703125,410.7063687500008,408.03460000000007,not_in_gurobi_pool,,1100001010111001011,00000001000000110,110000101011100101100000001000000110,128,8192,25,152,true,single,36,1.0e-10,64
VQE_reduced_surrogate,73002,693,1,0.0001220703125,389.34081875000174,408.04319999999984,not_in_gurobi_pool,,0001010010011010101,00000101010000000,000101001001101010100000101010000000,128,8192,25,152,true,single,36,1.0e-10,64
VQE_reduced_surrogate,73002,694,1,0.0001220703125,389.34081875001493,408.04319999999984,not_in_gurobi_pool,,0001110010010010100,00000101010000000,000111001001001010000000101010000000,128,8192,25,152,true,single,36,1.0e-10,64
VQE_reduced_surrogate,73002,810,1,0.0001220703125,410.82886875000054,408.1571000000001,not_in_gurobi_pool,,1101101110110001011,00000001000000110,110110111011000101100000001000000110,128,8192,25,152,true,single,36,1.0e-10,64
VQE_reduced_surrogate,73002,914,1,0.0001220703125,432.44761875000427,408.4017,not_in_gurobi_pool,,0000111110111000001,11001101000001000,000011111011100000111001101000001000,128,8192,25,152,true,single,36,1.0e-10,64
VQE_reduced_surrogate,73002,859,1,0.0001220703125,421.78944374999924,408.4306,not_in_gurobi_pool,,0100111110111000001,10001001000101000,010011111011100000110001001000101000,128,8192,25,152,true,single,36,1.0e-10,64
VQE_reduced_surrogate,73002,811,1,0.0001220703125,411.14536875,408.47359999999986,not_in_gurobi_pool,,1100100001011010100,00100001011000000,110010000101101010000100001011000000,128,8192,25,152,true,single,36,1.0e-10,64
VQE_reduced_surrogate,73002,812,1,0.0001220703125,411.57636875000367,408.9045999999999,not_in_gurobi_pool,,1100100001011001100,00100001011000000,110010000101100110000100001011000000,128,8192,25,152,true,single,36,1.0e-10,64
VQE_reduced_surrogate,73002,920,1,0.0001220703125,433.0005187499894,408.9545999999998,not_in_gurobi_pool,,1100101001110000001,10001001000000000,110010100111000000110001001000000000,128,8192,25,152,true,single,36,1.0e-10,64
VQE_reduced_surrogate,73002,761,1,0.0001220703125,401.1373937499943,409.1526999999998,not_in_gurobi_pool,,0000100110011100111,01100101011000011,000010011001110011101100101011000011,128,8192,25,152,true,single,36,1.0e-10,64
VQE_reduced_surrogate,73002,762,1,0.0001220703125,401.1532937499892,409.16859999999986,not_in_gurobi_pool,,0100000001111010011,00100000010000101,010000000111101001100100000010000101,128,8192,25,152,true,single,36,1.0e-10,64
VQE_reduced_surrogate,73002,813,1,0.0001220703125,411.9254687499972,409.2536999999999,not_in_gurobi_pool,,0000010110011010110,01000101011000101,000001011001101011001000101011000101,128,8192,25,152,true,single,36,1.0e-10,64
VQE_reduced_surrogate,73002,640,1,0.0001220703125,379.88574374999916,409.27520000000004,not_in_gurobi_pool,,0001100110010100111,00100101010000011,000110011001010011100100101010000011,128,8192,25,152,true,single,36,1.0e-10,64
VQE_reduced_surrogate,73002,770,1,0.0001220703125,402.5593937500007,410.5746999999998,not_in_gurobi_pool,,0000101010111010011,01000101000000101,000010101011101001101000101000000101,128,8192,25,152,true,single,36,1.0e-10,64
VQE_reduced_surrogate,73002,771,1,0.0001220703125,402.55939374999934,410.5746999999998,not_in_gurobi_pool,,0000001010111010011,01000101000000101,000000101011101001101000101000000101,128,8192,25,152,true,single,36,1.0e-10,64
VQE_reduced_surrogate,73002,820,1,0.0001220703125,413.34346875000915,410.6716999999998,not_in_gurobi_pool,,0000101101000001101,01000111110000000,000010110100000110101000111110000000,128,8192,25,152,true,single,36,1.0e-10,64
VQE_reduced_surrogate,73002,773,1,0.0001220703125,403.1852937500007,411.2005999999999,not_in_gurobi_pool,,0100110110110100101,00000000010101000,010011011011010010100000000010101000,128,8192,25,152,true,single,36,1.0e-10,64
VQE_reduced_surrogate,73002,822,1,0.0001220703125,413.9713687499973,411.29959999999994,not_in_gurobi_pool,,0100001000110100111,00000001000000011,010000100011010011100000001000000011,128,8192,25,152,true,single,36,1.0e-10,64
VQE_reduced_surrogate,73002,774,1,0.0001220703125,403.4992937499967,411.5145999999999,not_in_gurobi_pool,,0100101101010110011,00000101110000001,010010110101011001100000101110000001,128,8192,25,152,true,single,36,1.0e-10,64
VQE_reduced_surrogate,73002,776,1,0.0001220703125,403.7172937499972,411.73259999999993,not_in_gurobi_pool,,0100110110110001101,00000000010101000,010011011011000110100000000010101000,128,8192,25,152,true,single,36,1.0e-10,64
VQE_reduced_surrogate,73002,884,1,0.0001220703125,425.124543749999,411.76570000000004,not_in_gurobi_pool,,0000010110111000111,01000000010001111,000001011011100011101000000010001111,128,8192,25,152,true,single,36,1.0e-10,64
VQE_reduced_surrogate,73002,777,1,0.0001220703125,403.8603937500154,411.8756999999999,not_in_gurobi_pool,,0000100001011001101,01100101011000000,000010000101100110101100101011000000,128,8192,25,152,true,single,36,1.0e-10,64
VQE_reduced_surrogate,73002,778,1,0.0001220703125,403.8892937500009,411.90459999999985,not_in_gurobi_pool,,0100110001010001100,00000001011100000,010011000101000110000000001011100000,128,8192,25,152,true,single,36,1.0e-10,64
VQE_reduced_surrogate,73002,712,1,0.0001220703125,393.29581875000895,411.9981999999999,not_in_gurobi_pool,,0001110001011001100,00000101010000000,000111000101100110000000101010000000,128,8192,25,152,true,single,36,1.0e-10,64
VQE_reduced_surrogate,73002,827,1,0.0001220703125,414.96936875001006,412.29759999999976,not_in_gurobi_pool,,1100111101111101011,00000001000101010,110011110111110101100000001000101010,128,8192,25,152,true,single,36,1.0e-10,64
VQE_reduced_surrogate,73002,828,1,0.0001220703125,415.2258687499916,412.5540999999999,not_in_gurobi_pool,,1011101110111000101,00000100000000000,101110111011100010100000100000000000,128,8192,25,152,true,single,36,1.0e-10,64
VQE_reduced_surrogate,73002,780,1,0.0001220703125,404.7623937500059,412.77770000000004,not_in_gurobi_pool,,0000100001010010111,01100101011000101,000010000101001011101100101011000101,128,8192,25,152,true,single,36,1.0e-10,64
VQE_reduced_surrogate,73002,659,1,0.0001220703125,383.51074375000576,412.90020000000004,not_in_gurobi_pool,,0001100001011010111,00100101010000101,000110000101101011100100101010000101,128,8192,25,152,true,single,36,1.0e-10,64
VQE_reduced_surrogate,73002,832,1,0.0001220703125,415.9824687500154,413.31069999999994,not_in_gurobi_pool,,0000101110010001100,01000111110000000,000010111001000110001000111110000000,128,8192,25,152,true,single,36,1.0e-10,64
VQE_reduced_surrogate,73002,784,1,0.0001220703125,405.4172937499968,413.4325999999998,not_in_gurobi_pool,,1100101001011010100,00000101110000000,110010100101101010000000101110000000,128,8192,25,152,true,single,36,1.0e-10,64
VQE_reduced_surrogate,73002,833,1,0.0001220703125,416.1049687500056,413.4331999999999,not_in_gurobi_pool,,0001101010011001101,00000111100000000,000110101001100110100000111100000000,128,8192,25,152,true,single,36,1.0e-10,64
VQE_reduced_surrogate,73002,891,1,0.0001220703125,427.05044375000375,413.6915999999998,not_in_gurobi_pool,,1100101110110001100,00000001000000000,110010111011000110000000001000000000,128,8192,25,152,true,single,36,1.0e-10,64
VQE_reduced_surrogate,73002,890,1,0.0001220703125,427.05044375000057,413.69159999999994,not_in_gurobi_pool,,1100001110111001101,00000001000000000,110000111011100110100000001000000000,128,8192,25,152,true,single,36,1.0e-10,64
VQE_reduced_surrogate,73002,725,1,0.0001220703125,395.28321875000097,413.98559999999986,not_in_gurobi_pool,,0100110101111000100,00000000010101000,010011010111100010000000000010101000,128,8192,25,152,true,single,36,1.0e-10,64
VQE_reduced_surrogate,73002,836,1,0.0001220703125,416.8844687499966,414.21270000000004,not_in_gurobi_pool,,0000001010010010111,01000111110000101,000000101001001011101000111110000101,128,8192,25,152,true,single,36,1.0e-10,64
VQE_reduced_surrogate,73002,727,1,0.0001220703125,395.73711875000095,414.4395000000003,not_in_gurobi_pool,,1110101111010001011,00000101010100110,111010111101000101100000101010100110,128,8192,25,152,true,single,36,1.0e-10,64
VQE_reduced_surrogate,73002,790,1,0.0001220703125,406.7502937499951,414.7656000000002,not_in_gurobi_pool,,1100001001010010111,00000101110000101,110000100101001011100000101110000101,128,8192,25,152,true,single,36,1.0e-10,64
VQE_reduced_surrogate,73002,838,1,0.0001220703125,417.4673687499974,414.79560000000004,not_in_gurobi_pool,,0100111111011000000,10001101110100000,010011111101100000010001101110100000,128,8192,25,152,true,single,36,1.0e-10,64
VQE_reduced_surrogate,73002,794,1,0.0001220703125,407.6708937500134,415.6861999999998,not_in_gurobi_pool,,0001001001010000100,00000111100000000,000100100101000010000000111100000000,128,8192,25,152,true,single,36,1.0e-10,64
VQE_reduced_surrogate,73002,796,1,0.0001220703125,408.07789375000584,416.0932,not_in_gurobi_pool,,1001010111011010111,00000101010000101,100101011101101011100000101010000101,128,8192,25,152,true,single,36,1.0e-10,64
VQE_reduced_surrogate,73002,846,1,0.0001220703125,418.90346875000137,416.23169999999993,not_in_gurobi_pool,,0000001110111010101,01000101000000000,000000111011101010101000101000000000,128,8192,25,152,true,single,36,1.0e-10,64
VQE_reduced_surrogate,73002,865,1,0.0001220703125,422.4274687499999,419.7556999999998,not_in_gurobi_pool,,0000101101111010101,01000101000000000,000010110111101010101000101000000000,128,8192,25,152,true,single,36,1.0e-10,64
VQE_reduced_surrogate,73002,868,1,0.0001220703125,422.85846875000493,420.1867,not_in_gurobi_pool,,0000101101110001101,01000101000000000,000010110111000110101000101000000000,128,8192,25,152,true,single,36,1.0e-10,64
VQE_reduced_surrogate,73002,924,1,0.0001220703125,434.4110437499978,421.0522,not_in_gurobi_pool,,1001101111010010111,00000111100000101,100110111101001011100000111100000101,128,8192,25,152,true,single,36,1.0e-10,64
VQE_reduced_surrogate,73002,958,1,0.0001220703125,440.8418437499911,427.4829999999998,not_in_gurobi_pool,,1000100100001000001,11111101011000000,100010010000100000111111101011000000,128,8192,25,152,true,single,36,1.0e-10,64
VQE_reduced_surrogate,73002,916,1,0.0001220703125,432.47916874998646,429.80740000000003,not_in_gurobi_pool,,1101000100001010011,00110001010000101,110100010000101001100110001010000101,128,8192,25,152,true,single,36,1.0e-10,64
VQE_reduced_surrogate,73002,870,1,0.0001220703125,423.3076937500109,431.3229999999998,not_in_gurobi_pool,,0000100100001010000,11110101011000000,000010010000101000011110101011000000,128,8192,25,152,true,single,36,1.0e-10,64
VQE_reduced_surrogate,73002,764,1,0.0001220703125,402.0560437500171,431.4454999999998,not_in_gurobi_pool,,0001100100000010000,10110101010000000,000110010000001000010110101010000000,128,8192,25,152,true,single,36,1.0e-10,64
VQE_reduced_surrogate,73002,765,1,0.0001220703125,402.05604375001485,431.4454999999998,not_in_gurobi_pool,,0001100100001010000,10110101010000000,000110010000101000010110101010000000,128,8192,25,152,true,single,36,1.0e-10,64
VQE_reduced_surrogate,73002,768,1,0.0001220703125,402.3144437499802,431.70389999999975,not_in_gurobi_pool,,1100010000101010000,10000000010101000,110001000010101000010000000010101000,128,8192,25,152,true,single,36,1.0e-10,64
VQE_reduced_surrogate,73002,769,1,0.0001220703125,402.4870437500149,431.87649999999985,not_in_gurobi_pool,,0001000100000001000,10110101010000000,000100010000000100010110101010000000,128,8192,25,152,true,single,36,1.0e-10,64
VQE_reduced_surrogate,73002,772,1,0.0001220703125,402.745443749988,432.1348999999998,not_in_gurobi_pool,,1100010000101001001,10000000010101000,110001000010100100110000000010101000,128,8192,25,152,true,single,36,1.0e-10,64
VQE_reduced_surrogate,73002,885,1,0.0001220703125,425.14409375000105,433.1593999999999,not_in_gurobi_pool,,1101010100101010011,00000000000101101,110101010010101001100000000000101101,128,8192,25,152,true,single,36,1.0e-10,64
VQE_reduced_surrogate,73002,824,1,0.0001220703125,414.5075187499883,433.20990000000006,not_in_gurobi_pool,,1100111000001100000,10010101110100000,110011100000110000010010101110100000,128,8192,25,152,true,single,36,1.0e-10,64
VQE_reduced_surrogate,73002,825,1,0.0001220703125,414.60851874998843,433.31089999999995,not_in_gurobi_pool,,1100111000001010000,10010101110100000,110011100000101000010010101110100000,128,8192,25,152,true,single,36,1.0e-10,64
VQE_reduced_surrogate,73002,887,1,0.0001220703125,425.7605937499991,433.77589999999975,not_in_gurobi_pool,,1100100000100110011,00100000010000001,110010000010011001100100000010000001,128,8192,25,152,true,single,36,1.0e-10,64
VQE_reduced_surrogate,73002,1046,1,0.0001220703125,457.8433187499861,433.7973999999999,not_in_gurobi_pool,,1101000000011000000,10111001010000000,110100000001100000010111001010000000,128,8192,25,152,true,single,36,1.0e-10,64
VQE_reduced_surrogate,73002,829,1,0.0001220703125,415.2461187500096,433.94849999999974,not_in_gurobi_pool,,0001000100001101011,00110101010000010,000100010000110101100110101010000010,128,8192,25,152,true,single,36,1.0e-10,64
VQE_reduced_surrogate,73002,830,1,0.0001220703125,415.5045187500034,434.2068999999999,not_in_gurobi_pool,,1100010100100101011,00000000010101010,110001010010010101100000000010101010,128,8192,25,152,true,single,36,1.0e-10,64
VQE_reduced_surrogate,73002,936,1,0.0001220703125,437.0856687499984,434.41389999999984,not_in_gurobi_pool,,1100100100010100000,10110001011000000,110010010001010000010110001011000000,128,8192,25,152,true,single,36,1.0e-10,64
VQE_reduced_surrogate,73002,940,1,0.0001220703125,437.43816874999993,434.7664,not_in_gurobi_pool,,1101111000000010011,00010101100100101,110111100000001001100010101100100101,128,8192,25,152,true,single,36,1.0e-10,64
VQE_reduced_surrogate,73002,944,1,0.0001220703125,438.9752687500161,436.3034999999997,not_in_gurobi_pool,,0001001000000100000,10010111100000000,000100100000010000010010111100000000,128,8192,25,152,true,single,36,1.0e-10,64
VQE_reduced_surrogate,73002,947,1,0.0001220703125,439.28866874999494,436.61689999999993,not_in_gurobi_pool,,1100100110000110011,00100001011000001,110010011000011001100100001011000001,128,8192,25,152,true,single,36,1.0e-10,64
VQE_reduced_surrogate,73002,1014,1,0.0001220703125,450.0552437500053,436.69640000000004,not_in_gurobi_pool,,1101100000000100111,00110001010000011,110110000000010011100110001010000011,128,8192,25,152,true,single,36,1.0e-10,64
VQE_reduced_surrogate,73002,1172,1,0.0001220703125,482.13486874998443,436.71479999999985,not_in_gurobi_pool,,0110110000011000001,10011000011110000,011011000001100000110011000011110000,128,8192,25,152,true,single,36,1.0e-10,64
VQE_reduced_surrogate,73002,1015,1,0.0001220703125,450.1058437500037,436.7469999999996,not_in_gurobi_pool,,0000110000100110011,01000000010001001,000011000010011001101000000010001001,128,8192,25,152,true,single,36,1.0e-10,64
VQE_reduced_surrogate,73002,895,1,0.0001220703125,428.7531937499966,436.7684999999999,not_in_gurobi_pool,,1001010000001010111,00010101010000101,100101000000101011100010101010000101,128,8192,25,152,true,single,36,1.0e-10,64
VQE_reduced_surrogate,73002,899,1,0.0001220703125,429.36969375001195,437.3849999999998,not_in_gurobi_pool,,0000000100010100000,11110101011000000,000000010001010000011110101011000000,128,8192,25,152,true,single,36,1.0e-10,64
VQE_reduced_surrogate,73002,900,1,0.0001220703125,429.39859374998764,437.4138999999998,not_in_gurobi_pool,,0100010000010100000,10010001011100000,010001000001010000010010001011100000,128,8192,25,152,true,single,36,1.0e-10,64
VQE_reduced_surrogate,73002,901,1,0.0001220703125,429.47069375000297,437.4859999999998,not_in_gurobi_pool,,0000000100010010000,11110101011000000,000000010001001000011110101011000000,128,8192,25,152,true,single,36,1.0e-10,64
VQE_reduced_surrogate,73002,845,1,0.0001220703125,418.80511875001184,437.5074999999998,not_in_gurobi_pool,,0001010100010100000,10010101010000000,000101010001010000010010101010000000,128,8192,25,152,true,single,36,1.0e-10,64
VQE_reduced_surrogate,73002,1058,1,0.0001220703125,461.58771874999684,437.54179999999985,not_in_gurobi_pool,,0110110100000000100,00010000011110000,011011010000000010000010000011110000,128,8192,25,152,true,single,36,1.0e-10,64
VQE_reduced_surrogate,73002,849,1,0.0001220703125,419.24461875000225,437.94699999999983,not_in_gurobi_pool,,0000100010000001001,11100101011000000,000010001000000100111100101011000000,128,8192,25,152,true,single,36,1.0e-10,64
VQE_reduced_surrogate,73002,851,1,0.0001220703125,419.38351874999057,438.0858999999998,not_in_gurobi_pool,,0010011100001001011,00010111010100110,001001110000100101100010111010100110,128,8192,25,152,true,single,36,1.0e-10,64
VQE_reduced_surrogate,73002,963,1,0.0001220703125,442.00516874999494,439.33339999999987,not_in_gurobi_pool,,1011000100111010010,00100000000000101,101100010011101001000100000000000101,128,8192,25,152,true,single,36,1.0e-10,64
VQE_reduced_surrogate,73002,1024,1,0.0001220703125,452.707643749987,439.34879999999987,not_in_gurobi_pool,,0110110010000001011,00000000011110110,011011001000000101100000000011110110,128,8192,25,152,true,single,36,1.0e-10,64
VQE_reduced_surrogate,73002,855,1,0.0001220703125,420.79841874999534,439.5008,not_in_gurobi_pool,,1110101100001000101,00010101010100000,111010110000100010100010101010100000,128,8192,25,152,true,single,36,1.0e-10,64
VQE_reduced_surrogate,73002,907,1,0.0001220703125,431.60159374999057,439.6169,not_in_gurobi_pool,,0100010010001110011,00000001011100001,010001001000111001100000001011100001,128,8192,25,152,true,single,36,1.0e-10,64
VQE_reduced_surrogate,73002,908,1,0.0001220703125,431.64559374999635,439.66089999999986,not_in_gurobi_pool,,1100000110101001011,00100000010000110,110000011010100101100100000010000110,128,8192,25,152,true,single,36,1.0e-10,64
VQE_reduced_surrogate,73002,909,1,0.0001220703125,431.9235937499943,439.93889999999976,not_in_gurobi_pool,,1100000000110110011,00100000010000001,110000000011011001100100000010000001,128,8192,25,152,true,single,36,1.0e-10,64
VQE_reduced_surrogate,73002,856,1,0.0001220703125,421.2365187500043,439.9388999999999,not_in_gurobi_pool,,1100110000110110011,00000000010101001,110011000011011001100000000010101001,128,8192,25,152,true,single,36,1.0e-10,64
VQE_reduced_surrogate,73002,910,1,0.0001220703125,432.0036937499981,440.01899999999983,not_in_gurobi_pool,,0000100110001101011,01100101011000010,000010011000110101101100101011000010,128,8192,25,152,true,single,36,1.0e-10,64
VQE_reduced_surrogate,73002,912,1,0.0001220703125,432.0325937499915,440.0479,not_in_gurobi_pool,,0100010010001101011,00000001011100010,010001001000110101100000001011100010,128,8192,25,152,true,single,36,1.0e-10,64
VQE_reduced_surrogate,73002,913,1,0.0001220703125,432.13359374999254,440.1488999999999,not_in_gurobi_pool,,0100110010000011011,00000001011100100,010011001000001101100000001011100100,128,8192,25,152,true,single,36,1.0e-10,64
VQE_reduced_surrogate,73002,857,1,0.0001220703125,421.66751875000614,440.3698999999999,not_in_gurobi_pool,,1100110000110101011,00000000010101010,110011000011010101100000000010101010,128,8192,25,152,true,single,36,1.0e-10,64
VQE_reduced_surrogate,73002,915,1,0.0001220703125,432.4555937499954,440.4708999999998,not_in_gurobi_pool,,1100000000110011011,00100000010000100,110000000011001101100100000010000100,128,8192,25,152,true,single,36,1.0e-10,64
VQE_reduced_surrogate,73002,969,1,0.0001220703125,443.2526687499917,440.5808999999997,not_in_gurobi_pool,,1100110101101000000,10001000010101000,110011010110100000010001000010101000,128,8192,25,152,true,single,36,1.0e-10,64
VQE_reduced_surrogate,73002,860,1,0.0001220703125,421.9925187499896,440.69489999999973,not_in_gurobi_pool,,1100010110001000100,00000001011100000,110001011000100010000000001011100000,128,8192,25,152,true,single,36,1.0e-10,64
VQE_reduced_surrogate,73002,861,1,0.0001220703125,422.16251875000216,440.8648999999997,not_in_gurobi_pool,,0010000100101000101,00100000010000000,001000010010100010100100000010000000,128,8192,25,152,true,single,36,1.0e-10,64
VQE_reduced_surrogate,73002,863,1,0.0001220703125,422.23661875000766,440.9389999999998,not_in_gurobi_pool,,0000100101000100000,11100101011000000,000010010100010000011100101011000000,128,8192,25,152,true,single,36,1.0e-10,64
VQE_reduced_surrogate,73002,864,1,0.0001220703125,422.23661875001085,440.9389999999998,not_in_gurobi_pool,,0000100101001100000,11100101011000000,000010010100110000011100101011000000,128,8192,25,152,true,single,36,1.0e-10,64
VQE_reduced_surrogate,73002,919,1,0.0001220703125,432.9850937500007,441.0003999999998,not_in_gurobi_pool,,0011110100111010000,10000000000101000,001111010011101000010000000000101000,128,8192,25,152,true,single,36,1.0e-10,64
VQE_reduced_surrogate,73002,867,1,0.0001220703125,422.7951187500064,441.49749999999983,not_in_gurobi_pool,,1001100100011100101,00110101010000000,100110010001110010100110101010000000,128,8192,25,152,true,single,36,1.0e-10,64
VQE_reduced_surrogate,73002,921,1,0.0001220703125,433.51959374999956,441.53489999999977,not_in_gurobi_pool,,1100110010001010101,00000001011100000,110011001000101010100000001011100000,128,8192,25,152,true,single,36,1.0e-10,64
VQE_reduced_surrogate,73002,1129,1,0.0001220703125,476.3379937500067,441.60499999999996,not_in_gurobi_pool,,0000111000011000000,11011111110000000,000011100001100000011011111110000000,128,8192,25,152,true,single,36,1.0e-10,64
VQE_reduced_surrogate,73002,978,1,0.0001220703125,444.3056687499916,441.63390000000004,not_in_gurobi_pool,,0100111000011000000,10011101110100000,010011100001100000010011101110100000,128,8192,25,152,true,single,36,1.0e-10,64
VQE_reduced_surrogate,73002,873,1,0.0001220703125,423.43641875000117,442.1387999999997,not_in_gurobi_pool,,0110110100110100011,00000000010111011,011011010011010001100000000010111011,128,8192,25,152,true,single,36,1.0e-10,64
VQE_reduced_surrogate,73002,816,1,0.0001220703125,412.81044374998737,442.19989999999973,not_in_gurobi_pool,,0100010000110010010,00000000010101101,010001000011001001000000000010101101,128,8192,25,152,true,single,36,1.0e-10,64
VQE_reduced_surrogate,73002,874,1,0.0001220703125,423.53741874999673,442.23979999999983,not_in_gurobi_pool,,0110110100110010011,00000000010111101,011011010011001001100000000010111101,128,8192,25,152,true,single,36,1.0e-10,64
VQE_reduced_surrogate,73002,983,1,0.0001220703125,445.0157687500223,442.344,not_in_gurobi_pool,,0000101000010100000,11010111110000000,000010100001010000011010111110000000,128,8192,25,152,true,single,36,1.0e-10,64
VQE_reduced_surrogate,73002,923,1,0.0001220703125,434.35869375001585,442.37399999999974,not_in_gurobi_pool,,0000101010000100000,11000111110000000,000010101000010000011000111110000000,128,8192,25,152,true,single,36,1.0e-10,64
VQE_reduced_surrogate,73002,922,1,0.0001220703125,434.358693750014,442.37399999999997,not_in_gurobi_pool,,0000101010001100000,11000111110000000,000010101000110000011000111110000000,128,8192,25,152,true,single,36,1.0e-10,64
VQE_reduced_surrogate,73002,925,1,0.0001220703125,434.4455937500045,442.46089999999987,not_in_gurobi_pool,,0100101100001000100,00010101110000000,010010110000100010000010101110000000,128,8192,25,152,true,single,36,1.0e-10,64
VQE_reduced_surrogate,73002,926,1,0.0001220703125,434.4596937500014,442.47499999999985,not_in_gurobi_pool,,0000001010001010000,11000111110000000,000000101000101000011000111110000000,128,8192,25,152,true,single,36,1.0e-10,64
VQE_reduced_surrogate,73002,927,1,0.0001220703125,434.48119375002534,442.4964999999997,not_in_gurobi_pool,,0001101010000100000,10000111100000000,000110101000010000010000111100000000,128,8192,25,152,true,single,36,1.0e-10,64
VQE_reduced_surrogate,73002,876,1,0.0001220703125,424.02251874999865,442.72489999999993,not_in_gurobi_pool,,1100111000111100001,10000001000101000,110011100011110000110000001000101000,128,8192,25,152,true,single,36,1.0e-10,64
VQE_reduced_surrogate,73002,877,1,0.0001220703125,424.0515187500057,442.7538999999998,not_in_gurobi_pool,,1100010101101010011,00000000010101101,110001010110101001100000000010101101,128,8192,25,152,true,single,36,1.0e-10,64
VQE_reduced_surrogate,73002,928,1,0.0001220703125,434.7515937500011,442.7669000000001,not_in_gurobi_pool,,1100010110001100111,00000001011100011,110001011000110011100000001011100011,128,8192,25,152,true,single,36,1.0e-10,64
VQE_reduced_surrogate,73002,929,1,0.0001220703125,434.78169375000175,442.7969999999998,not_in_gurobi_pool,,1000011100111010000,11000101000001000,100001110011101000011000101000001000,128,8192,25,152,true,single,36,1.0e-10,64
VQE_reduced_surrogate,73002,987,1,0.0001220703125,445.50966874999835,442.8379,not_in_gurobi_pool,,1100110000011010110,00010001011100101,110011000001101011000010001011100101,128,8192,25,152,true,single,36,1.0e-10,64
VQE_reduced_surrogate,73002,930,1,0.0001220703125,434.9200937500093,442.9353999999997,not_in_gurobi_pool,,1101101000100000100,00000001000000000,110110100010000010000000001000000000,128,8192,25,152,true,single,36,1.0e-10,64
VQE_reduced_surrogate,73002,1134,1,0.0001220703125,477.67099374999543,442.9379999999999,not_in_gurobi_pool,,0000111000011000011,01011111110000111,000011100001100001101011111110000111,128,8192,25,152,true,single,36,1.0e-10,64
VQE_reduced_surrogate,73002,879,1,0.0001220703125,424.25701874999754,442.9594000000002,not_in_gurobi_pool,,1011111100111010000,10000100000101000,101111110011101000010000100000101000,128,8192,25,152,true,single,36,1.0e-10,64
VQE_reduced_surrogate,73002,880,1,0.0001220703125,424.3245187499949,443.02689999999984,not_in_gurobi_pool,,0100110000100010111,00000000010101101,010011000010001011100000000010101101,128,8192,25,152,true,single,36,1.0e-10,64
VQE_reduced_surrogate,73002,989,1,0.0001220703125,445.78376875000095,443.1119999999999,not_in_gurobi_pool,,0000110001000110011,01000101011000001,000011000100011001101000101011000001,128,8192,25,152,true,single,36,1.0e-10,64
VQE_reduced_surrogate,73002,990,1,0.0001220703125,445.8916687500009,443.2198999999998,not_in_gurobi_pool,,1100110010111000001,10001000010101000,110011001011100000110001000010101000,128,8192,25,152,true,single,36,1.0e-10,64
VQE_reduced_surrogate,73002,991,1,0.0001220703125,445.9117687500054,443.24,not_in_gurobi_pool,,1000000100011001111,01110101011000110,100000010001100111101110101011000110,128,8192,25,152,true,single,36,1.0e-10,64
VQE_reduced_surrogate,73002,992,1,0.0001220703125,445.95866875000866,443.28689999999983,not_in_gurobi_pool,,1100101110100001000,10000001000000000,110010111010000100010000001000000000,128,8192,25,152,true,single,36,1.0e-10,64
VQE_reduced_surrogate,73002,931,1,0.0001220703125,435.28359374999764,443.2989,not_in_gurobi_pool,,1100010110001001111,00000001011100110,110001011000100111100000001011100110,128,8192,25,152,true,single,36,1.0e-10,64
VQE_reduced_surrogate,73002,993,1,0.0001220703125,445.9836687500065,443.3118999999999,not_in_gurobi_pool,,0010101100001010101,00010111010000000,001010110000101010100010111010000000,128,8192,25,152,true,single,36,1.0e-10,64
VQE_reduced_surrogate,73002,881,1,0.0001220703125,424.7555187499993,443.4578999999999,not_in_gurobi_pool,,0100110100101001111,00000000010101110,010011010010100111100000000010101110,128,8192,25,152,true,single,36,1.0e-10,64
VQE_reduced_surrogate,73002,932,1,0.0001220703125,435.5276937500025,443.5429999999997,not_in_gurobi_pool,,0000000101000101011,01100101011000010,000000010100010101101100101011000010,128,8192,25,152,true,single,36,1.0e-10,64
VQE_reduced_surrogate,73002,1139,1,0.0001220703125,478.2849937500014,443.5519999999997,not_in_gurobi_pool,,0000110101101000000,11001000010001000,000011010110100000011001000010001000,128,8192,25,152,true,single,36,1.0e-10,64
VQE_reduced_surrogate,73002,882,1,0.0001220703125,424.9045187499919,443.60689999999977,not_in_gurobi_pool,,0100010010010100000,10000001011100000,010001001001010000010000001011100000,128,8192,25,152,true,single,36,1.0e-10,64
VQE_reduced_surrogate,73002,775,1,0.0001220703125,403.6239687500272,443.7004999999998,not_in_gurobi_pool,,0001100010010100000,10100101010000000,000110001001010000010100101010000000,128,8192,25,152,true,single,36,1.0e-10,64
VQE_reduced_surrogate,73002,994,1,0.0001220703125,446.4146687500074,443.74289999999996,not_in_gurobi_pool,,0010101100001001101,00010111010000000,001010110000100110100010111010000000,128,8192,25,152,true,single,36,1.0e-10,64
VQE_reduced_surrogate,73002,1045,1,0.0001220703125,457.1368437499966,443.778,not_in_gurobi_pool,,0000111000010010011,01010111110000101,000011100001001001101010111110000101,128,8192,25,152,true,single,36,1.0e-10,64
VQE_reduced_surrogate,73002,883,1,0.0001220703125,425.10451874998876,443.8068999999998,not_in_gurobi_pool,,0100111000010010011,00010101110100101,010011100001001001100010101110100101,128,8192,25,152,true,single,36,1.0e-10,64
VQE_reduced_surrogate,73002,886,1,0.0001220703125,425.4076187500243,444.10999999999984,not_in_gurobi_pool,,0000100010010001000,11100101011000000,000010001001000100011100101011000000,128,8192,25,152,true,single,36,1.0e-10,64
VQE_reduced_surrogate,73002,934,1,0.0001220703125,436.17359375001365,444.1888999999999,not_in_gurobi_pool,,1100111110101010011,00000001000101101,110011111010101001100000001000101101,128,8192,25,152,true,single,36,1.0e-10,64
VQE_reduced_surrogate,73002,935,1,0.0001220703125,436.25759374999166,444.2728999999998,not_in_gurobi_pool,,1010110111000010000,10000100011100000,101011011100001000010000100011100000,128,8192,25,152,true,single,36,1.0e-10,64
VQE_reduced_surrogate,73002,1047,1,0.0001220703125,458.28674375000287,444.9278999999999,not_in_gurobi_pool,,1100101110101110011,00000001000000001,110010111010111001100000001000000001,128,8192,25,152,true,single,36,1.0e-10,64
VQE_reduced_surrogate,73002,1048,1,0.0001220703125,458.29474375000314,444.9358999999999,not_in_gurobi_pool,,0100100100011001101,00110001011000000,010010010001100110100110001011000000,128,8192,25,152,true,single,36,1.0e-10,64
VQE_reduced_surrogate,73002,1049,1,0.0001220703125,458.31584375000534,444.9569999999999,not_in_gurobi_pool,,0000111000110000001,11001101000001000,000011100011000000111001101000001000,128,8192,25,152,true,single,36,1.0e-10,64
VQE_reduced_surrogate,73002,1004,1,0.0001220703125,447.87326875000167,445.2014999999996,not_in_gurobi_pool,,0001101010001011011,00000111100000100,000110101000101101100000111100000100,128,8192,25,152,true,single,36,1.0e-10,64
VQE_reduced_surrogate,73002,937,1,0.0001220703125,437.2765937500012,445.2918999999998,not_in_gurobi_pool,,1100100010110100011,00100000010000011,110010001011010001100100000010000011,128,8192,25,152,true,single,36,1.0e-10,64
VQE_reduced_surrogate,73002,938,1,0.0001220703125,437.31359375000557,445.32889999999975,not_in_gurobi_pool,,1100011100111101011,00000001000101010,110001110011110101100000001000101010,128,8192,25,152,true,single,36,1.0e-10,64
VQE_reduced_surrogate,73002,941,1,0.0001220703125,437.5155937499983,445.53089999999975,not_in_gurobi_pool,,1100101001000101011,00000101110000010,110010100100010101100000101110000010,128,8192,25,152,true,single,36,1.0e-10,64
VQE_reduced_surrogate,73002,942,1,0.0001220703125,437.7321937500092,445.7474999999999,not_in_gurobi_pool,,1001101110001000100,00000111100000000,100110111000100010000000111100000000,128,8192,25,152,true,single,36,1.0e-10,64
VQE_reduced_surrogate,73002,835,1,0.0001220703125,416.70844374999706,446.0979000000002,not_in_gurobi_pool,,1100111010011001001,10000101110100000,110011101001100100110000101110100000,128,8192,25,152,true,single,36,1.0e-10,64
VQE_reduced_surrogate,73002,1159,1,0.0001220703125,480.9239937500056,446.1909999999998,not_in_gurobi_pool,,0000110010111000001,11001000010001000,000011001011100000111001000010001000,128,8192,25,152,true,single,36,1.0e-10,64
VQE_reduced_surrogate,73002,1051,1,0.0001220703125,459.5702437500022,446.2113999999999,not_in_gurobi_pool,,1101100100110100111,00100000000000011,110110010011010011100100000000000011,128,8192,25,152,true,single,36,1.0e-10,64
VQE_reduced_surrogate,73002,1006,1,0.0001220703125,448.95066874999657,446.2788999999998,not_in_gurobi_pool,,1100101101101100000,10000001000000000,110010110110110000010000001000000000,128,8192,25,152,true,single,36,1.0e-10,64
VQE_reduced_surrogate,73002,1099,1,0.0001220703125,470.32831874998806,446.2823999999998,not_in_gurobi_pool,,1101001110011000011,00001101100000111,110100111001100001100001101100000111,128,8192,25,152,true,single,36,1.0e-10,64
VQE_reduced_surrogate,73002,1007,1,0.0001220703125,448.9616687499979,446.28989999999976,not_in_gurobi_pool,,1010101101100100000,10000100000000000,101010110110010000010000100000000000,128,8192,25,152,true,single,36,1.0e-10,64
VQE_reduced_surrogate,73002,1052,1,0.0001220703125,459.6488437500036,446.28999999999996,not_in_gurobi_pool,,0000111000111000011,01001101000001111,000011100011100001101001101000001111,128,8192,25,152,true,single,36,1.0e-10,64
VQE_reduced_surrogate,73002,1008,1,0.0001220703125,449.2592687500021,446.5874999999998,not_in_gurobi_pool,,1001101110001010101,00000111100000000,100110111000101010100000111100000000,128,8192,25,152,true,single,36,1.0e-10,64
VQE_reduced_surrogate,73002,1011,1,0.0001220703125,449.6017687500064,446.92999999999984,not_in_gurobi_pool,,0000100110111100001,11100000010000000,000010011011110000111100000010000000,128,8192,25,152,true,single,36,1.0e-10,64
VQE_reduced_surrogate,73002,894,1,0.0001220703125,428.25651875000904,446.95889999999986,not_in_gurobi_pool,,0100110110110100000,10000000010101000,010011011011010000010000000010101000,128,8192,25,152,true,single,36,1.0e-10,64
VQE_reduced_surrogate,73002,943,1,0.0001220703125,438.96509375000005,446.9803999999999,not_in_gurobi_pool,,1101000010010000100,00100001010000000,110100001001000010000100001010000000,128,8192,25,152,true,single,36,1.0e-10,64
VQE_reduced_surrogate,73002,1012,1,0.0001220703125,449.7027687500133,447.03099999999984,not_in_gurobi_pool,,0000100110111010000,11100000010000000,000010011011101000011100000010000000,128,8192,25,152,true,single,36,1.0e-10,64
VQE_reduced_surrogate,73002,945,1,0.0001220703125,439.039693750015,447.05499999999984,not_in_gurobi_pool,,0000001000100001101,01000101000000000,000000100010000110101000101000000000,128,8192,25,152,true,single,36,1.0e-10,64
VQE_reduced_surrogate,73002,946,1,0.0001220703125,439.04459374999965,447.05989999999986,not_in_gurobi_pool,,0100000110111010000,10100000010000000,010000011011101000010100000010000000,128,8192,25,152,true,single,36,1.0e-10,64
VQE_reduced_surrogate,73002,1016,1,0.0001220703125,450.13376875000563,447.4619999999999,not_in_gurobi_pool,,0000100110111001001,11100000010000000,000010011011100100111100000010000000,128,8192,25,152,true,single,36,1.0e-10,64
VQE_reduced_surrogate,73002,948,1,0.0001220703125,439.54569375000756,447.56100000000004,not_in_gurobi_pool,,0000111000110001011,01000101000001110,000011100011000101101000101000001110,128,8192,25,152,true,single,36,1.0e-10,64
VQE_reduced_surrogate,73002,949,1,0.0001220703125,439.5815937499974,447.5968999999998,not_in_gurobi_pool,,1100010010011100100,00000001011100000,110001001001110010000000001011100000,128,8192,25,152,true,single,36,1.0e-10,64
VQE_reduced_surrogate,73002,896,1,0.0001220703125,429.03651875000105,447.73890000000006,not_in_gurobi_pool,,1100111110010110011,00000101110100001,110011111001011001100000101110100001,128,8192,25,152,true,single,36,1.0e-10,64
VQE_reduced_surrogate,73002,1017,1,0.0001220703125,450.4347687499999,447.7629999999997,not_in_gurobi_pool,,0000011101001001010,01000111110000110,000001110100100101001000111110000110,128,8192,25,152,true,single,36,1.0e-10,64
VQE_reduced_surrogate,73002,898,1,0.0001220703125,429.064518750004,447.76689999999974,not_in_gurobi_pool,,0010010000110100101,00000000010101000,001001000011010010100000000010101000,128,8192,25,152,true,single,36,1.0e-10,64
VQE_reduced_surrogate,73002,843,1,0.0001220703125,418.40244374999634,447.7918999999997,not_in_gurobi_pool,,0100111001001001011,00000101110100110,010011100100100101100000101110100110,128,8192,25,152,true,single,36,1.0e-10,64
VQE_reduced_surrogate,73002,950,1,0.0001220703125,439.81159374999675,447.8269,not_in_gurobi_pool,,0100111010011000000,10001101110100000,010011101001100000010001101110100000,128,8192,25,152,true,single,36,1.0e-10,64
VQE_reduced_surrogate,73002,951,1,0.0001220703125,439.84159375001036,447.85689999999977,not_in_gurobi_pool,,0100100100110010100,00100000010000000,010010010011001010000100000010000000,128,8192,25,152,true,single,36,1.0e-10,64
VQE_reduced_surrogate,73002,952,1,0.0001220703125,439.84159375000763,447.85689999999977,not_in_gurobi_pool,,0100100100111010100,00100000010000000,010010010011101010000100000010000000,128,8192,25,152,true,single,36,1.0e-10,64
VQE_reduced_surrogate,73002,953,1,0.0001220703125,440.12859375001403,448.1438999999998,not_in_gurobi_pool,,1100111101101001011,00000001000101110,110011110110100101100000001000101110,128,8192,25,152,true,single,36,1.0e-10,64
VQE_reduced_surrogate,73002,1018,1,0.0001220703125,450.9307687500291,448.2589999999998,not_in_gurobi_pool,,0000100100110001100,01100000010000000,000010010011000110001100000010000000,128,8192,25,152,true,single,36,1.0e-10,64
VQE_reduced_surrogate,73002,1059,1,0.0001220703125,461.62184375000857,448.2629999999998,not_in_gurobi_pool,,0000110010110100011,01000000010001011,000011001011010001101000000010001011,128,8192,25,152,true,single,36,1.0e-10,64
VQE_reduced_surrogate,73002,954,1,0.0001220703125,440.27259375001495,448.2878999999998,not_in_gurobi_pool,,0100100100110001100,00100000010000000,010010010011000110000100000010000000,128,8192,25,152,true,single,36,1.0e-10,64
VQE_reduced_surrogate,73002,955,1,0.0001220703125,440.2725937500113,448.2878999999998,not_in_gurobi_pool,,0100100100111001100,00100000010000000,010010010011100110000100000010000000,128,8192,25,152,true,single,36,1.0e-10,64
VQE_reduced_surrogate,73002,956,1,0.0001220703125,440.28359375002265,448.2988999999998,not_in_gurobi_pool,,0010100100110001100,00100000010000000,001010010011000110000100000010000000,128,8192,25,152,true,single,36,1.0e-10,64
VQE_reduced_surrogate,73002,957,1,0.0001220703125,440.3726937500071,448.3879999999999,not_in_gurobi_pool,,0000101100101001111,01000101000000110,000010110010100111101000101000000110,128,8192,25,152,true,single,36,1.0e-10,64
VQE_reduced_surrogate,73002,1063,1,0.0001220703125,462.2417437500078,448.88289999999984,not_in_gurobi_pool,,1100101101101101011,00000001000000010,110010110110110101100000001000000010,128,8192,25,152,true,single,36,1.0e-10,64
VQE_reduced_surrogate,73002,903,1,0.0001220703125,430.2145187500025,448.9168999999998,not_in_gurobi_pool,,1100010001111010011,00000000010101101,110001000111101001100000000010101101,128,8192,25,152,true,single,36,1.0e-10,64
VQE_reduced_surrogate,73002,1019,1,0.0001220703125,451.58966874999646,448.9178999999999,not_in_gurobi_pool,,1100001110110100001,10000001000000000,110000111011010000110000001000000000,128,8192,25,152,true,single,36,1.0e-10,64
VQE_reduced_surrogate,73002,959,1,0.0001220703125,440.9145937499984,448.9299000000001,not_in_gurobi_pool,,1100110010010100110,00000001011100011,110011001001010011000000001011100011,128,8192,25,152,true,single,36,1.0e-10,64
VQE_reduced_surrogate,73002,1020,1,0.0001220703125,451.69066875000544,449.0188999999999,not_in_gurobi_pool,,1100101010111010000,10000001000000000,110010101011101000010000001000000000,128,8192,25,152,true,single,36,1.0e-10,64
VQE_reduced_surrogate,73002,853,1,0.0001220703125,419.8014437499903,449.19090000000006,not_in_gurobi_pool,,1100011101011010000,10000101110100000,110001110101101000010000101110100000,128,8192,25,152,true,single,36,1.0e-10,64
VQE_reduced_surrogate,73002,961,1,0.0001220703125,441.3325937500017,449.34789999999987,not_in_gurobi_pool,,1100100001110001011,00100000010000110,110010000111000101100100000010000110,128,8192,25,152,true,single,36,1.0e-10,64
VQE_reduced_surrogate,73002,905,1,0.0001220703125,430.9185187499961,449.6208999999999,not_in_gurobi_pool,,0100010000110001111,00000000010101110,010001000011000111100000000010101110,128,8192,25,152,true,single,36,1.0e-10,64
VQE_reduced_surrogate,73002,1193,1,0.0001220703125,484.4479937499955,449.7149999999998,not_in_gurobi_pool,,0000010001111000000,11001000010001000,000001000111100000011001000010001000,128,8192,25,152,true,single,36,1.0e-10,64
VQE_reduced_surrogate,73002,1022,1,0.0001220703125,452.5091687499962,449.83739999999983,not_in_gurobi_pool,,1101101100111100100,00000001000000000,110110110011110010000000001000000000,128,8192,25,152,true,single,36,1.0e-10,64
VQE_reduced_surrogate,73002,1023,1,0.0001220703125,452.56666875001383,449.89489999999995,not_in_gurobi_pool,,0100101000010001100,00010101110000000,010010100001000110000010101110000000,128,8192,25,152,true,single,36,1.0e-10,64
VQE_reduced_surrogate,73002,1025,1,0.0001220703125,452.9186687500071,450.2468999999998,not_in_gurobi_pool,,1100001000110001100,00000001000000000,110000100011000110000000001000000000,128,8192,25,152,true,single,36,1.0e-10,64
VQE_reduced_surrogate,73002,964,1,0.0001220703125,442.23559375000514,450.2508999999998,not_in_gurobi_pool,,1100111110110100010,00000001000101011,110011111011010001000000001000101011,128,8192,25,152,true,single,36,1.0e-10,64
VQE_reduced_surrogate,73002,1026,1,0.0001220703125,452.9752687500054,450.3034999999997,not_in_gurobi_pool,,1001100110111000100,00100000000000000,100110011011100010000100000000000000,128,8192,25,152,true,single,36,1.0e-10,64
VQE_reduced_surrogate,73002,1027,1,0.0001220703125,453.1257687500072,450.45399999999984,not_in_gurobi_pool,,0000000101110100000,11100000010000000,000000010111010000011100000010000000,128,8192,25,152,true,single,36,1.0e-10,64
VQE_reduced_surrogate,73002,965,1,0.0001220703125,442.56859374999635,450.58389999999986,not_in_gurobi_pool,,0100100101111010001,10100000010000000,010010010111101000110100000010000000,128,8192,25,152,true,single,36,1.0e-10,64
VQE_reduced_surrogate,73002,1029,1,0.0001220703125,453.38466874998676,450.7128999999999,not_in_gurobi_pool,,0100001101100010011,00000001000000101,010000110110001001100000001000000101,128,8192,25,152,true,single,36,1.0e-10,64
VQE_reduced_surrogate,73002,911,1,0.0001220703125,432.02351874999476,450.72590000000014,not_in_gurobi_pool,,0100111110000100111,00000101110100011,010011111000010011100000101110100011,128,8192,25,152,true,single,36,1.0e-10,64
VQE_reduced_surrogate,73002,966,1,0.0001220703125,442.7675937500062,450.7828999999999,not_in_gurobi_pool,,1100111110110001010,00000001000101110,110011111011000101000000001000101110,128,8192,25,152,true,single,36,1.0e-10,64
VQE_reduced_surrogate,73002,968,1,0.0001220703125,443.0345937500065,451.04989999999987,not_in_gurobi_pool,,1100010110111010101,00000000010101000,110001011011101010100000000010101000,128,8192,25,152,true,single,36,1.0e-10,64
VQE_reduced_surrogate,73002,1030,1,0.0001220703125,453.72166874999925,451.04989999999987,not_in_gurobi_pool,,1100000110110010101,00100000010000000,110000011011001010100100000010000000,128,8192,25,152,true,single,36,1.0e-10,64
VQE_reduced_surrogate,73002,917,1,0.0001220703125,432.5074187499829,451.2098000000001,not_in_gurobi_pool,,0110101110011101011,00000101010100010,011010111001110101100000101010100010,128,8192,25,152,true,single,36,1.0e-10,64
VQE_reduced_surrogate,73002,918,1,0.0001220703125,432.560518750008,451.26289999999995,not_in_gurobi_pool,,1100111001011110011,00000101110100001,110011100101111001100000101110100001,128,8192,25,152,true,single,36,1.0e-10,64
VQE_reduced_surrogate,73002,1068,1,0.0001220703125,464.98174374999894,451.62289999999973,not_in_gurobi_pool,,1100101010111011011,00000001000000100,110010101011101101100000001000000100,128,8192,25,152,true,single,36,1.0e-10,64
VQE_reduced_surrogate,73002,1069,1,0.0001220703125,465.1042437499923,451.7453999999997,not_in_gurobi_pool,,1101101110111011011,00000001000000100,110110111011101101100000001000000100,128,8192,25,152,true,single,36,1.0e-10,64
VQE_reduced_surrogate,73002,971,1,0.0001220703125,443.8736937500064,451.8889999999999,not_in_gurobi_pool,,0000101110110100001,11000101000000000,000010111011010000111000101000000000,128,8192,25,152,true,single,36,1.0e-10,64
VQE_reduced_surrogate,73002,972,1,0.0001220703125,443.8736937500187,451.8889999999999,not_in_gurobi_pool,,0000101110110100000,11000101000000000,000010111011010000011000101000000000,128,8192,25,152,true,single,36,1.0e-10,64
VQE_reduced_surrogate,73002,973,1,0.0001220703125,443.8736937500046,451.8889999999999,not_in_gurobi_pool,,0000001110110100001,11000101000000000,000000111011010000111000101000000000,128,8192,25,152,true,single,36,1.0e-10,64
VQE_reduced_surrogate,73002,974,1,0.0001220703125,443.8736937500155,451.8889999999999,not_in_gurobi_pool,,0000001110110100000,11000101000000000,000000111011010000011000101000000000,128,8192,25,152,true,single,36,1.0e-10,64
VQE_reduced_surrogate,73002,1034,1,0.0001220703125,454.56076875000326,451.889,not_in_gurobi_pool,,0000111110111100001,11000101000001000,000011111011110000111000101000001000,128,8192,25,152,true,single,36,1.0e-10,64
VQE_reduced_surrogate,73002,975,1,0.0001220703125,443.90259375000005,451.91790000000003,not_in_gurobi_pool,,0100111110111100001,10000001000101000,010011111011110000110000001000101000,128,8192,25,152,true,single,36,1.0e-10,64
VQE_reduced_surrogate,73002,976,1,0.0001220703125,444.0035937500056,452.01890000000014,not_in_gurobi_pool,,0100111110111010000,10000001000101000,010011111011101000010000001000101000,128,8192,25,152,true,single,36,1.0e-10,64
VQE_reduced_surrogate,73002,977,1,0.0001220703125,444.26659375000554,452.28189999999995,not_in_gurobi_pool,,1100010110110100111,00000000010101011,110001011011010011100000000010101011,128,8192,25,152,true,single,36,1.0e-10,64
VQE_reduced_surrogate,73002,1037,1,0.0001220703125,455.0546687499975,452.38289999999995,not_in_gurobi_pool,,1100000110110010111,00100000010000101,110000011011001011100100000010000101,128,8192,25,152,true,single,36,1.0e-10,64
VQE_reduced_surrogate,73002,1038,1,0.0001220703125,455.0927687500025,452.42100000000016,not_in_gurobi_pool,,0000111110111001001,11000101000001000,000011111011100100111000101000001000,128,8192,25,152,true,single,36,1.0e-10,64
VQE_reduced_surrogate,73002,979,1,0.0001220703125,444.5800937499828,452.5953999999999,not_in_gurobi_pool,,0011110110011001111,00000100010100110,001111011001100111100000100010100110,128,8192,25,152,true,single,36,1.0e-10,64
VQE_reduced_surrogate,73002,980,1,0.0001220703125,444.6515937500087,452.66689999999994,not_in_gurobi_pool,,0010010101111110011,00000000010101001,001001010111111001100000000010101001,128,8192,25,152,true,single,36,1.0e-10,64
VQE_reduced_surrogate,73002,981,1,0.0001220703125,444.7985937500048,452.8138999999999,not_in_gurobi_pool,,1100010110111001111,00000000010101110,110001011011100111100000000010101110,128,8192,25,152,true,single,36,1.0e-10,64
VQE_reduced_surrogate,73002,1039,1,0.0001220703125,455.48566874999847,452.8139,not_in_gurobi_pool,,1100000110110001111,00100000010000110,110000011011000111100100000010000110,128,8192,25,152,true,single,36,1.0e-10,64
VQE_reduced_surrogate,73002,982,1,0.0001220703125,444.90159375000144,452.9168999999999,not_in_gurobi_pool,,0100101101000100100,00000101110000000,010010110100010010000000101110000000,128,8192,25,152,true,single,36,1.0e-10,64
VQE_reduced_surrogate,73002,1040,1,0.0001220703125,455.8532687500094,453.18149999999986,not_in_gurobi_pool,,1001101010011001100,00000111100000000,100110101001100110000000111100000000,128,8192,25,152,true,single,36,1.0e-10,64
VQE_reduced_surrogate,73002,984,1,0.0001220703125,445.2315937500018,453.2469,not_in_gurobi_pool,,0100111100110001100,00000001000101000,010011110011000110000000001000101000,128,8192,25,152,true,single,36,1.0e-10,64
VQE_reduced_surrogate,73002,986,1,0.0001220703125,445.4335937500034,453.4488999999998,not_in_gurobi_pool,,0100101101000001100,00000101110000000,010010110100000110000000101110000000,128,8192,25,152,true,single,36,1.0e-10,64
VQE_reduced_surrogate,73002,1041,1,0.0001220703125,456.15716874998793,453.4853999999997,not_in_gurobi_pool,,0011101110111010011,00000100000000101,001110111011101001100000100000000101,128,8192,25,152,true,single,36,1.0e-10,64
VQE_reduced_surrogate,73002,1042,1,0.0001220703125,456.46566875000235,453.7938999999998,not_in_gurobi_pool,,0010001010111001011,00000100000000110,001000101011100101100000100000000110,128,8192,25,152,true,single,36,1.0e-10,64
VQE_reduced_surrogate,73002,1043,1,0.0001220703125,456.58816874998615,453.9163999999997,not_in_gurobi_pool,,0011101110111001011,00000100000000110,001110111011100101100000100000000110,128,8192,25,152,true,single,36,1.0e-10,64
VQE_reduced_surrogate,73002,1136,1,0.0001220703125,477.9659187500097,453.91999999999985,not_in_gurobi_pool,,0000010110110100100,01000000010001000,000001011011010010001000000010001000,128,8192,25,152,true,single,36,1.0e-10,64
VQE_reduced_surrogate,73002,1137,1,0.0001220703125,478.06691875000615,454.02099999999984,not_in_gurobi_pool,,0000010110111010100,01000000010001000,000001011011101010001000000010001000,128,8192,25,152,true,single,36,1.0e-10,64
VQE_reduced_surrogate,73002,1044,1,0.0001220703125,456.79266875000326,454.12089999999984,not_in_gurobi_pool,,0100000001011100100,00100001011000000,010000000101110010000100001011000000,128,8192,25,152,true,single,36,1.0e-10,64
VQE_reduced_surrogate,73002,995,1,0.0001220703125,446.45759374999716,454.47289999999975,not_in_gurobi_pool,,1100110101110100100,00000000010101000,110011010111010010000000000010101000,128,8192,25,152,true,single,36,1.0e-10,64
VQE_reduced_surrogate,73002,1082,1,0.0001220703125,467.90274374998967,454.54390000000006,not_in_gurobi_pool,,1100101011011000001,10001101110000000,110010101101100000110001101110000000,128,8192,25,152,true,single,36,1.0e-10,64
VQE_reduced_surrogate,73002,1083,1,0.0001220703125,467.95284374999324,454.5939999999996,not_in_gurobi_pool,,0000111110111011011,01000101000001100,000011111011101101101000101000001100,128,8192,25,152,true,single,36,1.0e-10,64
VQE_reduced_surrogate,73002,996,1,0.0001220703125,446.670693750003,454.6859999999999,not_in_gurobi_pool,,0000010101011000110,01000101011000111,000001010101100011001000101011000111,128,8192,25,152,true,single,36,1.0e-10,64
VQE_reduced_surrogate,73002,997,1,0.0001220703125,446.67069374999596,454.6859999999999,not_in_gurobi_pool,,0000010001010000110,01000101011000111,000001000101000011001000101011000111,128,8192,25,152,true,single,36,1.0e-10,64
VQE_reduced_surrogate,73002,998,1,0.0001220703125,446.7665937500003,454.78189999999995,not_in_gurobi_pool,,0100101101001001111,00000101110000110,010010110100100111100000101110000110,128,8192,25,152,true,single,36,1.0e-10,64
VQE_reduced_surrogate,73002,933,1,0.0001220703125,436.11451874999966,454.81689999999986,not_in_gurobi_pool,,0100001010011000100,00000101110000000,010000101001100010000000101110000000,128,8192,25,152,true,single,36,1.0e-10,64
VQE_reduced_surrogate,73002,999,1,0.0001220703125,446.9895937500073,455.0048999999999,not_in_gurobi_pool,,1100010101111001101,00000000010101000,110001010111100110100000000010101000,128,8192,25,152,true,single,36,1.0e-10,64
VQE_reduced_surrogate,73002,1000,1,0.0001220703125,447.1535937500032,455.1689,not_in_gurobi_pool,,1100011110110000101,00000001000101000,110001111011000010100000001000101000,128,8192,25,152,true,single,36,1.0e-10,64
VQE_reduced_surrogate,73002,1001,1,0.0001220703125,447.49869375000776,455.5139999999999,not_in_gurobi_pool,,0000101101110010000,11000101000000000,000010110111001000011000101000000000,128,8192,25,152,true,single,36,1.0e-10,64
VQE_reduced_surrogate,73002,1090,1,0.0001220703125,468.8762437499988,455.51739999999967,not_in_gurobi_pool,,1011101111011010000,10000111000000000,101110111101101000010000111000000000,128,8192,25,152,true,single,36,1.0e-10,64
VQE_reduced_surrogate,73002,1002,1,0.0001220703125,447.54059374999815,455.5559,not_in_gurobi_pool,,0100001110010100100,00000101110000000,010000111001010010000000101110000000,128,8192,25,152,true,single,36,1.0e-10,64
VQE_reduced_surrogate,73002,1003,1,0.0001220703125,447.5405937500061,455.5559,not_in_gurobi_pool,,0100101010010100100,00000101110000000,010010101001010010000000101110000000,128,8192,25,152,true,single,36,1.0e-10,64
VQE_reduced_surrogate,73002,1005,1,0.0001220703125,447.9296937500046,455.94499999999994,not_in_gurobi_pool,,0000001101110001001,11000101000000000,000000110111000100111000101000000000,128,8192,25,152,true,single,36,1.0e-10,64
VQE_reduced_surrogate,73002,1050,1,0.0001220703125,459.1116687499966,456.4399000000001,not_in_gurobi_pool,,1100111110111001101,00000001000101000,110011111011100110100000001000101000,128,8192,25,152,true,single,36,1.0e-10,64
VQE_reduced_surrogate,73002,1009,1,0.0001220703125,449.4165937499938,457.43190000000004,not_in_gurobi_pool,,0010101110011001110,00000111010000110,001010111001100111000000111010000110,128,8192,25,152,true,single,36,1.0e-10,64
VQE_reduced_surrogate,73002,1055,1,0.0001220703125,460.4446687499949,457.77290000000016,not_in_gurobi_pool,,1100111110111001111,00000001000101110,110011111011100111100000001000101110,128,8192,25,152,true,single,36,1.0e-10,64
VQE_reduced_surrogate,73002,1054,1,0.0001220703125,460.4446687499981,457.7729000000003,not_in_gurobi_pool,,1100111110110001111,00000001000101110,110011111011000111100000001000101110,128,8192,25,152,true,single,36,1.0e-10,64
VQE_reduced_surrogate,73002,1109,1,0.0001220703125,472.2667437499965,458.90789999999987,not_in_gurobi_pool,,0100001110110100101,00000001000000000,010000111011010010100000001000000000,128,8192,25,152,true,single,36,1.0e-10,64
VQE_reduced_surrogate,73002,1110,1,0.0001220703125,472.2673437500034,458.9084999999997,not_in_gurobi_pool,,0001111111011001001,10000111100000000,000111111101100100110000111100000000,128,8192,25,152,true,single,36,1.0e-10,64
VQE_reduced_surrogate,73002,960,1,0.0001220703125,441.05441874999883,459.75680000000045,not_in_gurobi_pool,,0110101111011010011,00000101010100101,011010111101101001100000101010100101,128,8192,25,152,true,single,36,1.0e-10,64
VQE_reduced_surrogate,73002,1197,1,0.0001220703125,484.90391874999864,460.8579999999997,not_in_gurobi_pool,,0000111111011101011,01000111110000010,000011111101110101101000111110000010,128,8192,25,152,true,single,36,1.0e-10,64
VQE_reduced_surrogate,73002,1032,1,0.0001220703125,454.2575937499987,462.27290000000016,not_in_gurobi_pool,,1100111111010100101,00000101110100000,110011111101010010100000101110100000,128,8192,25,152,true,single,36,1.0e-10,64
VQE_reduced_surrogate,73002,1036,1,0.0001220703125,454.78959374999977,462.80489999999986,not_in_gurobi_pool,,1100111111010001101,00000101110100000,110011111101000110100000101110100000,128,8192,25,152,true,single,36,1.0e-10,64
VQE_reduced_surrogate,73002,1213,1,0.0001220703125,486.6535437500006,473.2946999999999,not_in_gurobi_pool,,1101100000000110011,00110001010000001,110110000000011001100110001010000001,128,8192,25,152,true,single,36,1.0e-10,64
VQE_reduced_surrogate,73002,1323,1,0.0001220703125,508.0330937499757,473.30009999999993,not_in_gurobi_pool,,0110100000001000001,10111000011100000,011010000000100000110111000011100000,128,8192,25,152,true,single,36,1.0e-10,64
VQE_reduced_surrogate,73002,1072,1,0.0001220703125,466.11739374999956,474.1326999999999,not_in_gurobi_pool,,0011110100000100001,10010100010100000,001111010000010000110010100010100000,128,8192,25,152,true,single,36,1.0e-10,64
VQE_reduced_surrogate,73002,1132,1,0.0001220703125,477.2464687500003,474.57469999999967,not_in_gurobi_pool,,1101100100101010000,10100000000000000,110110010010101000010100000000000000,128,8192,25,152,true,single,36,1.0e-10,64
VQE_reduced_surrogate,73002,1135,1,0.0001220703125,477.6774687499992,475.0056999999997,not_in_gurobi_pool,,1101100000100001001,10100000000000000,110110000010000100110100000000000000,128,8192,25,152,true,single,36,1.0e-10,64
VQE_reduced_surrogate,73002,1228,1,0.0001220703125,489.96204374999,476.6031999999998,not_in_gurobi_pool,,0100000100000101011,00110001011000010,010000010000010101100110001011000010,128,8192,25,152,true,single,36,1.0e-10,64
VQE_reduced_surrogate,73002,1150,1,0.0001220703125,479.7494687500109,477.0776999999998,not_in_gurobi_pool,,1101110100100101011,00000000000101010,110111010010010101100000000000101010,128,8192,25,152,true,single,36,1.0e-10,64
VQE_reduced_surrogate,73002,1235,1,0.0001220703125,490.5609437499879,477.2021,not_in_gurobi_pool,,1110000000011100001,10110000011100000,111000000001110000110110000011100000,128,8192,25,152,true,single,36,1.0e-10,64
VQE_reduced_surrogate,73002,1154,1,0.0001220703125,480.4358687499955,477.7641000000001,not_in_gurobi_pool,,1110100110000001000,10100000011100000,111010011000000100010100000011100000,128,8192,25,152,true,single,36,1.0e-10,64
VQE_reduced_surrogate,73002,1352,1,0.0001220703125,513.0856937499955,478.3526999999999,not_in_gurobi_pool,,0011101100001000001,10011111000000000,001110110000100000110011111000000000,128,8192,25,152,true,single,36,1.0e-10,64
VQE_reduced_surrogate,73002,1160,1,0.0001220703125,481.25396874999296,478.58219999999983,not_in_gurobi_pool,,1010111000101000001,10001100000101000,101011100010100000110001100000101000,128,8192,25,152,true,single,36,1.0e-10,64
VQE_reduced_surrogate,73002,1100,1,0.0001220703125,470.56789374997584,478.58320000000003,not_in_gurobi_pool,,1100010000000000110,00010001011100111,110001000000000011000010001011100111,128,8192,25,152,true,single,36,1.0e-10,64
VQE_reduced_surrogate,73002,1163,1,0.0001220703125,481.3654687500032,478.6936999999999,not_in_gurobi_pool,,1101111100101000001,10001001000101000,110111110010100000110001001000101000,128,8192,25,152,true,single,36,1.0e-10,64
VQE_reduced_surrogate,73002,1244,1,0.0001220703125,492.2881437499998,478.9293,not_in_gurobi_pool,,0000011100001100000,11010111110000000,000001110000110000011010111110000000,128,8192,25,152,true,single,36,1.0e-10,64
VQE_reduced_surrogate,73002,1245,1,0.0001220703125,492.4106437500177,479.0517999999999,not_in_gurobi_pool,,0001111000000100000,10010111100000000,000111100000010000010010111100000000,128,8192,25,152,true,single,36,1.0e-10,64
VQE_reduced_surrogate,73002,1053,1,0.0001220703125,460.35681874998954,479.0591999999999,not_in_gurobi_pool,,0100111000000010000,10010101110100000,010011100000001000010010101110100000,128,8192,25,152,true,single,36,1.0e-10,64
VQE_reduced_surrogate,73002,1170,1,0.0001220703125,482.00696874999653,479.33519999999976,not_in_gurobi_pool,,1100010100010110011,00010001011100001,110001010001011001100010001011100001,128,8192,25,152,true,single,36,1.0e-10,64
VQE_reduced_surrogate,73002,1103,1,0.0001220703125,471.334393749999,479.34969999999987,not_in_gurobi_pool,,0011110100101001010,00000000000101110,001111010010100101000000000000101110,128,8192,25,152,true,single,36,1.0e-10,64
VQE_reduced_surrogate,73002,1171,1,0.0001220703125,482.0214687499954,479.34969999999987,not_in_gurobi_pool,,0011100100101001011,00100000000000110,001110010010100101100100000000000110,128,8192,25,152,true,single,36,1.0e-10,64
VQE_reduced_surrogate,73002,1056,1,0.0001220703125,460.7878187499891,479.49019999999996,not_in_gurobi_pool,,0100111000001001001,10010101110100000,010011100000100100110010101110100000,128,8192,25,152,true,single,36,1.0e-10,64
VQE_reduced_surrogate,73002,1173,1,0.0001220703125,482.1670687500073,479.4952999999998,not_in_gurobi_pool,,0000100100100110011,01100000010000001,000010010010011001101100000010000001,128,8192,25,152,true,single,36,1.0e-10,64
VQE_reduced_surrogate,73002,1106,1,0.0001220703125,471.5088937499904,479.52419999999984,not_in_gurobi_pool,,0100000100100110011,00100000010000001,010000010010011001100100000010000001,128,8192,25,152,true,single,36,1.0e-10,64
VQE_reduced_surrogate,73002,1175,1,0.0001220703125,482.2895687500102,479.61779999999965,not_in_gurobi_pool,,0001100000100110011,00100000000000001,000110000010011001100100000000000001,128,8192,25,152,true,single,36,1.0e-10,64
VQE_reduced_surrogate,73002,1179,1,0.0001220703125,482.5980687500137,479.92629999999986,not_in_gurobi_pool,,0000100100100101011,01100000010000010,000010010010010101101100000010000010,128,8192,25,152,true,single,36,1.0e-10,64
VQE_reduced_surrogate,73002,1108,1,0.0001220703125,471.95089375001044,479.96619999999973,not_in_gurobi_pool,,0010000100101101010,00100000010000010,001000010010110101000100000010000010,128,8192,25,152,true,single,36,1.0e-10,64
VQE_reduced_surrogate,73002,1107,1,0.0001220703125,471.95089375000225,479.96619999999984,not_in_gurobi_pool,,0010000100100101011,00100000010000010,001000010010010101100100000010000010,128,8192,25,152,true,single,36,1.0e-10,64
VQE_reduced_surrogate,73002,1111,1,0.0001220703125,472.3813937500031,480.3967,not_in_gurobi_pool,,0011110100011010000,10010100010100000,001111010001101000010010100010100000,128,8192,25,152,true,single,36,1.0e-10,64
VQE_reduced_surrogate,73002,1184,1,0.0001220703125,483.19746874999805,480.5256999999997,not_in_gurobi_pool,,0011111100000010011,00010111000100101,001111110000001001100010111000100101,128,8192,25,152,true,single,36,1.0e-10,64
VQE_reduced_surrogate,73002,1112,1,0.0001220703125,472.6323937500015,480.64769999999965,not_in_gurobi_pool,,1011110000110100000,10000000000101000,101111000011010000010000000000101000,128,8192,25,152,true,single,36,1.0e-10,64
VQE_reduced_surrogate,73002,1185,1,0.0001220703125,483.31946875000676,480.64769999999976,not_in_gurobi_pool,,1011100100110100000,10100000000000000,101110010011010000010100000000000000,128,8192,25,152,true,single,36,1.0e-10,64
VQE_reduced_surrogate,73002,1116,1,0.0001220703125,472.92439374998776,480.9396999999999,not_in_gurobi_pool,,1101100001001010000,10100001010000000,110110000100101000010100001010000000,128,8192,25,152,true,single,36,1.0e-10,64
VQE_reduced_surrogate,73002,1117,1,0.0001220703125,472.9243937499939,480.9396999999999,not_in_gurobi_pool,,1101100101001010000,10100001010000000,110110010100101000010100001010000000,128,8192,25,152,true,single,36,1.0e-10,64
VQE_reduced_surrogate,73002,1187,1,0.0001220703125,483.63206875002993,480.9602999999998,not_in_gurobi_pool,,0000100000000100100,01110101011000000,000010000000010010001110101011000000,128,8192,25,152,true,single,36,1.0e-10,64
VQE_reduced_surrogate,73002,1120,1,0.0001220703125,473.1533937500044,481.1686999999997,not_in_gurobi_pool,,1101110000110001000,10000000000101000,110111000011000100010000000000101000,128,8192,25,152,true,single,36,1.0e-10,64
VQE_reduced_surrogate,73002,1189,1,0.0001220703125,484.1065687500097,481.43479999999965,not_in_gurobi_pool,,1001100100101100101,00100000000000000,100110010010110010100100000000000000,128,8192,25,152,true,single,36,1.0e-10,64
VQE_reduced_surrogate,73002,1190,1,0.0001220703125,484.1549687500003,481.4831999999998,not_in_gurobi_pool,,1100101000100110010,00000001000000001,110010100010011001000000001000000001,128,8192,25,152,true,single,36,1.0e-10,64
VQE_reduced_surrogate,73002,1191,1,0.0001220703125,484.2075687500035,481.53579999999965,not_in_gurobi_pool,,1001100100101010101,00100000000000000,100110010010101010100100000000000000,128,8192,25,152,true,single,36,1.0e-10,64
VQE_reduced_surrogate,73002,1260,1,0.0001220703125,495.0635437500109,481.7046999999998,not_in_gurobi_pool,,0011101100101000000,10001100000000000,001110110010100000010001100000000000,128,8192,25,152,true,single,36,1.0e-10,64
VQE_reduced_surrogate,73002,1064,1,0.0001220703125,463.1708187500001,481.87319999999977,not_in_gurobi_pool,,1100110000101001101,00000000010101000,110011000010100110100000000010101000,128,8192,25,152,true,single,36,1.0e-10,64
VQE_reduced_surrogate,73002,1195,1,0.0001220703125,484.76886874998536,482.09709999999995,not_in_gurobi_pool,,0110100010001001011,00100000011100110,011010001000100101100100000011100110,128,8192,25,152,true,single,36,1.0e-10,64
VQE_reduced_surrogate,73002,1196,1,0.0001220703125,484.77246875001106,482.10069999999985,not_in_gurobi_pool,,1101110110101010011,00000000000101101,110111011010101001100000000000101101,128,8192,25,152,true,single,36,1.0e-10,64
VQE_reduced_surrogate,73002,1263,1,0.0001220703125,495.6025437499977,482.2436999999997,not_in_gurobi_pool,,1101101100010100001,10010101100000000,110110110001010000110010101100000000,128,8192,25,152,true,single,36,1.0e-10,64
VQE_reduced_surrogate,73002,1199,1,0.0001220703125,484.96506875000796,482.29330000000004,not_in_gurobi_pool,,0000000100001100111,01110101011000011,000000010000110011101110101011000011,128,8192,25,152,true,single,36,1.0e-10,64
VQE_reduced_surrogate,73002,1200,1,0.0001220703125,484.96506875001205,482.29330000000004,not_in_gurobi_pool,,0000100100000100111,01110101011000011,000010010000010011101110101011000011,128,8192,25,152,true,single,36,1.0e-10,64
VQE_reduced_surrogate,73002,1202,1,0.0001220703125,485.01646874999915,482.3447000000001,not_in_gurobi_pool,,1101111100011010000,10010101100100000,110111110001101000010010101100100000,128,8192,25,152,true,single,36,1.0e-10,64
VQE_reduced_surrogate,73002,1204,1,0.0001220703125,485.0218687500044,482.3500999999999,not_in_gurobi_pool,,0110101100100100000,10000000000100000,011010110010010000010000000000100000,128,8192,25,152,true,single,36,1.0e-10,64
VQE_reduced_surrogate,73002,1123,1,0.0001220703125,474.35939375000726,482.3747000000001,not_in_gurobi_pool,,1101111110001010000,10000101100100000,110111111000101000010000101100100000,128,8192,25,152,true,single,36,1.0e-10,64
VQE_reduced_surrogate,73002,1206,1,0.0001220703125,485.1228687500022,482.4511,not_in_gurobi_pool,,0110101100101010000,10000000000100000,011010110010101000010000000000100000,128,8192,25,152,true,single,36,1.0e-10,64
VQE_reduced_surrogate,73002,1066,1,0.0001220703125,464.0728187500024,482.7751999999998,not_in_gurobi_pool,,1100110000101010111,00000000010101101,110011000010101011100000000010101101,128,8192,25,152,true,single,36,1.0e-10,64
VQE_reduced_surrogate,73002,1124,1,0.0001220703125,474.7598937499952,482.7751999999998,not_in_gurobi_pool,,1100000000101010111,00100000010000101,110000000010101011100100000010000101,128,8192,25,152,true,single,36,1.0e-10,64
VQE_reduced_surrogate,73002,1318,1,0.0001220703125,506.82221875000573,482.77629999999976,not_in_gurobi_pool,,0000000110101000000,11101000010000000,000000011010100000011101000010000000,128,8192,25,152,true,single,36,1.0e-10,64
VQE_reduced_surrogate,73002,1379,1,0.0001220703125,517.5390937500015,482.8060999999999,not_in_gurobi_pool,,0110110000011101011,00010000011110010,011011000001110101100010000011110010,128,8192,25,152,true,single,36,1.0e-10,64
VQE_reduced_surrogate,73002,1210,1,0.0001220703125,485.971568750007,483.2997999999998,not_in_gurobi_pool,,1001100000101001111,00100000000000110,100110000010100111100100000000000110,128,8192,25,152,true,single,36,1.0e-10,64
VQE_reduced_surrogate,73002,1126,1,0.0001220703125,475.30489374999297,483.3201999999999,not_in_gurobi_pool,,1100010001000101011,00000001011100010,110001000100010101100000001011100010,128,8192,25,152,true,single,36,1.0e-10,64
VQE_reduced_surrogate,73002,1127,1,0.0001220703125,475.47339375000706,483.4886999999999,not_in_gurobi_pool,,1011100010010100000,10100100010000000,101110001001010000010100100010000000,128,8192,25,152,true,single,36,1.0e-10,64
VQE_reduced_surrogate,73002,1031,1,0.0001220703125,454.12474374999147,483.51419999999973,not_in_gurobi_pool,,0100010000110100001,10000000010101000,010001000011010000110000000010101000,128,8192,25,152,true,single,36,1.0e-10,64
VQE_reduced_surrogate,73002,1067,1,0.0001220703125,464.85281874998805,483.5552,not_in_gurobi_pool,,1100011000011010011,00010101110100101,110001100001101001100010101110100101,128,8192,25,152,true,single,36,1.0e-10,64
VQE_reduced_surrogate,73002,1265,1,0.0001220703125,496.9751437500015,483.6162999999997,not_in_gurobi_pool,,0000010110101010000,11000000010001000,000001011010101000011000000010001000,128,8192,25,152,true,single,36,1.0e-10,64
VQE_reduced_surrogate,73002,1266,1,0.0001220703125,496.9751437500015,483.6162999999997,not_in_gurobi_pool,,0000110110101010001,11000000010001000,000011011010101000111000000010001000,128,8192,25,152,true,single,36,1.0e-10,64
VQE_reduced_surrogate,73002,1267,1,0.0001220703125,496.99664375001817,483.6377999999995,not_in_gurobi_pool,,0001110110100100000,10000000000001000,000111011010010000010000000000001000,128,8192,25,152,true,single,36,1.0e-10,64
VQE_reduced_surrogate,73002,1035,1,0.0001220703125,454.6567437499907,484.04619999999977,not_in_gurobi_pool,,0100010000110001001,10000000010101000,010001000011000100110000000010101000,128,8192,25,152,true,single,36,1.0e-10,64
VQE_reduced_surrogate,73002,1070,1,0.0001220703125,465.46681875000263,484.1691999999998,not_in_gurobi_pool,,1100110101101010001,10000000010101000,110011010110101000110000000010101000,128,8192,25,152,true,single,36,1.0e-10,64
VQE_reduced_surrogate,73002,1271,1,0.0001220703125,497.6120437500042,484.2531999999998,not_in_gurobi_pool,,1100100100011010100,00110001011000000,110010010001101010000110001011000000,128,8192,25,152,true,single,36,1.0e-10,64
VQE_reduced_surrogate,73002,1325,1,0.0001220703125,508.36901875000785,484.32309999999995,not_in_gurobi_pool,,1110110110001010101,00000000011110000,111011011000101010100000000011110000,128,8192,25,152,true,single,36,1.0e-10,64
VQE_reduced_surrogate,73002,1272,1,0.0001220703125,497.8055437500029,484.44669999999974,not_in_gurobi_pool,,1101101110000110011,00000101100000001,110110111000011001100000101100000001,128,8192,25,152,true,single,36,1.0e-10,64
VQE_reduced_surrogate,73002,1273,1,0.0001220703125,497.81654374999925,484.4576999999997,not_in_gurobi_pool,,1011101110000110011,00000111000000001,101110111000011001100000111000000001,128,8192,25,152,true,single,36,1.0e-10,64
VQE_reduced_surrogate,73002,1391,1,0.0001220703125,519.2486937500032,484.5156999999999,not_in_gurobi_pool,,0011101000010000001,10011111000000000,001110100001000000110011111000000000,128,8192,25,152,true,single,36,1.0e-10,64
VQE_reduced_surrogate,73002,1276,1,0.0001220703125,498.0430437500038,484.68419999999986,not_in_gurobi_pool,,1100000100010001100,00110001011000000,110000010001000110000110001011000000,128,8192,25,152,true,single,36,1.0e-10,64
VQE_reduced_surrogate,73002,1277,1,0.0001220703125,498.04304375000515,484.68419999999986,not_in_gurobi_pool,,1100000100011001100,00110001011000000,110000010001100110000110001011000000,128,8192,25,152,true,single,36,1.0e-10,64
VQE_reduced_surrogate,73002,1215,1,0.0001220703125,487.3859687500035,484.71419999999983,not_in_gurobi_pool,,1100100010000001100,00100001011000000,110010001000000110000100001011000000,128,8192,25,152,true,single,36,1.0e-10,64
VQE_reduced_surrogate,73002,1216,1,0.0001220703125,487.4784687500005,484.8067,not_in_gurobi_pool,,1101110100011001100,00010001010100000,110111010001100110000010001010100000,128,8192,25,152,true,single,36,1.0e-10,64
VQE_reduced_surrogate,73002,1130,1,0.0001220703125,476.96289374999196,484.9781999999998,not_in_gurobi_pool,,0100100110101010011,00100000010000101,010010011010101001100100000010000101,128,8192,25,152,true,single,36,1.0e-10,64
VQE_reduced_surrogate,73002,1278,1,0.0001220703125,498.33754375000217,484.9786999999999,not_in_gurobi_pool,,1101101110000011011,00000101100000100,110110111000001101100000101100000100,128,8192,25,152,true,single,36,1.0e-10,64
VQE_reduced_surrogate,73002,1131,1,0.0001220703125,477.0663937499953,485.0816999999997,not_in_gurobi_pool,,0011110000110010011,00000000000101101,001111000011001001100000000000101101,128,8192,25,152,true,single,36,1.0e-10,64
VQE_reduced_surrogate,73002,1073,1,0.0001220703125,466.4598187500005,485.16219999999976,not_in_gurobi_pool,,0010001010000100000,10000111010000000,001000101000010000010000111010000000,128,8192,25,152,true,single,36,1.0e-10,64
VQE_reduced_surrogate,73002,1074,1,0.0001220703125,466.5198187499948,485.22219999999993,not_in_gurobi_pool,,0100111000011010000,10010101110100000,010011100001101000010010101110100000,128,8192,25,152,true,single,36,1.0e-10,64
VQE_reduced_surrogate,73002,1075,1,0.0001220703125,466.5308187500034,485.2331999999999,not_in_gurobi_pool,,0010111000011010000,10010111010100000,001011100001101000010010111010100000,128,8192,25,152,true,single,36,1.0e-10,64
VQE_reduced_surrogate,73002,1076,1,0.0001220703125,466.5608187500011,485.26319999999987,not_in_gurobi_pool,,0010001010001010000,10000111010000000,001000101000101000010000111010000000,128,8192,25,152,true,single,36,1.0e-10,64
VQE_reduced_surrogate,73002,1133,1,0.0001220703125,477.25739374999375,485.2726999999999,not_in_gurobi_pool,,0101100001001010011,00100001010000101,010110000100101001100100001010000101,128,8192,25,152,true,single,36,1.0e-10,64
VQE_reduced_surrogate,73002,1077,1,0.0001220703125,466.71781874999465,485.4201999999997,not_in_gurobi_pool,,0010010110101001011,00000000010101110,001001011010100101100000000010101110,128,8192,25,152,true,single,36,1.0e-10,64
VQE_reduced_surrogate,73002,1078,1,0.0001220703125,466.82991875001835,485.53229999999974,not_in_gurobi_pool,,1000101100101000100,01000101000000000,100010110010100010001000101000000000,128,8192,25,152,true,single,36,1.0e-10,64
VQE_reduced_surrogate,73002,1079,1,0.0001220703125,466.98481875000084,485.6871999999996,not_in_gurobi_pool,,0100110000110110011,00000000010101001,010011000011011001100000000010101001,128,8192,25,152,true,single,36,1.0e-10,64
VQE_reduced_surrogate,73002,1283,1,0.0001220703125,499.10514374999616,485.7462999999998,not_in_gurobi_pool,,0000010000101010111,01000000010001101,000001000010101011101000000010001101,128,8192,25,152,true,single,36,1.0e-10,64
VQE_reduced_surrogate,73002,1221,1,0.0001220703125,488.4525687500052,485.78079999999966,not_in_gurobi_pool,,0001100100110110011,00100000000000001,000110010011011001100100000000000001,128,8192,25,152,true,single,36,1.0e-10,64
VQE_reduced_surrogate,73002,1285,1,0.0001220703125,499.3760437500041,486.0172,not_in_gurobi_pool,,1100100000011001110,00110001011000110,110010000001100111000110001011000110,128,8192,25,152,true,single,36,1.0e-10,64
VQE_reduced_surrogate,73002,1138,1,0.0001220703125,478.1138937500082,486.12919999999986,not_in_gurobi_pool,,0010000000110101011,00100000010000010,001000000011010101100100000010000010,128,8192,25,152,true,single,36,1.0e-10,64
VQE_reduced_surrogate,73002,1080,1,0.0001220703125,467.51681874999736,486.2191999999998,not_in_gurobi_pool,,0100110000110011011,00000000010101100,010011000011001101100000000010101100,128,8192,25,152,true,single,36,1.0e-10,64
VQE_reduced_surrogate,73002,1339,1,0.0001220703125,510.26621874999864,486.2202999999997,not_in_gurobi_pool,,0000110110101011011,01000000010001100,000011011010101101101000000010001100,128,8192,25,152,true,single,36,1.0e-10,64
VQE_reduced_surrogate,73002,1340,1,0.0001220703125,510.4060187500115,486.3601000000002,not_in_gurobi_pool,,0110110101001101011,00000000011110010,011011010100110101100000000011110010,128,8192,25,152,true,single,36,1.0e-10,64
VQE_reduced_surrogate,73002,1288,1,0.0001220703125,499.8549437500046,486.49609999999996,not_in_gurobi_pool,,0110110010011010000,10000000011110000,011011001001101000010000000011110000,128,8192,25,152,true,single,36,1.0e-10,64
VQE_reduced_surrogate,73002,1081,1,0.0001220703125,467.88731875000735,486.5897,not_in_gurobi_pool,,0011110110010010000,10000100010100000,001111011001001000010000100010100000,128,8192,25,152,true,single,36,1.0e-10,64
VQE_reduced_surrogate,73002,1085,1,0.0001220703125,468.0048187500058,486.70719999999983,not_in_gurobi_pool,,1100110010111100000,10000000010101000,110011001011110000010000000010101000,128,8192,25,152,true,single,36,1.0e-10,64
VQE_reduced_surrogate,73002,1142,1,0.0001220703125,478.69189375000474,486.70719999999983,not_in_gurobi_pool,,1100100110110100000,10100000010000000,110010011011010000010100000010000000,128,8192,25,152,true,single,36,1.0e-10,64
VQE_reduced_surrogate,73002,1143,1,0.0001220703125,478.69189374999564,486.70719999999983,not_in_gurobi_pool,,1100000110110100001,10100000010000000,110000011011010000110100000010000000,128,8192,25,152,true,single,36,1.0e-10,64
VQE_reduced_surrogate,73002,1144,1,0.0001220703125,478.6918937500013,486.70719999999983,not_in_gurobi_pool,,1100100010111100001,10100000010000000,110010001011110000110100000010000000,128,8192,25,152,true,single,36,1.0e-10,64
VQE_reduced_surrogate,73002,1145,1,0.0001220703125,478.6918937499993,486.70719999999983,not_in_gurobi_pool,,1100000110110100000,10100000010000000,110000011011010000010100000010000000,128,8192,25,152,true,single,36,1.0e-10,64
VQE_reduced_surrogate,73002,1146,1,0.0001220703125,478.7033937499973,486.71869999999967,not_in_gurobi_pool,,0011111110001010011,00000111000100101,001111111000101001100000111000100101,128,8192,25,152,true,single,36,1.0e-10,64
VQE_reduced_surrogate,73002,1086,1,0.0001220703125,468.10581875000594,486.80819999999983,not_in_gurobi_pool,,1100110010111010000,10000000010101000,110011001011101000010000000010101000,128,8192,25,152,true,single,36,1.0e-10,64
VQE_reduced_surrogate,73002,1087,1,0.0001220703125,468.32731875000263,487.0296999999997,not_in_gurobi_pool,,1101111000111010011,00000001000101101,110111100011101001100000001000101101,128,8192,25,152,true,single,36,1.0e-10,64
VQE_reduced_surrogate,73002,1227,1,0.0001220703125,489.7520687500016,487.0803000000001,not_in_gurobi_pool,,1000111001001010011,01000111110000101,100011100100101001101000111110000101,128,8192,25,152,true,single,36,1.0e-10,64
VQE_reduced_surrogate,73002,1149,1,0.0001220703125,479.27889374999586,487.2941999999998,not_in_gurobi_pool,,0010010110001010101,00000100011100000,001001011000101010100000100011100000,128,8192,25,152,true,single,36,1.0e-10,64
VQE_reduced_surrogate,73002,1229,1,0.0001220703125,490.00456875001487,487.3327999999997,not_in_gurobi_pool,,1001100110110001000,10100000000000000,100110011011000100010100000000000000,128,8192,25,152,true,single,36,1.0e-10,64
VQE_reduced_surrogate,73002,1231,1,0.0001220703125,490.32706875002464,487.65529999999984,not_in_gurobi_pool,,0000000100011001100,01110101011000000,000000010001100110001110101011000000,128,8192,25,152,true,single,36,1.0e-10,64
VQE_reduced_surrogate,73002,1232,1,0.0001220703125,490.32706875003305,487.65529999999984,not_in_gurobi_pool,,0000100000011001100,01110101011000000,000010000001100110001110101011000000,128,8192,25,152,true,single,36,1.0e-10,64
VQE_reduced_surrogate,73002,1292,1,0.0001220703125,501.09414375000574,487.7352999999998,not_in_gurobi_pool,,0000101110101000001,11001101000000000,000010111010100000111001101000000000,128,8192,25,152,true,single,36,1.0e-10,64
VQE_reduced_surrogate,73002,1091,1,0.0001220703125,469.1054187500067,487.8077999999998,not_in_gurobi_pool,,0001110110001001100,00000101010000000,000111011000100110000000101010000000,128,8192,25,152,true,single,36,1.0e-10,64
VQE_reduced_surrogate,73002,1293,1,0.0001220703125,501.2155437500073,487.8566999999998,not_in_gurobi_pool,,0101101000111000000,10001001000000000,010110100011100000010001001000000000,128,8192,25,152,true,single,36,1.0e-10,64
VQE_reduced_surrogate,73002,1093,1,0.0001220703125,469.18571875000475,487.8881000000001,not_in_gurobi_pool,,1110101001001110011,00000101010100001,111010100100111001100000101010100001,128,8192,25,152,true,single,36,1.0e-10,64
VQE_reduced_surrogate,73002,1094,1,0.0001220703125,469.3338187500012,488.0361999999998,not_in_gurobi_pool,,1100010000111001100,00000000010101000,110001000011100110000000000010101000,128,8192,25,152,true,single,36,1.0e-10,64
VQE_reduced_surrogate,73002,1152,1,0.0001220703125,480.3383937499955,488.3536999999998,not_in_gurobi_pool,,0011000010011001011,00100100010000110,001100001001100101100100100010000110,128,8192,25,152,true,single,36,1.0e-10,64
VQE_reduced_surrogate,73002,1095,1,0.0001220703125,469.6998187499987,488.40219999999977,not_in_gurobi_pool,,1100101010001000100,00000101110000000,110010101000100010000000101110000000,128,8192,25,152,true,single,36,1.0e-10,64
VQE_reduced_surrogate,73002,1153,1,0.0001220703125,480.4323937500001,488.44769999999994,not_in_gurobi_pool,,1011111110010100000,10000111000100000,101111111001010000010000111000100000,128,8192,25,152,true,single,36,1.0e-10,64
VQE_reduced_surrogate,73002,1236,1,0.0001220703125,491.1450687500019,488.47329999999977,not_in_gurobi_pool,,0000100101101010011,01100000010000101,000010010110101001101100000010000101,128,8192,25,152,true,single,36,1.0e-10,64
VQE_reduced_surrogate,73002,1237,1,0.0001220703125,491.2109687499935,488.5391999999997,not_in_gurobi_pool,,0010100110010110011,00100100011000001,001010011001011001100100100011000001,128,8192,25,152,true,single,36,1.0e-10,64
VQE_reduced_surrogate,73002,1155,1,0.0001220703125,480.5299937500022,488.5453,not_in_gurobi_pool,,0000111000111010001,11000101000001000,000011100011101000111000101000001000,128,8192,25,152,true,single,36,1.0e-10,64
VQE_reduced_surrogate,73002,1096,1,0.0001220703125,469.8718187499928,488.5742,not_in_gurobi_pool,,0100011100111010001,10000001000101000,010001110011101000110000001000101000,128,8192,25,152,true,single,36,1.0e-10,64
VQE_reduced_surrogate,73002,1097,1,0.0001220703125,469.9774187499995,488.6797999999999,not_in_gurobi_pool,,0001100100011010111,00110101010000101,000110010001101011100110101010000101,128,8192,25,152,true,single,36,1.0e-10,64
VQE_reduced_surrogate,73002,1158,1,0.0001220703125,480.9228937499988,488.9381999999998,not_in_gurobi_pool,,1100000100110010110,00100000010000101,110000010011001011000100000010000101,128,8192,25,152,true,single,36,1.0e-10,64
VQE_reduced_surrogate,73002,1295,1,0.0001220703125,502.32704374999616,488.9681999999998,not_in_gurobi_pool,,0100100010110000001,10101000010000000,010010001011000000110101000010000000,128,8192,25,152,true,single,36,1.0e-10,64
VQE_reduced_surrogate,73002,1238,1,0.0001220703125,491.6509687499988,488.97919999999976,not_in_gurobi_pool,,0010110010110000001,10001000010101000,001011001011000000110001000010101000,128,8192,25,152,true,single,36,1.0e-10,64
VQE_reduced_surrogate,73002,1296,1,0.0001220703125,502.33804375000113,488.97919999999976,not_in_gurobi_pool,,0010100010111000001,10101000010000000,001010001011100000110101000010000000,128,8192,25,152,true,single,36,1.0e-10,64
VQE_reduced_surrogate,73002,1098,1,0.0001220703125,470.313818750001,489.0162,not_in_gurobi_pool,,0010011100111001001,10000100000101000,001001110011100100110000100000101000,128,8192,25,152,true,single,36,1.0e-10,64
VQE_reduced_surrogate,73002,1239,1,0.0001220703125,491.6889687500027,489.0172,not_in_gurobi_pool,,0100110000010001110,00010001011100110,010011000001000111000010001011100110,128,8192,25,152,true,single,36,1.0e-10,64
VQE_reduced_surrogate,73002,1162,1,0.0001220703125,481.3538937500052,489.36919999999986,not_in_gurobi_pool,,1100100100110001110,00100000010000110,110010010011000111000100000010000110,128,8192,25,152,true,single,36,1.0e-10,64
VQE_reduced_surrogate,73002,1240,1,0.0001220703125,492.08396875000835,489.41219999999976,not_in_gurobi_pool,,0010101000101010101,00000100000000000,001010100010101010100000100000000000,128,8192,25,152,true,single,36,1.0e-10,64
VQE_reduced_surrogate,73002,1241,1,0.0001220703125,492.1345687500086,489.4627999999998,not_in_gurobi_pool,,1001100000111001110,00100000000000110,100110000011100111000100000000000110,128,8192,25,152,true,single,36,1.0e-10,64
VQE_reduced_surrogate,73002,1243,1,0.0001220703125,492.2429687500073,489.57119999999986,not_in_gurobi_pool,,1100100101001001111,00100001011000110,110010010100100111100100001011000110,128,8192,25,152,true,single,36,1.0e-10,64
VQE_reduced_surrogate,73002,1297,1,0.0001220703125,503.0049437499972,489.6460999999998,not_in_gurobi_pool,,1110010010011000101,00000000011110000,111001001001100010100000000011110000,128,8192,25,152,true,single,36,1.0e-10,64
VQE_reduced_surrogate,73002,1168,1,0.0001220703125,481.63889375000144,489.65419999999995,not_in_gurobi_pool,,1010111100010001100,00010111010100000,101011110001000110000010111010100000,128,8192,25,152,true,single,36,1.0e-10,64
VQE_reduced_surrogate,73002,1101,1,0.0001220703125,470.97081874999776,489.67319999999995,not_in_gurobi_pool,,1100111110001001101,00000101110100000,110011111000100110100000101110100000,128,8192,25,152,true,single,36,1.0e-10,64
VQE_reduced_surrogate,73002,1299,1,0.0001220703125,503.1381437500129,489.7792999999998,not_in_gurobi_pool,,0000110010111010000,11000000010001000,000011001011101000011000000010001000,128,8192,25,152,true,single,36,1.0e-10,64
VQE_reduced_surrogate,73002,1169,1,0.0001220703125,481.9218937500034,489.93719999999996,not_in_gurobi_pool,,0100111110101010011,00000001000101101,010011111010101001100000001000101101,128,8192,25,152,true,single,36,1.0e-10,64
VQE_reduced_surrogate,73002,1102,1,0.0001220703125,471.30041875000666,490.00279999999975,not_in_gurobi_pool,,0001110111000100000,10000101010000000,000111011100010000010000101010000000,128,8192,25,152,true,single,36,1.0e-10,64
VQE_reduced_surrogate,73002,1104,1,0.0001220703125,471.3457187500053,490.0481,not_in_gurobi_pool,,0110111101001100011,00000101010110011,011011110100110001100000101010110011,128,8192,25,152,true,single,36,1.0e-10,64
VQE_reduced_surrogate,73002,1105,1,0.0001220703125,471.4467187500054,490.1491000000001,not_in_gurobi_pool,,0110111101001010011,00000101010110101,011011110100101001100000101010110101,128,8192,25,152,true,single,36,1.0e-10,64
VQE_reduced_surrogate,73002,1303,1,0.0001220703125,503.5691437500079,490.21029999999985,not_in_gurobi_pool,,0000110010111001001,11000000010001000,000011001011100100111000000010001000,128,8192,25,152,true,single,36,1.0e-10,64
VQE_reduced_surrogate,73002,1174,1,0.0001220703125,482.2158937499928,490.23119999999983,not_in_gurobi_pool,,1100000101110100001,10100000010000000,110000010111010000110100000010000000,128,8192,25,152,true,single,36,1.0e-10,64
VQE_reduced_surrogate,73002,1176,1,0.0001220703125,482.31689374999314,490.33219999999983,not_in_gurobi_pool,,1100100001111010000,10100000010000000,110010000111101000010100000010000000,128,8192,25,152,true,single,36,1.0e-10,64
VQE_reduced_surrogate,73002,1246,1,0.0001220703125,493.11596874999555,490.44420000000014,not_in_gurobi_pool,,1100101100010100110,00010101110000011,110010110001010011000010101110000011,128,8192,25,152,true,single,36,1.0e-10,64
VQE_reduced_surrogate,73002,1177,1,0.0001220703125,482.45639374999746,490.4716999999997,not_in_gurobi_pool,,0011001100111001011,00000100000000110,001100110011100101100000100000000110,128,8192,25,152,true,single,36,1.0e-10,64
VQE_reduced_surrogate,73002,1057,1,0.0001220703125,461.1653437500049,490.5547999999999,not_in_gurobi_pool,,1001001101101010011,00000101000000101,100100110110101001100000101000000101,128,8192,25,152,true,single,36,1.0e-10,64
VQE_reduced_surrogate,73002,1178,1,0.0001220703125,482.5598937499972,490.5752,not_in_gurobi_pool,,1100101010001010111,00000101110000101,110010101000101011100000101110000101,128,8192,25,152,true,single,36,1.0e-10,64
VQE_reduced_surrogate,73002,1361,1,0.0001220703125,514.7546187499988,490.7086999999999,not_in_gurobi_pool,,0011101010011000001,10001111000000000,001110101001100000110001111000000000,128,8192,25,152,true,single,36,1.0e-10,64
VQE_reduced_surrogate,73002,1362,1,0.0001220703125,514.754618750012,490.7086999999999,not_in_gurobi_pool,,0011101010011000000,10001111000000000,001110101001100000010001111000000000,128,8192,25,152,true,single,36,1.0e-10,64
VQE_reduced_surrogate,73002,1180,1,0.0001220703125,482.9843937500011,490.9997000000001,not_in_gurobi_pool,,1101010110011001101,00000001010100000,110101011001100110100000001010100000,128,8192,25,152,true,single,36,1.0e-10,64
VQE_reduced_surrogate,73002,1181,1,0.0001220703125,482.99089374999744,491.00620000000004,not_in_gurobi_pool,,1100101110000001110,00000101110000110,110010111000000111000000101110000110,128,8192,25,152,true,single,36,1.0e-10,64
VQE_reduced_surrogate,73002,1182,1,0.0001220703125,483.0054937500083,491.0207999999998,not_in_gurobi_pool,,1001101010111000001,10001101000000000,100110101011100000110001101000000000,128,8192,25,152,true,single,36,1.0e-10,64
VQE_reduced_surrogate,73002,1308,1,0.0001220703125,504.41054374998953,491.05169999999976,not_in_gurobi_pool,,1011101110010101011,00000111000000010,101110111001010101100000111000000010,128,8192,25,152,true,single,36,1.0e-10,64
VQE_reduced_surrogate,73002,1060,1,0.0001220703125,461.708743750002,491.0981999999999,not_in_gurobi_pool,,0100110000110000110,00000000010101111,010011000011000011000000000010101111,128,8192,25,152,true,single,36,1.0e-10,64
VQE_reduced_surrogate,73002,1247,1,0.0001220703125,493.7840687500086,491.1122999999999,not_in_gurobi_pool,,0000100110110010010,01100000010000101,000010011011001001001100000010000101,128,8192,25,152,true,single,36,1.0e-10,64
VQE_reduced_surrogate,73002,1183,1,0.0001220703125,483.1628937499954,491.1781999999996,not_in_gurobi_pool,,0100111100110011011,00000001000101100,010011110011001101100000001000101100,128,8192,25,152,true,single,36,1.0e-10,64
VQE_reduced_surrogate,73002,1364,1,0.0001220703125,515.2687187500007,491.2227999999997,not_in_gurobi_pool,,1001101111001000000,10001111100000000,100110111100100000010001111100000000,128,8192,25,152,true,single,36,1.0e-10,64
VQE_reduced_surrogate,73002,1248,1,0.0001220703125,493.9139687499969,491.2421999999999,not_in_gurobi_pool,,0100100111001100011,00100001011000011,010010011100110001100100001011000011,128,8192,25,152,true,single,36,1.0e-10,64
VQE_reduced_surrogate,73002,1310,1,0.0001220703125,504.61814375000336,491.2592999999997,not_in_gurobi_pool,,0000101101101000001,11001101000000000,000010110110100000111001101000000000,128,8192,25,152,true,single,36,1.0e-10,64
VQE_reduced_surrogate,73002,1250,1,0.0001220703125,494.02486874999477,491.3530999999998,not_in_gurobi_pool,,0110000101011010011,00100000011100101,011000010101101001100100000011100101,128,8192,25,152,true,single,36,1.0e-10,64
VQE_reduced_surrogate,73002,1251,1,0.0001220703125,494.18056875001366,491.5087999999998,not_in_gurobi_pool,,0001111010011010000,10000111100000000,000111101001101000010000111100000000,128,8192,25,152,true,single,36,1.0e-10,64
VQE_reduced_surrogate,73002,1114,1,0.0001220703125,472.8698187499988,491.5721999999997,not_in_gurobi_pool,,0100010010111001011,00000000010101110,010001001011100101100000000010101110,128,8192,25,152,true,single,36,1.0e-10,64
VQE_reduced_surrogate,73002,1115,1,0.0001220703125,472.8698187500006,491.5721999999997,not_in_gurobi_pool,,0100110010110001011,00000000010101110,010011001011000101100000000010101110,128,8192,25,152,true,single,36,1.0e-10,64
VQE_reduced_surrogate,73002,1186,1,0.0001220703125,483.5568937499979,491.57219999999995,not_in_gurobi_pool,,0100100010110001011,00100000010000110,010010001011000101100100000010000110,128,8192,25,152,true,single,36,1.0e-10,64
VQE_reduced_surrogate,73002,1118,1,0.0001220703125,473.02181874999883,491.7241999999999,not_in_gurobi_pool,,1100111000111000100,00000001000101000,110011100011100010000000001000101000,128,8192,25,152,true,single,36,1.0e-10,64
VQE_reduced_surrogate,73002,1188,1,0.0001220703125,483.75189375000946,491.7672,not_in_gurobi_pool,,1100111110110010000,10000001000101000,110011111011001000010000001000101000,128,8192,25,152,true,single,36,1.0e-10,64
VQE_reduced_surrogate,73002,1253,1,0.0001220703125,494.4569687499911,491.7851999999996,not_in_gurobi_pool,,0010000111001001011,00100100011000110,001000011100100101100100100011000110,128,8192,25,152,true,single,36,1.0e-10,64
VQE_reduced_surrogate,73002,1119,1,0.0001220703125,473.14431874999855,491.8466999999998,not_in_gurobi_pool,,1101111100111000100,00000001000101000,110111110011100010000000001000101000,128,8192,25,152,true,single,36,1.0e-10,64
VQE_reduced_surrogate,73002,1254,1,0.0001220703125,494.6424687499964,491.97069999999985,not_in_gurobi_pool,,0011110100110100111,00000000000101011,001111010011010011100000000000101011,128,8192,25,152,true,single,36,1.0e-10,64
VQE_reduced_surrogate,73002,1255,1,0.0001220703125,494.7239687499905,492.05219999999963,not_in_gurobi_pool,,0100000001010110011,00100001011000001,010000000101011001100100001011000001,128,8192,25,152,true,single,36,1.0e-10,64
VQE_reduced_surrogate,73002,1256,1,0.0001220703125,494.7649687500075,492.0931999999998,not_in_gurobi_pool,,0010110111001110011,00000100011100001,001011011100111001100000100011100001,128,8192,25,152,true,single,36,1.0e-10,64
VQE_reduced_surrogate,73002,1258,1,0.0001220703125,494.8819687499931,492.2102,not_in_gurobi_pool,,1100100110011001110,00100001011000110,110010011001100111000100001011000110,128,8192,25,152,true,single,36,1.0e-10,64
VQE_reduced_surrogate,73002,1259,1,0.0001220703125,494.88196874999494,492.2102,not_in_gurobi_pool,,1100000110011001110,00100001011000110,110000011001100111000100001011000110,128,8192,25,152,true,single,36,1.0e-10,64
VQE_reduced_surrogate,73002,1369,1,0.0001220703125,516.4286187499993,492.3827,not_in_gurobi_pool,,1101101110111000010,00001001000000111,110110111011100001000001001000000111,128,8192,25,152,true,single,36,1.0e-10,64
VQE_reduced_surrogate,73002,1370,1,0.0001220703125,516.4292187500005,492.38329999999974,not_in_gurobi_pool,,0000010010111011011,01000000010001100,000001001011101101101000000010001100,128,8192,25,152,true,single,36,1.0e-10,64
VQE_reduced_surrogate,73002,1192,1,0.0001220703125,484.38489374999426,492.4001999999998,not_in_gurobi_pool,,1100101111000001000,10000101110000000,110010111100000100010000101110000000,128,8192,25,152,true,single,36,1.0e-10,64
VQE_reduced_surrogate,73002,1313,1,0.0001220703125,505.85104374998105,492.4921999999998,not_in_gurobi_pool,,0100000001110000000,10101000010000000,010000000111000000010101000010000000,128,8192,25,152,true,single,36,1.0e-10,64
VQE_reduced_surrogate,73002,1194,1,0.0001220703125,484.58139374998905,492.5966999999998,not_in_gurobi_pool,,1011111100111100101,00000100000101000,101111110011110010100000100000101000,128,8192,25,152,true,single,36,1.0e-10,64
VQE_reduced_surrogate,73002,1122,1,0.0001220703125,474.0857187499985,492.7881000000002,not_in_gurobi_pool,,0110111110011010010,00000101010110101,011011111001101001000000101010110101,128,8192,25,152,true,single,36,1.0e-10,64
VQE_reduced_surrogate,73002,1198,1,0.0001220703125,484.93389375000015,492.9492,not_in_gurobi_pool,,1100010110011101111,00000001011100010,110001011001110111100000001011100010,128,8192,25,152,true,single,36,1.0e-10,64
VQE_reduced_surrogate,73002,1201,1,0.0001220703125,484.97989374999906,492.99519999999995,not_in_gurobi_pool,,1100111000110001101,00000001000101000,110011100011000110100000001000101000,128,8192,25,152,true,single,36,1.0e-10,64
VQE_reduced_surrogate,73002,1205,1,0.0001220703125,485.1023937499983,493.1177,not_in_gurobi_pool,,1101111100110001101,00000001000101000,110111110011000110100000001000101000,128,8192,25,152,true,single,36,1.0e-10,64
VQE_reduced_surrogate,73002,1065,1,0.0001220703125,463.78174375000026,493.17119999999977,not_in_gurobi_pool,,1100011001011100011,00000101110100011,110001100101110001100000101110100011,128,8192,25,152,true,single,36,1.0e-10,64
VQE_reduced_surrogate,73002,1264,1,0.0001220703125,495.8944687500002,493.2226999999999,not_in_gurobi_pool,,1101101010111010011,00000001000000101,110110101011101001100000001000000101,128,8192,25,152,true,single,36,1.0e-10,64
VQE_reduced_surrogate,73002,1316,1,0.0001220703125,506.78354375000754,493.4246999999996,not_in_gurobi_pool,,1101101111001010011,00000101100000101,110110111100101001100000101100000101,128,8192,25,152,true,single,36,1.0e-10,64
VQE_reduced_surrogate,73002,1317,1,0.0001220703125,506.81714374999456,493.4583,not_in_gurobi_pool,,0000111110010110011,01000111110000001,000011111001011001101000111110000001,128,8192,25,152,true,single,36,1.0e-10,64
VQE_reduced_surrogate,73002,1208,1,0.0001220703125,485.86189375000185,493.8771999999999,not_in_gurobi_pool,,0100010010011001100,00000001011100000,010001001001100110000000001011100000,128,8192,25,152,true,single,36,1.0e-10,64
VQE_reduced_surrogate,73002,1209,1,0.0001220703125,485.88189374999956,493.8972000000001,not_in_gurobi_pool,,1100111000111010111,00000001000101101,110011100011101011100000001000101101,128,8192,25,152,true,single,36,1.0e-10,64
VQE_reduced_surrogate,73002,1382,1,0.0001220703125,518.2462187500055,494.20029999999986,not_in_gurobi_pool,,1000010110111001100,01000000010001000,100001011011100110001000000010001000,128,8192,25,152,true,single,36,1.0e-10,64
VQE_reduced_surrogate,73002,1383,1,0.0001220703125,518.2676187499933,494.22169999999977,not_in_gurobi_pool,,0101101001011000001,10001101100000000,010110100101100000110001101100000000,128,8192,25,152,true,single,36,1.0e-10,64
VQE_reduced_surrogate,73002,1384,1,0.0001220703125,518.2786187499973,494.2326999999998,not_in_gurobi_pool,,0011101001011000001,10001111000000000,001110100101100000110001111000000000,128,8192,25,152,true,single,36,1.0e-10,64
VQE_reduced_surrogate,73002,1211,1,0.0001220703125,486.3128937499944,494.32820000000015,not_in_gurobi_pool,,1100111100111001110,00000001000101110,110011110011100111000000001000101110,128,8192,25,152,true,single,36,1.0e-10,64
VQE_reduced_surrogate,73002,1212,1,0.0001220703125,486.3128937499996,494.32820000000015,not_in_gurobi_pool,,1100111000110001111,00000001000101110,110011100011000111100000001000101110,128,8192,25,152,true,single,36,1.0e-10,64
VQE_reduced_surrogate,73002,1128,1,0.0001220703125,475.96281874999545,494.6652,not_in_gurobi_pool,,0100010001111010011,00000000010101101,010001000111101001100000000010101101,128,8192,25,152,true,single,36,1.0e-10,64
VQE_reduced_surrogate,73002,1268,1,0.0001220703125,497.3379687500021,494.6661999999999,not_in_gurobi_pool,,0100001110110100000,10000001000000000,010000111011010000010000001000000000,128,8192,25,152,true,single,36,1.0e-10,64
VQE_reduced_surrogate,73002,1324,1,0.0001220703125,508.12294375000283,494.7641,not_in_gurobi_pool,,0110111100110000100,00000000000111000,011011110011000010000000000000111000,128,8192,25,152,true,single,36,1.0e-10,64
VQE_reduced_surrogate,73002,1269,1,0.0001220703125,497.44996875001607,494.77819999999986,not_in_gurobi_pool,,0010101010111010000,10000100000000000,001010101011101000010000100000000000,128,8192,25,152,true,single,36,1.0e-10,64
VQE_reduced_surrogate,73002,1270,1,0.0001220703125,497.5820687500009,494.9102999999998,not_in_gurobi_pool,,0000111001011010000,11000111110000000,000011100101101000011000111110000000,128,8192,25,152,true,single,36,1.0e-10,64
VQE_reduced_surrogate,73002,1071,1,0.0001220703125,465.549743749993,494.9391999999998,not_in_gurobi_pool,,0100111001011010000,10000101110100000,010011100101101000010000101110100000,128,8192,25,152,true,single,36,1.0e-10,64
VQE_reduced_surrogate,73002,1274,1,0.0001220703125,497.8530687500038,495.18129999999996,not_in_gurobi_pool,,0000110010011001110,01000101011000110,000011001001100111001000101011000110,128,8192,25,152,true,single,36,1.0e-10,64
VQE_reduced_surrogate,73002,1275,1,0.0001220703125,497.86996874999636,495.1981999999998,not_in_gurobi_pool,,0100001110110001001,10000001000000000,010000111011000100110000001000000000,128,8192,25,152,true,single,36,1.0e-10,64
VQE_reduced_surrogate,73002,1326,1,0.0001220703125,508.58894374999477,495.2301,not_in_gurobi_pool,,1110101101110100000,10000000000100000,111010110111010000010000000000100000,128,8192,25,152,true,single,36,1.0e-10,64
VQE_reduced_surrogate,73002,1327,1,0.0001220703125,508.59014375000356,495.2312999999997,not_in_gurobi_pool,,0000101010111000011,01001101000000111,000010101011100001101001101000000111,128,8192,25,152,true,single,36,1.0e-10,64
VQE_reduced_surrogate,73002,1331,1,0.0001220703125,509.04354374999775,495.6847,not_in_gurobi_pool,,1101110110110001111,00000000000101110,110111011011000111100000000000101110,128,8192,25,152,true,single,36,1.0e-10,64
VQE_reduced_surrogate,73002,1279,1,0.0001220703125,498.40596875000324,495.7341999999999,not_in_gurobi_pool,,1100100001011001110,00100001011000110,110010000101100111000100001011000110,128,8192,25,152,true,single,36,1.0e-10,64
VQE_reduced_surrogate,73002,1396,1,0.0001220703125,519.820018750004,495.7741000000002,not_in_gurobi_pool,,1110110101010001110,00000000011110110,111011010101000111000000000011110110,128,8192,25,152,true,single,36,1.0e-10,64
VQE_reduced_surrogate,73002,1218,1,0.0001220703125,487.841393750002,495.85670000000005,not_in_gurobi_pool,,1101110101010001110,00000001010100110,110111010101000111000000001010100110,128,8192,25,152,true,single,36,1.0e-10,64
VQE_reduced_surrogate,73002,1220,1,0.0001220703125,488.157893750001,496.17319999999995,not_in_gurobi_pool,,0100110011011010001,10000001011100000,010011001101101000110000001011100000,128,8192,25,152,true,single,36,1.0e-10,64
VQE_reduced_surrogate,73002,1336,1,0.0001220703125,509.92994374999193,496.57110000000023,not_in_gurobi_pool,,0110101110110001011,00000000000100110,011010111011000101100000000000100110,128,8192,25,152,true,single,36,1.0e-10,64
VQE_reduced_surrogate,73002,1222,1,0.0001220703125,488.68189375000065,496.69719999999984,not_in_gurobi_pool,,0100010110110100101,00000000010101000,010001011011010010100000000010101000,128,8192,25,152,true,single,36,1.0e-10,64
VQE_reduced_surrogate,73002,1284,1,0.0001220703125,499.3689687499975,496.69719999999984,not_in_gurobi_pool,,0100100110111100101,00100000010000000,010010011011110010100100000010000000,128,8192,25,152,true,single,36,1.0e-10,64
VQE_reduced_surrogate,73002,1223,1,0.0001220703125,488.7288937499952,496.74419999999986,not_in_gurobi_pool,,0010001111001001011,00000111010000110,001000111100100101100000111010000110,128,8192,25,152,true,single,36,1.0e-10,64
VQE_reduced_surrogate,73002,1224,1,0.0001220703125,489.2138937500008,497.2291999999999,not_in_gurobi_pool,,0100110110111001100,00000000010101000,010011011011100110000000000010101000,128,8192,25,152,true,single,36,1.0e-10,64
VQE_reduced_surrogate,73002,1225,1,0.0001220703125,489.38589374999856,497.4011999999998,not_in_gurobi_pool,,0100010001011001100,00000001011100000,010001000101100110000000001011100000,128,8192,25,152,true,single,36,1.0e-10,64
VQE_reduced_surrogate,73002,1226,1,0.0001220703125,489.6243937500021,497.63969999999983,not_in_gurobi_pool,,0011110111010010011,00000100010100101,001111011101001001100000100010100101,128,8192,25,152,true,single,36,1.0e-10,64
VQE_reduced_surrogate,73002,1290,1,0.0001220703125,500.7129687499912,498.0411999999999,not_in_gurobi_pool,,0010100110111100111,00100000010000011,001010011011110011100100000010000011,128,8192,25,152,true,single,36,1.0e-10,64
VQE_reduced_surrogate,73002,1088,1,0.0001220703125,468.6997437499922,498.0892000000001,not_in_gurobi_pool,,1100011101011000100,00000101110100000,110001110101100010000000101110100000,128,8192,25,152,true,single,36,1.0e-10,64
VQE_reduced_surrogate,73002,1089,1,0.0001220703125,468.6997437499856,498.0892000000001,not_in_gurobi_pool,,1100011001010000101,00000101110100000,110001100101000010100000101110100000,128,8192,25,152,true,single,36,1.0e-10,64
VQE_reduced_surrogate,73002,1341,1,0.0001220703125,511.4611437499914,498.1022999999998,not_in_gurobi_pool,,0000100110111010111,01100000010000101,000010011011101011101100000010000101,128,8192,25,152,true,single,36,1.0e-10,64
VQE_reduced_surrogate,73002,1230,1,0.0001220703125,490.11689374999605,498.1321999999998,not_in_gurobi_pool,,1100101011011010000,10000101110000000,110010101101101000010000101110000000,128,8192,25,152,true,single,36,1.0e-10,64
VQE_reduced_surrogate,73002,1291,1,0.0001220703125,500.84506875000307,498.1732999999999,not_in_gurobi_pool,,0000010001010100110,01000101011000011,000001000101010011001000101011000011,128,8192,25,152,true,single,36,1.0e-10,64
VQE_reduced_surrogate,73002,1342,1,0.0001220703125,511.7965437499979,498.4377000000002,not_in_gurobi_pool,,0011101110010100101,00000111000000000,001110111001010010100000111000000000,128,8192,25,152,true,single,36,1.0e-10,64
VQE_reduced_surrogate,73002,1344,1,0.0001220703125,511.8921437499969,498.5332999999998,not_in_gurobi_pool,,0000100110110001111,01100000010000110,000010011011000111101100000010000110,128,8192,25,152,true,single,36,1.0e-10,64
VQE_reduced_surrogate,73002,1294,1,0.0001220703125,501.23396874999094,498.56219999999996,not_in_gurobi_pool,,0100100110110001111,00100000010000110,010010011011000111100100000010000110,128,8192,25,152,true,single,36,1.0e-10,64
VQE_reduced_surrogate,73002,1233,1,0.0001220703125,490.547893749997,498.5631999999998,not_in_gurobi_pool,,1100101011011001001,10000101110000000,110010101101100100110000101110000000,128,8192,25,152,true,single,36,1.0e-10,64
VQE_reduced_surrogate,73002,1234,1,0.0001220703125,490.5578937499954,498.57320000000004,not_in_gurobi_pool,,0010010110111001111,00000000010101110,001001011011100111100000000010101110,128,8192,25,152,true,single,36,1.0e-10,64
VQE_reduced_surrogate,73002,1346,1,0.0001220703125,512.015043749997,498.6561999999999,not_in_gurobi_pool,,1100101010111100101,00000001000000000,110010101011110010100000001000000000,128,8192,25,152,true,single,36,1.0e-10,64
VQE_reduced_surrogate,73002,1348,1,0.0001220703125,512.5470437500026,499.18819999999994,not_in_gurobi_pool,,1100101010110001101,00000001000000000,110010101011000110100000001000000000,128,8192,25,152,true,single,36,1.0e-10,64
VQE_reduced_surrogate,73002,1156,1,0.0001220703125,480.57941875000756,499.28179999999975,not_in_gurobi_pool,,1001101110110001100,00000101000000000,100110111011000110000000101000000000,128,8192,25,152,true,single,36,1.0e-10,64
VQE_reduced_surrogate,73002,1350,1,0.0001220703125,512.6695437499895,499.3106999999999,not_in_gurobi_pool,,1101101110111001101,00000001000000000,110110111011100110100000001000000000,128,8192,25,152,true,single,36,1.0e-10,64
VQE_reduced_surrogate,73002,1354,1,0.0001220703125,513.348043749995,499.98919999999987,not_in_gurobi_pool,,1100101110110100110,00000001000000011,110010111011010011000000001000000011,128,8192,25,152,true,single,36,1.0e-10,64
VQE_reduced_surrogate,73002,1165,1,0.0001220703125,481.50671874998216,500.20910000000026,not_in_gurobi_pool,,0110101110011001111,00000101010100110,011010111001100111100000101010100110,128,8192,25,152,true,single,36,1.0e-10,64
VQE_reduced_surrogate,73002,1166,1,0.0001220703125,481.5598187500111,500.26220000000035,not_in_gurobi_pool,,1100011101011010111,00000101110100101,110001110101101011100000101110100101,128,8192,25,152,true,single,36,1.0e-10,64
VQE_reduced_surrogate,73002,1356,1,0.0001220703125,513.8800437499945,500.5211999999999,not_in_gurobi_pool,,1100101010111001111,00000001000000110,110010101011100111100000001000000110,128,8192,25,152,true,single,36,1.0e-10,64
VQE_reduced_surrogate,73002,1357,1,0.0001220703125,513.8800437499985,500.5212,not_in_gurobi_pool,,1100101010110001111,00000001000000110,110010101011000111100000001000000110,128,8192,25,152,true,single,36,1.0e-10,64
VQE_reduced_surrogate,73002,1300,1,0.0001220703125,503.26596875000087,500.5942,not_in_gurobi_pool,,1100010111011001100,00000001011100000,110001011101100110000000001011100000,128,8192,25,152,true,single,36,1.0e-10,64
VQE_reduced_surrogate,73002,1301,1,0.0001220703125,503.42496875000074,500.7531999999999,not_in_gurobi_pool,,0100100101110001101,00100000010000000,010010010111000110100100000010000000,128,8192,25,152,true,single,36,1.0e-10,64
VQE_reduced_surrogate,73002,1360,1,0.0001220703125,514.3159437499944,500.95709999999997,not_in_gurobi_pool,,0110101110111000101,00000000000100000,011010111011100010100000000000100000,128,8192,25,152,true,single,36,1.0e-10,64
VQE_reduced_surrogate,73002,1305,1,0.0001220703125,503.6740687500044,501.0022999999999,not_in_gurobi_pool,,0000101111010100000,11000111110000000,000010111101010000011000111110000000,128,8192,25,152,true,single,36,1.0e-10,64
VQE_reduced_surrogate,73002,1307,1,0.0001220703125,504.066968750006,501.39519999999993,not_in_gurobi_pool,,1100110011010100111,00000001011100011,110011001101010011100000001011100011,128,8192,25,152,true,single,36,1.0e-10,64
VQE_reduced_surrogate,73002,1309,1,0.0001220703125,504.42896874999906,501.7572,not_in_gurobi_pool,,0100111110110010101,00000001000101000,010011111011001010100000001000101000,128,8192,25,152,true,single,36,1.0e-10,64
VQE_reduced_surrogate,73002,1366,1,0.0001220703125,515.5386437499976,502.1797999999999,not_in_gurobi_pool,,0001100101111001111,00100000000000110,000110010111100111100100000000000110,128,8192,25,152,true,single,36,1.0e-10,64
VQE_reduced_surrogate,73002,1311,1,0.0001220703125,505.1255687500209,502.4537999999997,not_in_gurobi_pool,,0001101001010001100,00000111100000000,000110100101000110000000111100000000,128,8192,25,152,true,single,36,1.0e-10,64
VQE_reduced_surrogate,73002,1252,1,0.0001220703125,494.44139375000054,502.45670000000007,not_in_gurobi_pool,,0011110111010000100,00000100010100000,001111011101000010000000100010100000,128,8192,25,152,true,single,36,1.0e-10,64
VQE_reduced_surrogate,73002,1257,1,0.0001220703125,494.88089374999254,502.8961999999999,not_in_gurobi_pool,,0100001011011001011,00000101110000110,010000101101100101100000101110000110,128,8192,25,152,true,single,36,1.0e-10,64
VQE_reduced_surrogate,73002,1312,1,0.0001220703125,505.7619687499923,503.09019999999987,not_in_gurobi_pool,,0100111110111010111,00000001000101101,010011111011101011100000001000101101,128,8192,25,152,true,single,36,1.0e-10,64
VQE_reduced_surrogate,73002,1375,1,0.0001220703125,516.8720437499958,503.5132,not_in_gurobi_pool,,1100101101110100110,00000001000000011,110010110111010011000000001000000011,128,8192,25,152,true,single,36,1.0e-10,64
VQE_reduced_surrogate,73002,1314,1,0.0001220703125,506.192968749986,503.5211999999999,not_in_gurobi_pool,,0100111110111001111,00000001000101110,010011111011100111100000001000101110,128,8192,25,152,true,single,36,1.0e-10,64
VQE_reduced_surrogate,73002,1378,1,0.0001220703125,517.4040437500003,504.0451999999998,not_in_gurobi_pool,,1100101001111001111,00000001000000110,110010100111100111100000001000000110,128,8192,25,152,true,single,36,1.0e-10,64
VQE_reduced_surrogate,73002,1387,1,0.0001220703125,519.0421437499976,505.68330000000003,not_in_gurobi_pool,,0000111101111001101,01000101000001000,000011110111100110101000101000001000,128,8192,25,152,true,single,36,1.0e-10,64
VQE_reduced_surrogate,73002,1519,1,0.0001220703125,537.9343187499667,513.8883999999997,not_in_gurobi_pool,,1110010000000010001,10010000011110000,111001000000001000110010000011110000,128,8192,25,152,true,single,36,1.0e-10,64
VQE_reduced_surrogate,73002,1460,1,0.0001220703125,529.710343749992,516.3515,not_in_gurobi_pool,,1100000100000101010,00110001011000010,110000010000010101000110001011000010,128,8192,25,152,true,single,36,1.0e-10,64
VQE_reduced_surrogate,73002,1394,1,0.0001220703125,519.5527687500164,516.8809999999999,not_in_gurobi_pool,,0011100000000100000,10110100010000000,001110000000010000010110100010000000,128,8192,25,152,true,single,36,1.0e-10,64
VQE_reduced_surrogate,73002,1217,1,0.0001220703125,487.7499437499955,517.1393999999998,not_in_gurobi_pool,,1110100000100100000,10100000010100000,111010000010010000010100000010100000,128,8192,25,152,true,single,36,1.0e-10,64
VQE_reduced_surrogate,73002,1473,1,0.0001220703125,530.9174437500076,517.5585999999998,not_in_gurobi_pool,,0000110000001110000,11010101011000000,000011000000111000011010101011000000,128,8192,25,152,true,single,36,1.0e-10,64
VQE_reduced_surrogate,73002,1286,1,0.0001220703125,499.6791187500023,518.3814999999997,not_in_gurobi_pool,,1010110100101101000,10000000010101000,101011010010110100010000000010101000,128,8192,25,152,true,single,36,1.0e-10,64
VQE_reduced_surrogate,73002,1351,1,0.0001220703125,512.8751937499976,520.8905,not_in_gurobi_pool,,1010111000000110011,00010111010100001,101011100000011001100010111010100001,128,8192,25,152,true,single,36,1.0e-10,64
VQE_reduced_surrogate,73002,1353,1,0.0001220703125,513.2951937499968,521.3105,not_in_gurobi_pool,,1100111000000101011,00010101110100010,110011100000010101100010101110100010,128,8192,25,152,true,single,36,1.0e-10,64
VQE_reduced_surrogate,73002,1501,1,0.0001220703125,534.7004437500157,521.3415999999997,not_in_gurobi_pool,,0000110100101101000,11000000010001000,000011010010110100011000000010001000,128,8192,25,152,true,single,36,1.0e-10,64
VQE_reduced_surrogate,73002,1242,1,0.0001220703125,492.18394374999093,521.5733999999999,not_in_gurobi_pool,,0110100100101010011,00100000010100101,011010010010101001100100000010100101,128,8192,25,152,true,single,36,1.0e-10,64
VQE_reduced_surrogate,73002,1298,1,0.0001220703125,503.04401874999076,521.7464000000002,not_in_gurobi_pool,,0110101100001100001,10010101010100000,011010110000110000110010101010100000,128,8192,25,152,true,single,36,1.0e-10,64
VQE_reduced_surrogate,73002,1504,1,0.0001220703125,535.1988437500163,521.8399999999999,not_in_gurobi_pool,,0011101100000100000,10010111000000000,001110110000010000010010111000000000,128,8192,25,152,true,single,36,1.0e-10,64
VQE_reduced_surrogate,73002,1648,1,0.0001220703125,556.856393750006,522.1234000000003,not_in_gurobi_pool,,1110110100010110011,00010000011110001,111011010001011001100010000011110001,128,8192,25,152,true,single,36,1.0e-10,64
VQE_reduced_surrogate,73002,1421,1,0.0001220703125,524.8432687499967,522.1714999999999,not_in_gurobi_pool,,1100110000001010110,00010001011100101,110011000000101011000010001011100101,128,8192,25,152,true,single,36,1.0e-10,64
VQE_reduced_surrogate,73002,1422,1,0.0001220703125,524.8777687500065,522.2059999999997,not_in_gurobi_pool,,1101110000010110011,00010001010100001,110111000001011001100010001010100001,128,8192,25,152,true,single,36,1.0e-10,64
VQE_reduced_surrogate,73002,1304,1,0.0001220703125,503.5760187499909,522.2784000000001,not_in_gurobi_pool,,0110101100001001001,10010101010100000,011010110000100100110010101010100000,128,8192,25,152,true,single,36,1.0e-10,64
VQE_reduced_surrogate,73002,1424,1,0.0001220703125,525.2252687499927,522.5534999999998,not_in_gurobi_pool,,1100010110101000001,10001000010101000,110001011010100000110001000010101000,128,8192,25,152,true,single,36,1.0e-10,64
VQE_reduced_surrogate,73002,1584,1,0.0001220703125,546.8113187499703,522.7654,not_in_gurobi_pool,,1110000101001000000,10101000011100000,111000010100100000010101000011100000,128,8192,25,152,true,single,36,1.0e-10,64
VQE_reduced_surrogate,73002,1428,1,0.0001220703125,525.8167687500127,523.1449999999998,not_in_gurobi_pool,,0011100000011010000,10110100010000000,001110000001101000010110100010000000,128,8192,25,152,true,single,36,1.0e-10,64
VQE_reduced_surrogate,73002,1249,1,0.0001220703125,494.013943749997,523.4033999999999,not_in_gurobi_pool,,1110100100110010001,10100000010100000,111010010011001000110100000010100000,128,8192,25,152,true,single,36,1.0e-10,64
VQE_reduced_surrogate,73002,1430,1,0.0001220703125,526.2477687500073,523.5759999999998,not_in_gurobi_pool,,0011100000011001001,10110100010000000,001110000001100100110110100010000000,128,8192,25,152,true,single,36,1.0e-10,64
VQE_reduced_surrogate,73002,1432,1,0.0001220703125,526.4222687500039,523.7504999999999,not_in_gurobi_pool,,0100110100011110000,10010001011100000,010011010001111000010010001011100000,128,8192,25,152,true,single,36,1.0e-10,64
VQE_reduced_surrogate,73002,1662,1,0.0001220703125,558.6113937499949,523.8783999999999,not_in_gurobi_pool,,0110110000000010101,00010000011110000,011011000000001010100010000011110000,128,8192,25,152,true,single,36,1.0e-10,64
VQE_reduced_surrogate,73002,1514,1,0.0001220703125,537.3319437500027,523.9731000000002,not_in_gurobi_pool,,0001001000000110011,00010111100000001,000100100000011001100010111100000001,128,8192,25,152,true,single,36,1.0e-10,64
VQE_reduced_surrogate,73002,1516,1,0.0001220703125,537.612443750005,524.2536,not_in_gurobi_pool,,0000010100011011000,11010101011000000,000001010001101100011010101011000000,128,8192,25,152,true,single,36,1.0e-10,64
VQE_reduced_surrogate,73002,1665,1,0.0001220703125,558.9969937499902,524.2639999999999,not_in_gurobi_pool,,1011001000011000001,10011111000000000,101100100001100000110011111000000000,128,8192,25,152,true,single,36,1.0e-10,64
VQE_reduced_surrogate,73002,1371,1,0.0001220703125,516.4626937499909,524.478,not_in_gurobi_pool,,0011010000011010011,00010100010100101,001101000001101001100010100010100101,128,8192,25,152,true,single,36,1.0e-10,64
VQE_reduced_surrogate,73002,1372,1,0.0001220703125,516.5181937500063,524.5334999999998,not_in_gurobi_pool,,1100100100111101000,10100000010000000,110010010011110100010100000010000000,128,8192,25,152,true,single,36,1.0e-10,64
VQE_reduced_surrogate,73002,1373,1,0.0001220703125,516.7481937500063,524.7634999999998,not_in_gurobi_pool,,1100011100101011011,00000001000101100,110001110010101101100000001000101100,128,8192,25,152,true,single,36,1.0e-10,64
VQE_reduced_surrogate,73002,1374,1,0.0001220703125,516.8706937500076,524.8859999999997,not_in_gurobi_pool,,1101111100101011011,00000001000101100,110111110010101101100000001000101100,128,8192,25,152,true,single,36,1.0e-10,64
VQE_reduced_surrogate,73002,1261,1,0.0001220703125,495.51004374998547,524.8995,not_in_gurobi_pool,,1100011110000100000,10000101110100000,110001111000010000010000101110100000,128,8192,25,152,true,single,36,1.0e-10,64
VQE_reduced_surrogate,73002,1262,1,0.0001220703125,495.51004374999115,524.8995,not_in_gurobi_pool,,1100111010000100001,10000101110100000,110011101000010000110000101110100000,128,8192,25,152,true,single,36,1.0e-10,64
VQE_reduced_surrogate,73002,1315,1,0.0001220703125,506.23661874998925,524.939,not_in_gurobi_pool,,0011010110001001011,00000100010100110,001101011000100101100000100010100110,128,8192,25,152,true,single,36,1.0e-10,64
VQE_reduced_surrogate,73002,1376,1,0.0001220703125,517.2776937499996,525.2929999999997,not_in_gurobi_pool,,0011101100101010001,10000100000000000,001110110010101000110000100000000000,128,8192,25,152,true,single,36,1.0e-10,64
VQE_reduced_surrogate,73002,1449,1,0.0001220703125,528.1862687499943,525.5145,not_in_gurobi_pool,,0100010000010101011,00010001011100010,010001000001010101100010001011100010,128,8192,25,152,true,single,36,1.0e-10,64
VQE_reduced_surrogate,73002,1380,1,0.0001220703125,517.5480937499913,525.5633999999998,not_in_gurobi_pool,,0110100100111000001,10101000010100000,011010010011100000110101000010100000,128,8192,25,152,true,single,36,1.0e-10,64
VQE_reduced_surrogate,73002,1381,1,0.0001220703125,517.8511937500075,525.8664999999997,not_in_gurobi_pool,,1100100000110101010,00100000010000010,110010000011010101000100000010000010,128,8192,25,152,true,single,36,1.0e-10,64
VQE_reduced_surrogate,73002,1319,1,0.0001220703125,507.16411875000426,525.8664999999999,not_in_gurobi_pool,,1100110000110101010,00000000010101010,110011000011010101000000000010101010,128,8192,25,152,true,single,36,1.0e-10,64
VQE_reduced_surrogate,73002,1451,1,0.0001220703125,528.6318687500175,525.9600999999997,not_in_gurobi_pool,,1001100000110101010,00100000000000010,100110000011010101000100000000000010,128,8192,25,152,true,single,36,1.0e-10,64
VQE_reduced_surrogate,73002,1528,1,0.0001220703125,539.4363437499912,526.0774999999996,not_in_gurobi_pool,,1100100101101000001,10101000010000000,110010010110100000110101000010000000,128,8192,25,152,true,single,36,1.0e-10,64
VQE_reduced_surrogate,73002,1453,1,0.0001220703125,528.8122687499958,526.1405,not_in_gurobi_pool,,1100101100011101000,10010101110000000,110010110001110100010010101110000000,128,8192,25,152,true,single,36,1.0e-10,64
VQE_reduced_surrogate,73002,1608,1,0.0001220703125,550.2553187500039,526.2094000000001,not_in_gurobi_pool,,1110110001000011011,00000000011110100,111011000100001101100000000011110100,128,8192,25,152,true,single,36,1.0e-10,64
VQE_reduced_surrogate,73002,1454,1,0.0001220703125,528.9557687500028,526.2839999999999,not_in_gurobi_pool,,1101100100011000100,00110001010000000,110110010001100010000110001010000000,128,8192,25,152,true,single,36,1.0e-10,64
VQE_reduced_surrogate,73002,1320,1,0.0001220703125,507.6481187500103,526.3504999999997,not_in_gurobi_pool,,0100100100101000100,00100000010000000,010010010010100010000100000010000000,128,8192,25,152,true,single,36,1.0e-10,64
VQE_reduced_surrogate,73002,1321,1,0.0001220703125,507.69111875000476,526.3934999999998,not_in_gurobi_pool,,0100110110101010000,10000000010101000,010011011010101000010000000010101000,128,8192,25,152,true,single,36,1.0e-10,64
VQE_reduced_surrogate,73002,1322,1,0.0001220703125,507.8116187500077,526.5139999999998,not_in_gurobi_pool,,0101111100101100011,00000001000101011,010111110010110001100000001000101011,128,8192,25,152,true,single,36,1.0e-10,64
VQE_reduced_surrogate,73002,1457,1,0.0001220703125,529.4673687499994,526.7955999999997,not_in_gurobi_pool,,0000000110100001001,11100000010000000,000000011010000100111100000010000000,128,8192,25,152,true,single,36,1.0e-10,64
VQE_reduced_surrogate,73002,1456,1,0.0001220703125,529.4673687500017,526.7955999999998,not_in_gurobi_pool,,0000000110101001001,11100000010000000,000000011010100100111100000010000000,128,8192,25,152,true,single,36,1.0e-10,64
VQE_reduced_surrogate,73002,1386,1,0.0001220703125,518.9151937499935,526.9304999999997,not_in_gurobi_pool,,1100010010001100101,00000001011100000,110001001000110010100000001011100000,128,8192,25,152,true,single,36,1.0e-10,64
VQE_reduced_surrogate,73002,1461,1,0.0001220703125,529.7323687500177,527.0605999999997,not_in_gurobi_pool,,0000100100101100101,01100000010000000,000010010010110010101100000010000000,128,8192,25,152,true,single,36,1.0e-10,64
VQE_reduced_surrogate,73002,1462,1,0.0001220703125,529.7323687500295,527.0605999999997,not_in_gurobi_pool,,0000100100100100100,01100000010000000,000010010010010010001100000010000000,128,8192,25,152,true,single,36,1.0e-10,64
VQE_reduced_surrogate,73002,1388,1,0.0001220703125,519.057193749996,527.0724999999998,not_in_gurobi_pool,,1100101010000110010,00000101110000001,110010101000011001000000101110000001,128,8192,25,152,true,single,36,1.0e-10,64
VQE_reduced_surrogate,73002,1389,1,0.0001220703125,519.0741937500154,527.0894999999997,not_in_gurobi_pool,,0100100100100100100,00100000010000000,010010010010010010000100000010000000,128,8192,25,152,true,single,36,1.0e-10,64
VQE_reduced_surrogate,73002,1390,1,0.0001220703125,519.0741937500077,527.0894999999997,not_in_gurobi_pool,,0100100100101100101,00100000010000000,010010010010110010100100000010000000,128,8192,25,152,true,single,36,1.0e-10,64
VQE_reduced_surrogate,73002,1534,1,0.0001220703125,540.5549437500106,527.1960999999997,not_in_gurobi_pool,,0001110000111110000,10000000000001000,000111000011111000010000000000001000,128,8192,25,152,true,single,36,1.0e-10,64
VQE_reduced_surrogate,73002,1535,1,0.0001220703125,540.6118437500079,527.2529999999999,not_in_gurobi_pool,,1101111100000010111,00010101100100101,110111110000001011100010101100100101,128,8192,25,152,true,single,36,1.0e-10,64
VQE_reduced_surrogate,73002,1392,1,0.0001220703125,519.4471937499957,527.4624999999999,not_in_gurobi_pool,,1100010110001001100,00000001011100000,110001011000100110000000001011100000,128,8192,25,152,true,single,36,1.0e-10,64
VQE_reduced_surrogate,73002,1465,1,0.0001220703125,530.1662687499979,527.4944999999998,not_in_gurobi_pool,,1100100100010000110,00110001011000111,110010010001000011000110001011000111,128,8192,25,152,true,single,36,1.0e-10,64
VQE_reduced_surrogate,73002,1393,1,0.0001220703125,519.5091937499928,527.5245,not_in_gurobi_pool,,1100100110000000110,00100001011000111,110010011000000011000100001011000111,128,8192,25,152,true,single,36,1.0e-10,64
VQE_reduced_surrogate,73002,1467,1,0.0001220703125,530.2677687500009,527.5959999999999,not_in_gurobi_pool,,1011100010000001101,00100100010000000,101110001000000110100100100010000000,128,8192,25,152,true,single,36,1.0e-10,64
VQE_reduced_surrogate,73002,1538,1,0.0001220703125,540.9644437500071,527.6055999999999,not_in_gurobi_pool,,0000010000111011000,11000000010001000,000001000011101100011000000010001000,128,8192,25,152,true,single,36,1.0e-10,64
VQE_reduced_surrogate,73002,1329,1,0.0001220703125,508.93301875000225,527.6353999999997,not_in_gurobi_pool,,0110110000111100010,00000000010111011,011011000011110001000000000010111011,128,8192,25,152,true,single,36,1.0e-10,64
VQE_reduced_surrogate,73002,1395,1,0.0001220703125,519.6845937500054,527.6999000000001,not_in_gurobi_pool,,1111110110011010011,00000000010110101,111111011001101001100000000010110101,128,8192,25,152,true,single,36,1.0e-10,64
VQE_reduced_surrogate,73002,1469,1,0.0001220703125,530.3961687499768,527.7244000000001,not_in_gurobi_pool,,1110111001000000001,10001101010110000,111011100100000000110001101010110000,128,8192,25,152,true,single,36,1.0e-10,64
VQE_reduced_surrogate,73002,1330,1,0.0001220703125,509.0340187499942,527.7363999999998,not_in_gurobi_pool,,0110110000110010011,00000000010111101,011011000011001001100000000010111101,128,8192,25,152,true,single,36,1.0e-10,64
VQE_reduced_surrogate,73002,1333,1,0.0001220703125,509.30801874999133,528.0104000000001,not_in_gurobi_pool,,0110101000011010001,10010101010100000,011010100001101000110010101010100000,128,8192,25,152,true,single,36,1.0e-10,64
VQE_reduced_surrogate,73002,1332,1,0.0001220703125,509.30801874999884,528.0104000000003,not_in_gurobi_pool,,0110101100011010000,10010101010100000,011010110001101000010010101010100000,128,8192,25,152,true,single,36,1.0e-10,64
VQE_reduced_surrogate,73002,1470,1,0.0001220703125,530.7047687500078,528.0329999999999,not_in_gurobi_pool,,0011101110001100000,10000111000000000,001110111000110000010000111000000000,128,8192,25,152,true,single,36,1.0e-10,64
VQE_reduced_surrogate,73002,1543,1,0.0001220703125,541.487443750003,528.1285999999997,not_in_gurobi_pool,,0000110010101001011,01000000010001110,000011001010100101101000000010001110,128,8192,25,152,true,single,36,1.0e-10,64
VQE_reduced_surrogate,73002,1280,1,0.0001220703125,498.7779437499937,528.1673999999999,not_in_gurobi_pool,,0110000000111001011,00100000010100110,011000000011100101100100000010100110,128,8192,25,152,true,single,36,1.0e-10,64
VQE_reduced_surrogate,73002,1397,1,0.0001220703125,520.2351937499959,528.2504999999998,not_in_gurobi_pool,,1100100001101010011,00100000010000101,110010000110101001100100000010000101,128,8192,25,152,true,single,36,1.0e-10,64
VQE_reduced_surrogate,73002,1281,1,0.0001220703125,498.95564375001777,528.3450999999997,not_in_gurobi_pool,,1001101110100100000,10000101000000000,100110111010010000010000101000000000,128,8192,25,152,true,single,36,1.0e-10,64
VQE_reduced_surrogate,73002,1399,1,0.0001220703125,520.3491937500012,528.3644999999999,not_in_gurobi_pool,,1100110110001010110,00000001011100101,110011011000101011000000001011100101,128,8192,25,152,true,single,36,1.0e-10,64
VQE_reduced_surrogate,73002,1546,1,0.0001220703125,541.7258437499993,528.3669999999997,not_in_gurobi_pool,,1011100100010100111,00110100010000011,101110010001010011100110100010000011,128,8192,25,152,true,single,36,1.0e-10,64
VQE_reduced_surrogate,73002,1335,1,0.0001220703125,509.73901875000365,528.4414000000002,not_in_gurobi_pool,,0110101000011001000,10010101010100000,011010100001100100010010101010100000,128,8192,25,152,true,single,36,1.0e-10,64
VQE_reduced_surrogate,73002,1400,1,0.0001220703125,520.5932937500047,528.6085999999996,not_in_gurobi_pool,,0000100101000110011,01100101011000001,000010010100011001101100101011000001,128,8192,25,152,true,single,36,1.0e-10,64
VQE_reduced_surrogate,73002,1401,1,0.0001220703125,520.6221937499854,528.6374999999998,not_in_gurobi_pool,,0100010001000110011,00000001011100001,010001000100011001100000001011100001,128,8192,25,152,true,single,36,1.0e-10,64
VQE_reduced_surrogate,73002,1474,1,0.0001220703125,531.3792687499961,528.7075,not_in_gurobi_pool,,1100100110010101010,00100001011000010,110010011001010101000100001011000010,128,8192,25,152,true,single,36,1.0e-10,64
VQE_reduced_surrogate,73002,1475,1,0.0001220703125,531.3792687499929,528.7075,not_in_gurobi_pool,,1100000110010101010,00100001011000010,110000011001010101000100001011000010,128,8192,25,152,true,single,36,1.0e-10,64
VQE_reduced_surrogate,73002,1547,1,0.0001220703125,542.0954437500038,528.7366,not_in_gurobi_pool,,1000010000011001110,01010101011000110,100001000001100111001010101011000110,128,8192,25,152,true,single,36,1.0e-10,64
VQE_reduced_surrogate,73002,1624,1,0.0001220703125,553.0065187500104,528.9605999999997,not_in_gurobi_pool,,1000010101101110011,01000000010001001,100001010110111001101000000010001001,128,8192,25,152,true,single,36,1.0e-10,64
VQE_reduced_surrogate,73002,1287,1,0.0001220703125,499.752643750011,529.1420999999997,not_in_gurobi_pool,,1001101000101100101,00000101000000000,100110100010110010100000101000000000,128,8192,25,152,true,single,36,1.0e-10,64
VQE_reduced_surrogate,73002,1476,1,0.0001220703125,531.8151687500012,529.1433999999999,not_in_gurobi_pool,,0110100110011100000,10100000011100000,011010011001110000010100000011100000,128,8192,25,152,true,single,36,1.0e-10,64
VQE_reduced_surrogate,73002,1477,1,0.0001220703125,531.8427687500091,529.1709999999998,not_in_gurobi_pool,,1101101100100100100,00000001000000000,110110110010010010000000001000000000,128,8192,25,152,true,single,36,1.0e-10,64
VQE_reduced_surrogate,73002,1479,1,0.0001220703125,531.9002687500083,529.2284999999999,not_in_gurobi_pool,,0100101100001001100,00010101110000000,010010110000100110000010101110000000,128,8192,25,152,true,single,36,1.0e-10,64
VQE_reduced_surrogate,73002,1403,1,0.0001220703125,521.5781937500005,529.5935,not_in_gurobi_pool,,1100111100111011001,10000001000101000,110011110011101100110000001000101000,128,8192,25,152,true,single,36,1.0e-10,64
VQE_reduced_surrogate,73002,1482,1,0.0001220703125,532.3471687499962,529.6754000000001,not_in_gurobi_pool,,0110100010011001001,10100000011100000,011010001001100100110100000011100000,128,8192,25,152,true,single,36,1.0e-10,64
VQE_reduced_surrogate,73002,1483,1,0.0001220703125,532.3507687500096,529.6789999999997,not_in_gurobi_pool,,1101110110110010000,10000000000101000,110111011011001000010000000000101000,128,8192,25,152,true,single,36,1.0e-10,64
VQE_reduced_surrogate,73002,1552,1,0.0001220703125,543.0378437500024,529.6789999999999,not_in_gurobi_pool,,1101100110111010000,10100000000000000,110110011011101000010100000000000000,128,8192,25,152,true,single,36,1.0e-10,64
VQE_reduced_surrogate,73002,1404,1,0.0001220703125,521.6791937499956,529.6944999999998,not_in_gurobi_pool,,1100101101001101000,10000101110000000,110010110100110100010000101110000000,128,8192,25,152,true,single,36,1.0e-10,64
VQE_reduced_surrogate,73002,1484,1,0.0001220703125,532.4593687499996,529.7875999999997,not_in_gurobi_pool,,0000000101100100000,11100000010000000,000000010110010000011100000010000000,128,8192,25,152,true,single,36,1.0e-10,64
VQE_reduced_surrogate,73002,1405,1,0.0001220703125,521.7736937499983,529.7889999999999,not_in_gurobi_pool,,1011001000110010011,00000100000000101,101100100011001001100000100000000101,128,8192,25,152,true,single,36,1.0e-10,64
VQE_reduced_surrogate,73002,1485,1,0.0001220703125,532.5603687499911,529.8885999999998,not_in_gurobi_pool,,0000000101101010001,11100000010000000,000000010110101000111100000010000000,128,8192,25,152,true,single,36,1.0e-10,64
VQE_reduced_surrogate,73002,1486,1,0.0001220703125,532.6132687500021,529.9414999999997,not_in_gurobi_pool,,0010000010001100101,00100100011000000,001000001000110010100100100011000000,128,8192,25,152,true,single,36,1.0e-10,64
VQE_reduced_surrogate,73002,1632,1,0.0001220703125,554.0465187499997,530.0006000000001,not_in_gurobi_pool,,0000011100000100111,01010111110000011,000001110000010011101010111110000011,128,8192,25,152,true,single,36,1.0e-10,64
VQE_reduced_surrogate,73002,1488,1,0.0001220703125,532.7032687499961,530.0314999999998,not_in_gurobi_pool,,0100100110001010101,00100001011000000,010010011000101010100100001011000000,128,8192,25,152,true,single,36,1.0e-10,64
VQE_reduced_surrogate,73002,1489,1,0.0001220703125,533.0467687500027,530.3749999999997,not_in_gurobi_pool,,1101110000110100100,00000000000101000,110111000011010010000000000000101000,128,8192,25,152,true,single,36,1.0e-10,64
VQE_reduced_surrogate,73002,1556,1,0.0001220703125,543.7338437500039,530.3749999999997,not_in_gurobi_pool,,1101000100110100101,00100000000000000,110100010011010010100100000000000000,128,8192,25,152,true,single,36,1.0e-10,64
VQE_reduced_surrogate,73002,1557,1,0.0001220703125,543.7913437500126,530.4324999999999,not_in_gurobi_pool,,0100100100011001100,00110001011000000,010010010001100110000110001011000000,128,8192,25,152,true,single,36,1.0e-10,64
VQE_reduced_surrogate,73002,1490,1,0.0001220703125,533.1183687500059,530.4466,not_in_gurobi_pool,,0000010010011011000,11000101011000000,000001001001101100011000101011000000,128,8192,25,152,true,single,36,1.0e-10,64
VQE_reduced_surrogate,73002,1491,1,0.0001220703125,533.1342687500091,530.4624999999999,not_in_gurobi_pool,,0100100010000001100,00100001011000000,010010001000000110000100001011000000,128,8192,25,152,true,single,36,1.0e-10,64
VQE_reduced_surrogate,73002,1492,1,0.0001220703125,533.1477687500012,530.4759999999997,not_in_gurobi_pool,,1101010100111010101,00000000000101000,110101010011101010100000000000101000,128,8192,25,152,true,single,36,1.0e-10,64
VQE_reduced_surrogate,73002,1343,1,0.0001220703125,511.88571875000684,530.5880999999999,not_in_gurobi_pool,,0001110100011000110,00010101010000111,000111010001100011000010101010000111,128,8192,25,152,true,single,36,1.0e-10,64
VQE_reduced_surrogate,73002,1558,1,0.0001220703125,543.9542437500029,530.5953999999999,not_in_gurobi_pool,,1110100101000010101,00100000011100000,111010010100001010100100000011100000,128,8192,25,152,true,single,36,1.0e-10,64
VQE_reduced_surrogate,73002,1494,1,0.0001220703125,533.2877687499995,530.6159999999998,not_in_gurobi_pool,,0011111100110000001,10001100000101000,001111110011000000110001100000101000,128,8192,25,152,true,single,36,1.0e-10,64
VQE_reduced_surrogate,73002,1345,1,0.0001220703125,511.95761874999516,530.66,not_in_gurobi_pool,,0101010010011010011,00000001010100101,010101001001101001100000001010100101,128,8192,25,152,true,single,36,1.0e-10,64
VQE_reduced_surrogate,73002,1407,1,0.0001220703125,522.6691937499818,530.6844999999998,not_in_gurobi_pool,,0100111001001000000,10001101110100000,010011100100100000010001101110100000,128,8192,25,152,true,single,36,1.0e-10,64
VQE_reduced_surrogate,73002,1561,1,0.0001220703125,544.2658437500022,530.9069999999997,not_in_gurobi_pool,,1101000100111001101,00100000000000000,110100010011100110100100000000000000,128,8192,25,152,true,single,36,1.0e-10,64
VQE_reduced_surrogate,73002,1562,1,0.0001220703125,544.2658437500052,530.9069999999997,not_in_gurobi_pool,,1101100000111001100,00100000000000000,110110000011100110000100000000000000,128,8192,25,152,true,single,36,1.0e-10,64
VQE_reduced_surrogate,73002,1408,1,0.0001220703125,522.9140937500124,530.9293999999998,not_in_gurobi_pool,,1110010110111010011,00000000010111101,111001011011101001100000000010111101,128,8192,25,152,true,single,36,1.0e-10,64
VQE_reduced_surrogate,73002,1347,1,0.0001220703125,512.2270187500001,530.9294000000001,not_in_gurobi_pool,,1110100110110010011,00100000010100101,111010011011001001100100000010100101,128,8192,25,152,true,single,36,1.0e-10,64
VQE_reduced_surrogate,73002,1409,1,0.0001220703125,522.9247937500099,530.9400999999998,not_in_gurobi_pool,,1001100000111000110,00100000000000111,100110000011100011000100000000000111,128,8192,25,152,true,single,36,1.0e-10,64
VQE_reduced_surrogate,73002,1567,1,0.0001220703125,544.3153437500039,530.9564999999998,not_in_gurobi_pool,,1100101110100011011,00000001000000100,110010111010001101100000001000000100,128,8192,25,152,true,single,36,1.0e-10,64
VQE_reduced_surrogate,73002,1495,1,0.0001220703125,533.662268749991,530.9904999999997,not_in_gurobi_pool,,1100100011000100011,00100001011000011,110010001100010001100100001011000011,128,8192,25,152,true,single,36,1.0e-10,64
VQE_reduced_surrogate,73002,1496,1,0.0001220703125,533.6712687499999,530.9994999999999,not_in_gurobi_pool,,1100100001011011000,10100001011000000,110010000101101100010100001011000000,128,8192,25,152,true,single,36,1.0e-10,64
VQE_reduced_surrogate,73002,1568,1,0.0001220703125,544.5804437499901,531.2216,not_in_gurobi_pool,,0000010001101010011,01000000010001101,000001000110101001101000000010001101,128,8192,25,152,true,single,36,1.0e-10,64
VQE_reduced_surrogate,73002,1410,1,0.0001220703125,523.2072937500138,531.2225999999998,not_in_gurobi_pool,,0000001110101100000,11000101000000000,000000111010110000011000101000000000,128,8192,25,152,true,single,36,1.0e-10,64
VQE_reduced_surrogate,73002,1411,1,0.0001220703125,523.2072937500138,531.2225999999998,not_in_gurobi_pool,,0000001110100100000,11000101000000000,000000111010010000011000101000000000,128,8192,25,152,true,single,36,1.0e-10,64
VQE_reduced_surrogate,73002,1412,1,0.0001220703125,523.3082937500162,531.3235999999998,not_in_gurobi_pool,,0000101110101010000,11000101000000000,000010111010101000011000101000000000,128,8192,25,152,true,single,36,1.0e-10,64
VQE_reduced_surrogate,73002,1497,1,0.0001220703125,534.0211687499987,531.3493999999998,not_in_gurobi_pool,,0110101100101000101,00000000000100000,011010110010100010100000000000100000,128,8192,25,152,true,single,36,1.0e-10,64
VQE_reduced_surrogate,73002,1349,1,0.0001220703125,512.6580187499999,531.3604000000001,not_in_gurobi_pool,,1110100010111001011,00100000010100110,111010001011100101100100000010100110,128,8192,25,152,true,single,36,1.0e-10,64
VQE_reduced_surrogate,73002,1413,1,0.0001220703125,523.44069375,531.4559999999997,not_in_gurobi_pool,,0011101000111010001,10000100000000000,001110100011101000110000100000000000,128,8192,25,152,true,single,36,1.0e-10,64
VQE_reduced_surrogate,73002,1498,1,0.0001220703125,534.2287687500068,531.5569999999998,not_in_gurobi_pool,,0011101101000100000,10000111000000000,001110110100010000010000111000000000,128,8192,25,152,true,single,36,1.0e-10,64
VQE_reduced_surrogate,73002,1499,1,0.0001220703125,534.3797687500075,531.7079999999999,not_in_gurobi_pool,,1101010100110100111,00000000000101011,110101010011010011100000000000101011,128,8192,25,152,true,single,36,1.0e-10,64
VQE_reduced_surrogate,73002,1640,1,0.0001220703125,555.7969187499971,531.7509999999995,not_in_gurobi_pool,,1101100110111110011,00100000000000001,110110011011111001100100000000000001,128,8192,25,152,true,single,36,1.0e-10,64
VQE_reduced_surrogate,73002,1574,1,0.0001220703125,545.1339437500046,531.7750999999997,not_in_gurobi_pool,,0001110001101001011,00000000000001110,000111000110100101100000000000001110,128,8192,25,152,true,single,36,1.0e-10,64
VQE_reduced_surrogate,73002,1575,1,0.0001220703125,545.1522437499955,531.7933999999999,not_in_gurobi_pool,,0110111100111001001,10000000000111000,011011110011100100110000000000111000,128,8192,25,152,true,single,36,1.0e-10,64
VQE_reduced_surrogate,73002,1642,1,0.0001220703125,555.9024187499981,531.8564999999999,not_in_gurobi_pool,,0010101010100000011,00001100000000111,001010101010000001100001100000000111,128,8192,25,152,true,single,36,1.0e-10,64
VQE_reduced_surrogate,73002,1500,1,0.0001220703125,534.548268749993,531.8764999999999,not_in_gurobi_pool,,1100001101101010001,10000001000000000,110000110110101000110000001000000000,128,8192,25,152,true,single,36,1.0e-10,64
VQE_reduced_surrogate,73002,1414,1,0.0001220703125,523.8716937500046,531.8869999999997,not_in_gurobi_pool,,0011101000111001001,10000100000000000,001110100011100100110000100000000000,128,8192,25,152,true,single,36,1.0e-10,64
VQE_reduced_surrogate,73002,1576,1,0.0001220703125,545.2773437499802,531.9184999999998,not_in_gurobi_pool,,0100110011000000000,10001001011100000,010011001100000000010001001011100000,128,8192,25,152,true,single,36,1.0e-10,64
VQE_reduced_surrogate,73002,1577,1,0.0001220703125,545.3708437500047,532.012,not_in_gurobi_pool,,1101101110000100100,00000101100000000,110110111000010010000000101100000000,128,8192,25,152,true,single,36,1.0e-10,64
VQE_reduced_surrogate,73002,1415,1,0.0001220703125,524.004293750017,532.0195999999997,not_in_gurobi_pool,,0000101000101100101,01000101000000000,000010100010110010101000101000000000,128,8192,25,152,true,single,36,1.0e-10,64
VQE_reduced_surrogate,73002,1416,1,0.0001220703125,524.0042937500302,532.0195999999997,not_in_gurobi_pool,,0000101000100100100,01000101000000000,000010100010010010001000101000000000,128,8192,25,152,true,single,36,1.0e-10,64
VQE_reduced_surrogate,73002,1417,1,0.0001220703125,524.0331937500055,532.0484999999999,not_in_gurobi_pool,,0100111100100100100,00000001000101000,010011110010010010000000001000101000,128,8192,25,152,true,single,36,1.0e-10,64
VQE_reduced_surrogate,73002,1646,1,0.0001220703125,556.2279187499944,532.1819999999996,not_in_gurobi_pool,,1101100110111101011,00100000000000010,110110011011110101100100000000000010,128,8192,25,152,true,single,36,1.0e-10,64
VQE_reduced_surrogate,73002,1418,1,0.0001220703125,524.4101937500009,532.4254999999998,not_in_gurobi_pool,,1100100000111110111,00100000010000001,110010000011111011100100000010000001,128,8192,25,152,true,single,36,1.0e-10,64
VQE_reduced_surrogate,73002,1503,1,0.0001220703125,535.0983687500209,532.4265999999998,not_in_gurobi_pool,,0000100110110100000,11100000010000000,000010011011010000011100000010000000,128,8192,25,152,true,single,36,1.0e-10,64
VQE_reduced_surrogate,73002,1355,1,0.0001220703125,513.7641187499999,532.4664999999998,not_in_gurobi_pool,,0010010110110100001,10000000010101000,001001011011010000110000000010101000,128,8192,25,152,true,single,36,1.0e-10,64
VQE_reduced_surrogate,73002,1419,1,0.0001220703125,524.5102937500037,532.5255999999998,not_in_gurobi_pool,,0000011000110100011,01000101000001011,000001100011010001101000101000001011,128,8192,25,152,true,single,36,1.0e-10,64
VQE_reduced_surrogate,73002,1358,1,0.0001220703125,513.9531187499902,532.6555,not_in_gurobi_pool,,0100011000111010011,00000001000101101,010001100011101001100000001000101101,128,8192,25,152,true,single,36,1.0e-10,64
VQE_reduced_surrogate,73002,1420,1,0.0001220703125,524.7456937500103,532.761,not_in_gurobi_pool,,0011100001011100000,10100100010000000,001110000101110000010100100010000000,128,8192,25,152,true,single,36,1.0e-10,64
VQE_reduced_surrogate,73002,1359,1,0.0001220703125,514.2851187500032,532.9874999999998,not_in_gurobi_pool,,0100010110110001000,10000000010101000,010001011011000100010000000010101000,128,8192,25,152,true,single,36,1.0e-10,64
VQE_reduced_surrogate,73002,1423,1,0.0001220703125,524.9831937500062,532.9984999999998,not_in_gurobi_pool,,0010100010111001001,10100000010000000,001010001011100100110100000010000000,128,8192,25,152,true,single,36,1.0e-10,64
VQE_reduced_surrogate,73002,1306,1,0.0001220703125,503.8206437500189,533.2100999999998,not_in_gurobi_pool,,0001101110100001010,00000101000000110,000110111010000101000000101000000110,128,8192,25,152,true,single,36,1.0e-10,64
VQE_reduced_surrogate,73002,1425,1,0.0001220703125,525.2770937500029,533.2923999999997,not_in_gurobi_pool,,0110110100110100101,00000000010111000,011011010011010010100000000010111000,128,8192,25,152,true,single,36,1.0e-10,64
VQE_reduced_surrogate,73002,1507,1,0.0001220703125,536.024368750006,533.3525999999999,not_in_gurobi_pool,,0000011100100100111,01000101000001011,000001110010010011101000101000001011,128,8192,25,152,true,single,36,1.0e-10,64
VQE_reduced_surrogate,73002,1583,1,0.0001220703125,546.7802437500002,533.4214,not_in_gurobi_pool,,0110101100100100111,00000000000100011,011010110010010011100000000000100011,128,8192,25,152,true,single,36,1.0e-10,64
VQE_reduced_surrogate,73002,1426,1,0.0001220703125,525.4382937500068,533.4535999999998,not_in_gurobi_pool,,0000101000101010111,01000101000000101,000010100010101011101000101000000101,128,8192,25,152,true,single,36,1.0e-10,64
VQE_reduced_surrogate,73002,1363,1,0.0001220703125,514.7857187500026,533.4880999999998,not_in_gurobi_pool,,0001111100110110011,00000101000001001,000111110011011001100000101000001001,128,8192,25,152,true,single,36,1.0e-10,64
VQE_reduced_surrogate,73002,1586,1,0.0001220703125,546.9639437500007,533.6050999999998,not_in_gurobi_pool,,1001010001111001001,10000000000001000,100101000111100100110000000000001000,128,8192,25,152,true,single,36,1.0e-10,64
VQE_reduced_surrogate,73002,1427,1,0.0001220703125,525.8090937499994,533.8243999999999,not_in_gurobi_pool,,0110110100110001101,00000000010111000,011011010011000110100000000010111000,128,8192,25,152,true,single,36,1.0e-10,64
VQE_reduced_surrogate,73002,1587,1,0.0001220703125,547.2409437500098,533.8820999999997,not_in_gurobi_pool,,0001010010110100011,00000000000001011,000101001011010001100000000000001011,128,8192,25,152,true,single,36,1.0e-10,64
VQE_reduced_surrogate,73002,1591,1,0.0001220703125,547.3818437499865,534.0229999999998,not_in_gurobi_pool,,0011100110111010011,00100000000000101,001110011011101001100100000000000101,128,8192,25,152,true,single,36,1.0e-10,64
VQE_reduced_surrogate,73002,1429,1,0.0001220703125,526.0472937499953,534.0625999999997,not_in_gurobi_pool,,0000100111001010011,01100101011000101,000010011100101001101100101011000101,128,8192,25,152,true,single,36,1.0e-10,64
VQE_reduced_surrogate,73002,1365,1,0.0001220703125,515.4660187500026,534.1684,not_in_gurobi_pool,,0110101101001011011,00000101010100100,011010110100101101100000101010100100,128,8192,25,152,true,single,36,1.0e-10,64
VQE_reduced_surrogate,73002,1509,1,0.0001220703125,536.8677687500112,534.1959999999999,not_in_gurobi_pool,,0011101110010100000,10000111000000000,001110111001010000010000111000000000,128,8192,25,152,true,single,36,1.0e-10,64
VQE_reduced_surrogate,73002,1511,1,0.0001220703125,537.0862687500003,534.4144999999999,not_in_gurobi_pool,,1100101010110100001,10000001000000000,110010101011010000110000001000000000,128,8192,25,152,true,single,36,1.0e-10,64
VQE_reduced_surrogate,73002,1512,1,0.0001220703125,537.1653687499934,534.4935999999998,not_in_gurobi_pool,,0000010011001001011,01000101011000110,000001001100100101101000101011000110,128,8192,25,152,true,single,36,1.0e-10,64
VQE_reduced_surrogate,73002,1367,1,0.0001220703125,515.8831187500041,534.5854999999998,not_in_gurobi_pool,,0100110000111100110,00000000010101011,010011000011110011000000000010101011,128,8192,25,152,true,single,36,1.0e-10,64
VQE_reduced_surrogate,73002,1433,1,0.0001220703125,526.6100937500016,534.6253999999998,not_in_gurobi_pool,,0110110100110100111,00000000010111011,011011010011010011100000000010111011,128,8192,25,152,true,single,36,1.0e-10,64
VQE_reduced_surrogate,73002,1434,1,0.0001220703125,526.6821937500049,534.6974999999998,not_in_gurobi_pool,,0010100100111010110,00100000010000101,001010010011101011000100000010000101,128,8192,25,152,true,single,36,1.0e-10,64
VQE_reduced_surrogate,73002,1435,1,0.0001220703125,526.711093749999,534.7263999999999,not_in_gurobi_pool,,0110110100110010111,00000000010111101,011011010011001011100000000010111101,128,8192,25,152,true,single,36,1.0e-10,64
VQE_reduced_surrogate,73002,1515,1,0.0001220703125,537.3997687500141,534.7280000000001,not_in_gurobi_pool,,0011101110010001000,10000111000000000,001110111001000100010000111000000000,128,8192,25,152,true,single,36,1.0e-10,64
VQE_reduced_surrogate,73002,1664,1,0.0001220703125,558.8765187500055,534.8306,not_in_gurobi_pool,,0000111000010100101,01010111110000000,000011100001010010101010111110000000,128,8192,25,152,true,single,36,1.0e-10,64
VQE_reduced_surrogate,73002,1436,1,0.0001220703125,526.8291937500003,534.8444999999998,not_in_gurobi_pool,,1100100001110001010,00100000010000110,110010000111000101000100000010000110,128,8192,25,152,true,single,36,1.0e-10,64
VQE_reduced_surrogate,73002,1437,1,0.0001220703125,526.8441937499963,534.8595,not_in_gurobi_pool,,0100111000010100101,00010101110100000,010011100001010010100010101110100000,128,8192,25,152,true,single,36,1.0e-10,64
VQE_reduced_surrogate,73002,1438,1,0.0001220703125,526.9142937500062,534.9295999999999,not_in_gurobi_pool,,1000000010011001110,01100101011000110,100000001001100111001100101011000110,128,8192,25,152,true,single,36,1.0e-10,64
VQE_reduced_surrogate,73002,1440,1,0.0001220703125,526.9751937500039,534.9905000000001,not_in_gurobi_pool,,0100101110001010100,00000101110000000,010010111000101010000000101110000000,128,8192,25,152,true,single,36,1.0e-10,64
VQE_reduced_surrogate,73002,1517,1,0.0001220703125,537.7603687500216,535.0885999999998,not_in_gurobi_pool,,0000100000111001110,01100000010000110,000010000011100111001100000010000110,128,8192,25,152,true,single,36,1.0e-10,64
VQE_reduced_surrogate,73002,1518,1,0.0001220703125,537.7603687500196,535.0885999999998,not_in_gurobi_pool,,0000100100110001110,01100000010000110,000010010011000111001100000010000110,128,8192,25,152,true,single,36,1.0e-10,64
VQE_reduced_surrogate,73002,1368,1,0.0001220703125,516.4151187500029,535.1174999999998,not_in_gurobi_pool,,0100110000110001110,00000000010101110,010011000011000111000000000010101110,128,8192,25,152,true,single,36,1.0e-10,64
VQE_reduced_surrogate,73002,1441,1,0.0001220703125,527.1021937500066,535.1174999999998,not_in_gurobi_pool,,0100000000110001110,00100000010000110,010000000011000111000100000010000110,128,8192,25,152,true,single,36,1.0e-10,64
VQE_reduced_surrogate,73002,1442,1,0.0001220703125,527.113193750014,535.1284999999998,not_in_gurobi_pool,,0010000100110001110,00100000010000110,001000010011000111000100000010000110,128,8192,25,152,true,single,36,1.0e-10,64
VQE_reduced_surrogate,73002,1443,1,0.0001220703125,527.1872937500113,535.2025999999996,not_in_gurobi_pool,,0000100101010101011,01100101011000010,000010010101010101101100101011000010,128,8192,25,152,true,single,36,1.0e-10,64
VQE_reduced_surrogate,73002,1597,1,0.0001220703125,548.613343749998,535.2545000000001,not_in_gurobi_pool,,1100101110111110000,10000001000000000,110010111011111000010000001000000000,128,8192,25,152,true,single,36,1.0e-10,64
VQE_reduced_surrogate,73002,1520,1,0.0001220703125,537.9912687500039,535.3195000000001,not_in_gurobi_pool,,0100100101001001111,00100001011000110,010010010100100111100100001011000110,128,8192,25,152,true,single,36,1.0e-10,64
VQE_reduced_surrogate,73002,1521,1,0.0001220703125,538.0057687500021,535.3339999999998,not_in_gurobi_pool,,1101001100110100101,00000001000000000,110100110011010010100000001000000000,128,8192,25,152,true,single,36,1.0e-10,64
VQE_reduced_surrogate,73002,1598,1,0.0001220703125,548.7514437499972,535.3926000000001,not_in_gurobi_pool,,0000111110001001101,01000111110000000,000011111000100110101000111110000000,128,8192,25,152,true,single,36,1.0e-10,64
VQE_reduced_surrogate,73002,1522,1,0.0001220703125,538.1067687499997,535.4349999999998,not_in_gurobi_pool,,1101101000111010100,00000001000000000,110110100011101010000000001000000000,128,8192,25,152,true,single,36,1.0e-10,64
VQE_reduced_surrogate,73002,1447,1,0.0001220703125,527.8051937499934,535.8204999999998,not_in_gurobi_pool,,1100110011010100000,10000001011100000,110011001101010000010000001011100000,128,8192,25,152,true,single,36,1.0e-10,64
VQE_reduced_surrogate,73002,1601,1,0.0001220703125,549.1864437500069,535.8275999999998,not_in_gurobi_pool,,0000010000111101111,01000000010001010,000001000011110111101000000010001010,128,8192,25,152,true,single,36,1.0e-10,64
VQE_reduced_surrogate,73002,1604,1,0.0001220703125,549.3974437499983,536.0385999999996,not_in_gurobi_pool,,0000010101101000101,01000000010001000,000001010110100010101000000010001000,128,8192,25,152,true,single,36,1.0e-10,64
VQE_reduced_surrogate,73002,1523,1,0.0001220703125,538.7233687500016,536.0515999999998,not_in_gurobi_pool,,0000100001111010001,11100000010000000,000010000111101000111100000010000000,128,8192,25,152,true,single,36,1.0e-10,64
VQE_reduced_surrogate,73002,1377,1,0.0001220703125,517.3580187500047,536.0604000000003,not_in_gurobi_pool,,1110111001010010011,00000101010110101,111011100101001001100000101010110101,128,8192,25,152,true,single,36,1.0e-10,64
VQE_reduced_surrogate,73002,1524,1,0.0001220703125,538.8812687499933,536.2094999999998,not_in_gurobi_pool,,0100101001101010011,00000001000000101,010010100110101001100000001000000101,128,8192,25,152,true,single,36,1.0e-10,64
VQE_reduced_surrogate,73002,1525,1,0.0001220703125,539.1172687500014,536.4454999999998,not_in_gurobi_pool,,1100100110111100100,00100000010000000,110010011011110010000100000010000000,128,8192,25,152,true,single,36,1.0e-10,64
VQE_reduced_surrogate,73002,1450,1,0.0001220703125,528.466193749998,536.4814999999996,not_in_gurobi_pool,,1100101011001001011,00000101110000110,110010101100100101100000101110000110,128,8192,25,152,true,single,36,1.0e-10,64
VQE_reduced_surrogate,73002,1526,1,0.0001220703125,539.218268750006,536.5464999999998,not_in_gurobi_pool,,1100100110110010100,00100000010000000,110010011011001010000100000010000000,128,8192,25,152,true,single,36,1.0e-10,64
VQE_reduced_surrogate,73002,1527,1,0.0001220703125,539.2182687500026,536.5464999999998,not_in_gurobi_pool,,1100100010110010101,00100000010000000,110010001011001010100100000010000000,128,8192,25,152,true,single,36,1.0e-10,64
VQE_reduced_surrogate,73002,1606,1,0.0001220703125,549.9989437499996,536.6400999999997,not_in_gurobi_pool,,1001100110111010100,00100000000000000,100110011011101010000100000000000000,128,8192,25,152,true,single,36,1.0e-10,64
VQE_reduced_surrogate,73002,1452,1,0.0001220703125,528.7436937499981,536.7589999999998,not_in_gurobi_pool,,0011110110011001100,00000100010100000,001111011001100110000000100010100000,128,8192,25,152,true,single,36,1.0e-10,64
VQE_reduced_surrogate,73002,1672,1,0.0001220703125,560.8439187500126,536.7979999999999,not_in_gurobi_pool,,0101101110110000000,10001001000000000,010110111011000000010001001000000000,128,8192,25,152,true,single,36,1.0e-10,64
VQE_reduced_surrogate,73002,1455,1,0.0001220703125,528.9621937500017,536.9774999999998,not_in_gurobi_pool,,1100110010111001101,00000000010101000,110011001011100110100000000010101000,128,8192,25,152,true,single,36,1.0e-10,64
VQE_reduced_surrogate,73002,1530,1,0.0001220703125,539.6492687500061,536.9774999999998,not_in_gurobi_pool,,1100000110110001100,00100000010000000,110000011011000110000100000010000000,128,8192,25,152,true,single,36,1.0e-10,64
VQE_reduced_surrogate,73002,1531,1,0.0001220703125,539.6492687500036,536.9774999999998,not_in_gurobi_pool,,1100100010110001101,00100000010000000,110010001011000110100100000010000000,128,8192,25,152,true,single,36,1.0e-10,64
VQE_reduced_surrogate,73002,1532,1,0.0001220703125,539.6492687500024,536.9774999999998,not_in_gurobi_pool,,1100100110111001100,00100000010000000,110010011011100110000100000010000000,128,8192,25,152,true,single,36,1.0e-10,64
VQE_reduced_surrogate,73002,1385,1,0.0001220703125,518.4677187499994,537.1701,not_in_gurobi_pool,,1001111100110001110,00000101000001110,100111110011000111000000101000001110,128,8192,25,152,true,single,36,1.0e-10,64
VQE_reduced_surrogate,73002,1610,1,0.0001220703125,550.7598437500042,537.4010000000001,not_in_gurobi_pool,,1101101001000001111,00000101100000110,110110100100000111100000101100000110,128,8192,25,152,true,single,36,1.0e-10,64
VQE_reduced_surrogate,73002,1458,1,0.0001220703125,529.4712937500067,537.4865999999997,not_in_gurobi_pool,,0000101010111010001,11000101000000000,000010101011101000111000101000000000,128,8192,25,152,true,single,36,1.0e-10,64
VQE_reduced_surrogate,73002,1533,1,0.0001220703125,540.1583687500088,537.4866,not_in_gurobi_pool,,0000011110111010000,11000101000001000,000001111011101000011000101000001000,128,8192,25,152,true,single,36,1.0e-10,64
VQE_reduced_surrogate,73002,1463,1,0.0001220703125,529.8641937500045,537.8794999999998,not_in_gurobi_pool,,1100110010111010111,00000000010101101,110011001011101011100000000010101101,128,8192,25,152,true,single,36,1.0e-10,64
VQE_reduced_surrogate,73002,1464,1,0.0001220703125,529.8641937500015,537.8794999999999,not_in_gurobi_pool,,1100110110111010110,00000000010101101,110011011011101011000000000010101101,128,8192,25,152,true,single,36,1.0e-10,64
VQE_reduced_surrogate,73002,1536,1,0.0001220703125,540.6412687500028,537.9694999999999,not_in_gurobi_pool,,0010000110011001110,00100100011000110,001000011001100111000100100011000110,128,8192,25,152,true,single,36,1.0e-10,64
VQE_reduced_surrogate,73002,1537,1,0.0001220703125,540.6652687500111,537.9934999999996,not_in_gurobi_pool,,1100010111010110011,00000001011100001,110001011101011001100000001011100001,128,8192,25,152,true,single,36,1.0e-10,64
VQE_reduced_surrogate,73002,1328,1,0.0001220703125,508.6546437500067,538.0440999999998,not_in_gurobi_pool,,1001100001011100110,00100101010000011,100110000101110011000100101010000011,128,8192,25,152,true,single,36,1.0e-10,64
VQE_reduced_surrogate,73002,1614,1,0.0001220703125,551.4748437500066,538.1159999999998,not_in_gurobi_pool,,1101100111011110011,00100001010000001,110110011101111001100100001010000001,128,8192,25,152,true,single,36,1.0e-10,64
VQE_reduced_surrogate,73002,1468,1,0.0001220703125,530.2951937500009,538.3104999999998,not_in_gurobi_pool,,1100110010111001111,00000000010101110,110011001011100111100000000010101110,128,8192,25,152,true,single,36,1.0e-10,64
VQE_reduced_surrogate,73002,1616,1,0.0001220703125,551.8659437500091,538.5070999999998,not_in_gurobi_pool,,0001111101000100100,00000111100000000,000111110100010010000000111100000000,128,8192,25,152,true,single,36,1.0e-10,64
VQE_reduced_surrogate,73002,1619,1,0.0001220703125,552.0658437500012,538.7070000000001,not_in_gurobi_pool,,1101101010011001100,00000101100000000,110110101001100110000000101100000000,128,8192,25,152,true,single,36,1.0e-10,64
VQE_reduced_surrogate,73002,1540,1,0.0001220703125,541.3863687500104,538.7145999999998,not_in_gurobi_pool,,0000011100111001100,01000101000001000,000001110011100110001000101000001000,128,8192,25,152,true,single,36,1.0e-10,64
VQE_reduced_surrogate,73002,1541,1,0.0001220703125,541.3863687500038,538.7146,not_in_gurobi_pool,,0000111000111001101,01000101000001000,000011100011100110101000101000001000,128,8192,25,152,true,single,36,1.0e-10,64
VQE_reduced_surrogate,73002,1542,1,0.0001220703125,541.4192687499935,538.7474999999998,not_in_gurobi_pool,,0100001010110100011,00000001000000011,010000101011010001100000001000000011,128,8192,25,152,true,single,36,1.0e-10,64
VQE_reduced_surrogate,73002,1620,1,0.0001220703125,552.1422437500091,538.7834,not_in_gurobi_pool,,0110101100110001100,00000000000100000,011010110011000110000000000000100000,128,8192,25,152,true,single,36,1.0e-10,64
VQE_reduced_surrogate,73002,1471,1,0.0001220703125,530.7831937499936,538.7985000000001,not_in_gurobi_pool,,0100010110011011111,00000001011100100,010001011001101111100000001011100100,128,8192,25,152,true,single,36,1.0e-10,64
VQE_reduced_surrogate,73002,1472,1,0.0001220703125,530.7941937499943,538.8095000000001,not_in_gurobi_pool,,0010110010011011111,00000100011100100,001011001001101111100000100011100100,128,8192,25,152,true,single,36,1.0e-10,64
VQE_reduced_surrogate,73002,1544,1,0.0001220703125,541.5417687499978,538.87,not_in_gurobi_pool,,0101101110110100011,00000001000000011,010110111011010001100000001000000011,128,8192,25,152,true,single,36,1.0e-10,64
VQE_reduced_surrogate,73002,1685,1,0.0001220703125,562.9343187500017,538.8883999999998,not_in_gurobi_pool,,0110111110111010011,00000000000111101,011011111011101001100000000000111101,128,8192,25,152,true,single,36,1.0e-10,64
VQE_reduced_surrogate,73002,1398,1,0.0001220703125,520.3096187500016,539.0119999999998,not_in_gurobi_pool,,0011110001011000100,00000100010100000,001111000101100010000000100010100000,128,8192,25,152,true,single,36,1.0e-10,64
VQE_reduced_surrogate,73002,1334,1,0.0001220703125,509.63104374999193,539.0204999999996,not_in_gurobi_pool,,0100011001011010011,00000101110100101,010001100101101001100000101110100101,128,8192,25,152,true,single,36,1.0e-10,64
VQE_reduced_surrogate,73002,1545,1,0.0001220703125,541.7238687500032,539.0520999999999,not_in_gurobi_pool,,0001101101011011001,10000111100000000,000110110101101100110000111100000000,128,8192,25,152,true,single,36,1.0e-10,64
VQE_reduced_surrogate,73002,1548,1,0.0001220703125,542.2303687499982,539.5585999999996,not_in_gurobi_pool,,0000101010111110011,01000101000000001,000010101011111001101000101000000001,128,8192,25,152,true,single,36,1.0e-10,64
VQE_reduced_surrogate,73002,1690,1,0.0001220703125,563.994518750005,539.9485999999998,not_in_gurobi_pool,,0000110010110001101,01000000010001000,000011001011000110101000000010001000,128,8192,25,152,true,single,36,1.0e-10,64
VQE_reduced_surrogate,73002,1402,1,0.0001220703125,521.2550187499905,539.9574000000002,not_in_gurobi_pool,,1110101110011001110,00000101010100110,111010111001100111000000101010100110,128,8192,25,152,true,single,36,1.0e-10,64
VQE_reduced_surrogate,73002,1549,1,0.0001220703125,542.6412687499992,539.9694999999998,not_in_gurobi_pool,,1100100001110100101,00100000010000000,110010000111010010100100000010000000,128,8192,25,152,true,single,36,1.0e-10,64
VQE_reduced_surrogate,73002,1627,1,0.0001220703125,553.3484437499999,539.9895999999999,not_in_gurobi_pool,,0000011110111101011,01000101000001010,000001111011110101101000101000001010,128,8192,25,152,true,single,36,1.0e-10,64
VQE_reduced_surrogate,73002,1480,1,0.0001220703125,532.0322937500184,540.0475999999999,not_in_gurobi_pool,,0000001000111001110,01000101000000110,000000100011100111001000101000000110,128,8192,25,152,true,single,36,1.0e-10,64
VQE_reduced_surrogate,73002,1693,1,0.0001220703125,564.1043187499854,540.0584000000001,not_in_gurobi_pool,,0110101110111101011,00000000000100010,011010111011110101100000000000100010,128,8192,25,152,true,single,36,1.0e-10,64
VQE_reduced_surrogate,73002,1481,1,0.0001220703125,532.0611937499964,540.0764999999999,not_in_gurobi_pool,,0100111100110001110,00000001000101110,010011110011000111000000001000101110,128,8192,25,152,true,single,36,1.0e-10,64
VQE_reduced_surrogate,73002,1550,1,0.0001220703125,542.7623687499984,540.0905999999998,not_in_gurobi_pool,,0000101010111011011,01000101000000100,000010101011101101101000101000000100,128,8192,25,152,true,single,36,1.0e-10,64
VQE_reduced_surrogate,73002,1551,1,0.0001220703125,542.9957687500005,540.3239999999996,not_in_gurobi_pool,,0011111101011101011,00000111000100010,001111110101110101100000111000100010,128,8192,25,152,true,single,36,1.0e-10,64
VQE_reduced_surrogate,73002,1487,1,0.0001220703125,532.6501937500034,540.6655,not_in_gurobi_pool,,1100111010110000101,00000001000101000,110011101011000010100000001000101000,128,8192,25,152,true,single,36,1.0e-10,64
VQE_reduced_surrogate,73002,1699,1,0.0001220703125,564.7955187500052,540.7495999999999,not_in_gurobi_pool,,0000010110110100110,01000000010001011,000001011011010011001000000010001011,128,8192,25,152,true,single,36,1.0e-10,64
VQE_reduced_surrogate,73002,1702,1,0.0001220703125,564.8965187499973,540.8506,not_in_gurobi_pool,,0000110010111010111,01000000010001101,000011001011101011101000000010001101,128,8192,25,152,true,single,36,1.0e-10,64
VQE_reduced_surrogate,73002,1554,1,0.0001220703125,543.5882687499895,540.9164999999998,not_in_gurobi_pool,,0100001100111011111,00000001000000100,010000110011101111100000001000000100,128,8192,25,152,true,single,36,1.0e-10,64
VQE_reduced_surrogate,73002,1633,1,0.0001220703125,554.4382437499987,541.0794,not_in_gurobi_pool,,0110101101111010000,10000000000100000,011010110111101000010000000000100000,128,8192,25,152,true,single,36,1.0e-10,64
VQE_reduced_surrogate,73002,1705,1,0.0001220703125,565.3275187500021,541.2815999999999,not_in_gurobi_pool,,0000010110111001110,01000000010001110,000001011011100111001000000010001110,128,8192,25,152,true,single,36,1.0e-10,64
VQE_reduced_surrogate,73002,1493,1,0.0001220703125,533.2871937500065,541.3025,not_in_gurobi_pool,,1100110001110100111,00000000010101011,110011000111010011100000000010101011,128,8192,25,152,true,single,36,1.0e-10,64
VQE_reduced_surrogate,73002,1559,1,0.0001220703125,544.1772687500024,541.5055,not_in_gurobi_pool,,1100111110111010100,00000001000101000,110011111011101010000000001000101000,128,8192,25,152,true,single,36,1.0e-10,64
VQE_reduced_surrogate,73002,1564,1,0.0001220703125,544.2782687499957,541.6064999999999,not_in_gurobi_pool,,1100101111000100101,00000101110000000,110010111100010010100000101110000000,128,8192,25,152,true,single,36,1.0e-10,64
VQE_reduced_surrogate,73002,1569,1,0.0001220703125,544.6702687499967,541.9984999999999,not_in_gurobi_pool,,1100101010111000111,00000001000000111,110010101011100011100000001000000111,128,8192,25,152,true,single,36,1.0e-10,64
VQE_reduced_surrogate,73002,1717,1,0.0001220703125,567.641018749998,543.5950999999998,not_in_gurobi_pool,,0001110001111001101,00000000000001000,000111000111100110100000000000001000,128,8192,25,152,true,single,36,1.0e-10,64
VQE_reduced_surrogate,73002,1581,1,0.0001220703125,546.3372687500084,543.6654999999998,not_in_gurobi_pool,,0100001010110000100,00000001000000000,010000101011000010000000001000000000,128,8192,25,152,true,single,36,1.0e-10,64
VQE_reduced_surrogate,73002,1505,1,0.0001220703125,535.7641937499886,543.7794999999999,not_in_gurobi_pool,,0100001111010100000,10000101110000000,010000111101010000010000101110000000,128,8192,25,152,true,single,36,1.0e-10,64
VQE_reduced_surrogate,73002,1506,1,0.0001220703125,535.7751937499936,543.7904999999998,not_in_gurobi_pool,,0010001111010100001,10000111010000000,001000111101010000110000111010000000,128,8192,25,152,true,single,36,1.0e-10,64
VQE_reduced_surrogate,73002,1582,1,0.0001220703125,546.4707687500131,543.7989999999999,not_in_gurobi_pool,,0011101110110000100,00000100000000000,001110111011000010000000100000000000,128,8192,25,152,true,single,36,1.0e-10,64
VQE_reduced_surrogate,73002,1653,1,0.0001220703125,557.9064437500015,544.5475999999999,not_in_gurobi_pool,,0000111001010100101,01000111110000000,000011100101010010101000111110000000,128,8192,25,152,true,single,36,1.0e-10,64
VQE_reduced_surrogate,73002,1510,1,0.0001220703125,536.9831937499928,544.9984999999998,not_in_gurobi_pool,,0100111110111000111,00000001000101111,010011111011100011100000001000101111,128,8192,25,152,true,single,36,1.0e-10,64
VQE_reduced_surrogate,73002,1431,1,0.0001220703125,526.3277187500141,545.0300999999998,not_in_gurobi_pool,,0001101110110001100,00000101000000000,000110111011000110000000101000000000,128,8192,25,152,true,single,36,1.0e-10,64
VQE_reduced_surrogate,73002,1513,1,0.0001220703125,537.2886937499993,545.3039999999999,not_in_gurobi_pool,,0011111101010000111,00000111000100111,001111110101000011100000111000100111,128,8192,25,152,true,single,36,1.0e-10,64
VQE_reduced_surrogate,73002,1596,1,0.0001220703125,548.4822687500039,545.8105,not_in_gurobi_pool,,0100110011011100101,00000001011100000,010011001101110010100000001011100000,128,8192,25,152,true,single,36,1.0e-10,64
VQE_reduced_surrogate,73002,1666,1,0.0001220703125,559.2414437499945,545.8825999999999,not_in_gurobi_pool,,0000010011010010101,01000101011000000,000001001101001010101000101011000000,128,8192,25,152,true,single,36,1.0e-10,64
VQE_reduced_surrogate,73002,1444,1,0.0001220703125,527.3191187500029,546.0215000000001,not_in_gurobi_pool,,0010111001011010111,00000111010100101,001011100101101011100000111010100101,128,8192,25,152,true,single,36,1.0e-10,64
VQE_reduced_surrogate,73002,1667,1,0.0001220703125,559.6283437499953,546.2695,not_in_gurobi_pool,,0100101110110001110,00000001000000110,010010111011000111000000001000000110,128,8192,25,152,true,single,36,1.0e-10,64
VQE_reduced_surrogate,73002,1446,1,0.0001220703125,527.7391187500023,546.4415000000001,not_in_gurobi_pool,,0100011101011001111,00000101110100110,010001110101100111100000101110100110,128,8192,25,152,true,single,36,1.0e-10,64
VQE_reduced_surrogate,73002,1609,1,0.0001220703125,550.5422687499984,547.8705,not_in_gurobi_pool,,1100001111011010100,00000101110000000,110000111101101010000000101110000000,128,8192,25,152,true,single,36,1.0e-10,64
VQE_reduced_surrogate,73002,1613,1,0.0001220703125,550.9732687499977,548.3015,not_in_gurobi_pool,,1100101011011001101,00000101110000000,110010101101100110100000101110000000,128,8192,25,152,true,single,36,1.0e-10,64
VQE_reduced_surrogate,73002,1687,1,0.0001220703125,563.1633437499988,549.8045000000001,not_in_gurobi_pool,,0010101101111001110,00000100000000110,001010110111100111000000100000000110,128,8192,25,152,true,single,36,1.0e-10,64
VQE_reduced_surrogate,73002,1697,1,0.0001220703125,564.6314437500034,551.2725999999998,not_in_gurobi_pool,,0000101111011001100,01000111110000000,000010111101100110001000111110000000,128,8192,25,152,true,single,36,1.0e-10,64
VQE_reduced_surrogate,73002,1670,1,0.0001220703125,560.5395687499959,557.8678,not_in_gurobi_pool,,1100110100000011001,10010001011100000,110011010000001100110010001011100000,128,8192,25,152,true,single,36,1.0e-10,64
VQE_reduced_surrogate,73002,1804,1,0.0001220703125,582.9252187499753,558.8792999999998,not_in_gurobi_pool,,0101000100000000001,10111001010000000,010100010000000000110111001010000000,128,8192,25,152,true,single,36,1.0e-10,64
VQE_reduced_surrogate,73002,1617,1,0.0001220703125,551.9659937499964,559.9812999999997,not_in_gurobi_pool,,1011010100101100001,10000000000101000,101101010010110000110000000000101000,128,8192,25,152,true,single,36,1.0e-10,64
VQE_reduced_surrogate,73002,1683,1,0.0001220703125,562.7430687499902,560.0712999999996,not_in_gurobi_pool,,1101000100101010001,10100000000000000,110100010010101000110100000000000000,128,8192,25,152,true,single,36,1.0e-10,64
VQE_reduced_surrogate,73002,1762,1,0.0001220703125,574.5497437500055,561.1908999999998,not_in_gurobi_pool,,1000110100101011000,11000000010001000,100011010010101100011000000010001000,128,8192,25,152,true,single,36,1.0e-10,64
VQE_reduced_surrogate,73002,1763,1,0.0001220703125,574.6722437499996,561.3133999999997,not_in_gurobi_pool,,1001010100101011000,10000000000001000,100101010010101100010000000000001000,128,8192,25,152,true,single,36,1.0e-10,64
VQE_reduced_surrogate,73002,1765,1,0.0001220703125,574.9361437499906,561.5772999999999,not_in_gurobi_pool,,1101001100000100001,10010101100000000,110100110000010000110010101100000000,128,8192,25,152,true,single,36,1.0e-10,64
VQE_reduced_surrogate,73002,1695,1,0.0001220703125,564.3500687499964,561.6783,not_in_gurobi_pool,,1101111000001010001,10010101100100000,110111100000101000110010101100100000,128,8192,25,152,true,single,36,1.0e-10,64
VQE_reduced_surrogate,73002,1698,1,0.0001220703125,564.7810687499973,562.1093000000001,not_in_gurobi_pool,,1101111000000001001,10010101100100000,110111100000000100110010101100100000,128,8192,25,152,true,single,36,1.0e-10,64
VQE_reduced_surrogate,73002,1766,1,0.0001220703125,575.5021437500025,562.1432999999997,not_in_gurobi_pool,,1101100000100110011,00100000000000001,110110000010011001100100000000000001,128,8192,25,152,true,single,36,1.0e-10,64
VQE_reduced_surrogate,73002,1770,1,0.0001220703125,575.9331437500061,562.5742999999998,not_in_gurobi_pool,,1101100000100101011,00100000000000010,110110000010010101100100000000000010,128,8192,25,152,true,single,36,1.0e-10,64
VQE_reduced_surrogate,73002,1566,1,0.0001220703125,544.2863187499952,562.9886999999998,not_in_gurobi_pool,,0110110100101010001,10000000010111000,011011010010101000110000000010111000,128,8192,25,152,true,single,36,1.0e-10,64
VQE_reduced_surrogate,73002,1644,1,0.0001220703125,556.0454937499946,564.0608,not_in_gurobi_pool,,1100010110001011000,10000001011100000,110001011000101100010000001011100000,128,8192,25,152,true,single,36,1.0e-10,64
VQE_reduced_surrogate,73002,1578,1,0.0001220703125,545.452018750005,564.1543999999999,not_in_gurobi_pool,,1001110110000011000,10000101010000000,100111011000001100010000101010000000,128,8192,25,152,true,single,36,1.0e-10,64
VQE_reduced_surrogate,73002,1782,1,0.0001220703125,577.6411437500035,564.2822999999996,not_in_gurobi_pool,,1101111000001011011,00010101100100100,110111100000101101100010101100100100,128,8192,25,152,true,single,36,1.0e-10,64
VQE_reduced_surrogate,73002,1580,1,0.0001220703125,545.7634187499909,564.4658000000002,not_in_gurobi_pool,,0010011100001100001,10010111010100000,001001110000110000110010111010100000,128,8192,25,152,true,single,36,1.0e-10,64
VQE_reduced_surrogate,73002,1830,1,0.0001220703125,589.0356187499792,564.9896999999999,not_in_gurobi_pool,,0110100110001000001,10101000011100000,011010011000100000110101000011100000,128,8192,25,152,true,single,36,1.0e-10,64
VQE_reduced_surrogate,73002,1649,1,0.0001220703125,557.0054937500045,565.0207999999998,not_in_gurobi_pool,,0100100100100110010,00100000010000001,010010010010011001000100000010000001,128,8192,25,152,true,single,36,1.0e-10,64
VQE_reduced_surrogate,73002,1651,1,0.0001220703125,557.7769937500102,565.7922999999998,not_in_gurobi_pool,,0011110100010100000,10010100010100000,001111010001010000010010100010100000,128,8192,25,152,true,single,36,1.0e-10,64
VQE_reduced_surrogate,73002,1722,1,0.0001220703125,568.5930687499999,565.9212999999997,not_in_gurobi_pool,,0011111000001100011,00010111000100011,001111100000110001100010111000100011,128,8192,25,152,true,single,36,1.0e-10,64
VQE_reduced_surrogate,73002,1789,1,0.0001220703125,579.2801437499968,565.9212999999997,not_in_gurobi_pool,,0011001000000100011,00010111000000011,001100100000010001100010111000000011,128,8192,25,152,true,single,36,1.0e-10,64
VQE_reduced_surrogate,73002,1654,1,0.0001220703125,557.9133937499887,565.9287000000003,not_in_gurobi_pool,,0110111000001010011,00010101010110101,011011100000101001100010101010110101,128,8192,25,152,true,single,36,1.0e-10,64
VQE_reduced_surrogate,73002,1723,1,0.0001220703125,568.6940687499955,566.0222999999999,not_in_gurobi_pool,,0011111000001010011,00010111000100101,001111100000101001100010111000100101,128,8192,25,152,true,single,36,1.0e-10,64
VQE_reduced_surrogate,73002,1589,1,0.0001220703125,547.3384187499958,566.0407999999998,not_in_gurobi_pool,,1100010110100100001,10000000010101000,110001011010010000110000000010101000,128,8192,25,152,true,single,36,1.0e-10,64
VQE_reduced_surrogate,73002,1590,1,0.0001220703125,547.3384187500021,566.0407999999998,not_in_gurobi_pool,,1100010110101100001,10000000010101000,110001011010110000110000000010101000,128,8192,25,152,true,single,36,1.0e-10,64
VQE_reduced_surrogate,73002,1655,1,0.0001220703125,558.0254937499953,566.0407999999998,not_in_gurobi_pool,,1100000110101100001,10100000010000000,110000011010110000110100000010000000,128,8192,25,152,true,single,36,1.0e-10,64
VQE_reduced_surrogate,73002,1724,1,0.0001220703125,568.7495687500029,566.0777999999998,not_in_gurobi_pool,,1100101000101101000,10000001000000000,110010100010110100010000001000000000,128,8192,25,152,true,single,36,1.0e-10,64
VQE_reduced_surrogate,73002,1725,1,0.0001220703125,568.7615687500042,566.0898000000002,not_in_gurobi_pool,,1100110100000101111,00010001011100010,110011010000010111100010001011100010,128,8192,25,152,true,single,36,1.0e-10,64
VQE_reduced_surrogate,73002,1508,1,0.0001220703125,536.7093437499884,566.0987999999998,not_in_gurobi_pool,,1100010000101000100,00000000010101000,110001000010100010000000000010101000,128,8192,25,152,true,single,36,1.0e-10,64
VQE_reduced_surrogate,73002,1592,1,0.0001220703125,547.4394187499981,566.1417999999998,not_in_gurobi_pool,,1100010110101010000,10000000010101000,110001011010101000010000000010101000,128,8192,25,152,true,single,36,1.0e-10,64
VQE_reduced_surrogate,73002,1656,1,0.0001220703125,558.1264937500027,566.1417999999998,not_in_gurobi_pool,,1100100110101010000,10100000010000000,110010011010101000010100000010000000,128,8192,25,152,true,single,36,1.0e-10,64
VQE_reduced_surrogate,73002,1657,1,0.0001220703125,558.1264937499918,566.1417999999998,not_in_gurobi_pool,,1100000110101010001,10100000010000000,110000011010101000110100000010000000,128,8192,25,152,true,single,36,1.0e-10,64
VQE_reduced_surrogate,73002,1658,1,0.0001220703125,558.1264937499946,566.1417999999998,not_in_gurobi_pool,,1100000110101010000,10100000010000000,110000011010101000010100000010000000,128,8192,25,152,true,single,36,1.0e-10,64
VQE_reduced_surrogate,73002,1593,1,0.0001220703125,547.6609187500051,566.3633000000001,not_in_gurobi_pool,,1101111000101010011,00000001000101101,110111100010101001100000001000101101,128,8192,25,152,true,single,36,1.0e-10,64
VQE_reduced_surrogate,73002,1660,1,0.0001220703125,558.4209937499834,566.4362999999998,not_in_gurobi_pool,,1101000101001010000,10100001010000000,110100010100101000010100001010000000,128,8192,25,152,true,single,36,1.0e-10,64
VQE_reduced_surrogate,73002,1728,1,0.0001220703125,569.1286687500165,566.4568999999999,not_in_gurobi_pool,,0000100100001100101,01110101011000000,000010010000110010101110101011000000,128,8192,25,152,true,single,36,1.0e-10,64
VQE_reduced_surrogate,73002,1594,1,0.0001220703125,547.9694187499979,566.6717999999997,not_in_gurobi_pool,,1100011000101001011,00000001000101110,110001100010100101100000001000101110,128,8192,25,152,true,single,36,1.0e-10,64
VQE_reduced_surrogate,73002,1595,1,0.0001220703125,548.0919187500051,566.7943000000001,not_in_gurobi_pool,,1101111000101001011,00000001000101110,110111100010100101100000001000101110,128,8192,25,152,true,single,36,1.0e-10,64
VQE_reduced_surrogate,73002,1731,1,0.0001220703125,569.5505687499767,566.8788,not_in_gurobi_pool,,1100011000011000001,10011101110100000,110001100001100000110011101110100000,128,8192,25,152,true,single,36,1.0e-10,64
VQE_reduced_surrogate,73002,1732,1,0.0001220703125,569.8870687499868,567.2152999999997,not_in_gurobi_pool,,0101000100011010011,00110001010000101,010100010001101001100110001010000101,128,8192,25,152,true,single,36,1.0e-10,64
VQE_reduced_surrogate,73002,1736,1,0.0001220703125,570.4120687500008,567.7402999999999,not_in_gurobi_pool,,1101111100010100000,10010101100100000,110111110001010000010010101100100000,128,8192,25,152,true,single,36,1.0e-10,64
VQE_reduced_surrogate,73002,1668,1,0.0001220703125,559.7625937500145,567.7778999999998,not_in_gurobi_pool,,0000111000100100000,11000101000001000,000011100010010000011000101000001000,128,8192,25,152,true,single,36,1.0e-10,64
VQE_reduced_surrogate,73002,1600,1,0.0001220703125,549.1044187499999,567.8067999999998,not_in_gurobi_pool,,0100111000100100000,10000001000101000,010011100010010000010000001000101000,128,8192,25,152,true,single,36,1.0e-10,64
VQE_reduced_surrogate,73002,1738,1,0.0001220703125,570.5240687499984,567.8523,not_in_gurobi_pool,,1011111000011010000,10010111000100000,101111100001101000010010111000100000,128,8192,25,152,true,single,36,1.0e-10,64
VQE_reduced_surrogate,73002,1602,1,0.0001220703125,549.2054187499969,567.9077999999998,not_in_gurobi_pool,,0100111000101010000,10000001000101000,010011100010101000010000001000101000,128,8192,25,152,true,single,36,1.0e-10,64
VQE_reduced_surrogate,73002,1603,1,0.0001220703125,549.2133187499967,567.9156999999998,not_in_gurobi_pool,,1110010000110001011,00000000010111110,111001000011000101100000000010111110,128,8192,25,152,true,single,36,1.0e-10,64
VQE_reduced_surrogate,73002,1742,1,0.0001220703125,570.8855687500034,568.2137999999995,not_in_gurobi_pool,,1100100110101110011,00100000010000001,110010011010111001100100000010000001,128,8192,25,152,true,single,36,1.0e-10,64
VQE_reduced_surrogate,73002,1796,1,0.0001220703125,581.6216437499997,568.2627999999997,not_in_gurobi_pool,,0100100100010101011,00110001011000010,010010010001010101100110001011000010,128,8192,25,152,true,single,36,1.0e-10,64
VQE_reduced_surrogate,73002,1797,1,0.0001220703125,581.6716437500065,568.3127999999997,not_in_gurobi_pool,,0010100110101000000,10101000010000000,001010011010100000010101000010000000,128,8192,25,152,true,single,36,1.0e-10,64
VQE_reduced_surrogate,73002,1605,1,0.0001220703125,549.7420187500079,568.4443999999999,not_in_gurobi_pool,,0001100100001001111,00110101010000110,000110010000100111100110101010000110,128,8192,25,152,true,single,36,1.0e-10,64
VQE_reduced_surrogate,73002,1743,1,0.0001220703125,571.116568749997,568.4447999999998,not_in_gurobi_pool,,1100001100001100100,00010101110000000,110000110000110010000010101110000000,128,8192,25,152,true,single,36,1.0e-10,64
VQE_reduced_surrogate,73002,1799,1,0.0001220703125,581.9661437499967,568.6072999999999,not_in_gurobi_pool,,0011100101001000000,10101100010000000,001110010100100000010101100010000000,128,8192,25,152,true,single,36,1.0e-10,64
VQE_reduced_surrogate,73002,1671,1,0.0001220703125,560.6294937500097,568.6447999999998,not_in_gurobi_pool,,1100010110101101011,00000000010101010,110001011010110101100000000010101010,128,8192,25,152,true,single,36,1.0e-10,64
VQE_reduced_surrogate,73002,1607,1,0.0001220703125,550.0004187500001,568.7027999999998,not_in_gurobi_pool,,1100010000101001111,00000000010101110,110001000010100111100000000010101110,128,8192,25,152,true,single,36,1.0e-10,64
VQE_reduced_surrogate,73002,1745,1,0.0001220703125,571.4200687500004,568.7482999999997,not_in_gurobi_pool,,1011110000110101011,00000000000101010,101111000011010101100000000000101010,128,8192,25,152,true,single,36,1.0e-10,64
VQE_reduced_surrogate,73002,1673,1,0.0001220703125,561.0335937500108,569.0488999999998,not_in_gurobi_pool,,0000001100101101001,11000101000000000,000000110010110100111000101000000000,128,8192,25,152,true,single,36,1.0e-10,64
VQE_reduced_surrogate,73002,1674,1,0.0001220703125,561.1345937500137,569.1498999999999,not_in_gurobi_pool,,0000001100101011000,11000101000000000,000000110010101100011000101000000000,128,8192,25,152,true,single,36,1.0e-10,64
VQE_reduced_surrogate,73002,1675,1,0.0001220703125,561.3479937499917,569.3632999999996,not_in_gurobi_pool,,0101001100101010011,00000001000000101,010100110010101001100000001000000101,128,8192,25,152,true,single,36,1.0e-10,64
VQE_reduced_surrogate,73002,1676,1,0.0001220703125,561.3589937499944,569.3742999999996,not_in_gurobi_pool,,0011001100101010011,00000100000000101,001100110010101001100000100000000101,128,8192,25,152,true,single,36,1.0e-10,64
VQE_reduced_surrogate,73002,1677,1,0.0001220703125,561.5494937499952,569.5647999999997,not_in_gurobi_pool,,1100100101100100001,10100000010000000,110010010110010000110100000010000000,128,8192,25,152,true,single,36,1.0e-10,64
VQE_reduced_surrogate,73002,1612,1,0.0001220703125,550.880318750003,569.5826999999998,not_in_gurobi_pool,,0110110000111001000,10000000010111000,011011000011100100010000000010111000,128,8192,25,152,true,single,36,1.0e-10,64
VQE_reduced_surrogate,73002,1678,1,0.0001220703125,561.650493749994,569.6657999999998,not_in_gurobi_pool,,1100100101101010000,10100000010000000,110010010110101000010100000010000000,128,8192,25,152,true,single,36,1.0e-10,64
VQE_reduced_surrogate,73002,1747,1,0.0001220703125,572.3505687500003,569.6787999999997,not_in_gurobi_pool,,1100100110001100100,00100001011000000,110010011000110010000100001011000000,128,8192,25,152,true,single,36,1.0e-10,64
VQE_reduced_surrogate,73002,1860,1,0.0001220703125,593.7732187499903,569.7272999999998,not_in_gurobi_pool,,0101000100111000011,00101000000000111,010100010011100001100101000000000111,128,8192,25,152,true,single,36,1.0e-10,64
VQE_reduced_surrogate,73002,1748,1,0.0001220703125,572.4311687499908,569.7593999999997,not_in_gurobi_pool,,1001000101101010000,10100000000000000,100100010110101000010100000000000000,128,8192,25,152,true,single,36,1.0e-10,64
VQE_reduced_surrogate,73002,1680,1,0.0001220703125,561.8634937499996,569.8788,not_in_gurobi_pool,,1100111000001010111,00010101110100101,110011100000101011100010101110100101,128,8192,25,152,true,single,36,1.0e-10,64
VQE_reduced_surrogate,73002,1749,1,0.0001220703125,572.6430687500019,569.9712999999997,not_in_gurobi_pool,,0011110100100100101,00000000000101000,001111010010010010100000000000101000,128,8192,25,152,true,single,36,1.0e-10,64
VQE_reduced_surrogate,73002,1805,1,0.0001220703125,583.4011437499946,570.0423000000001,not_in_gurobi_pool,,0011111110001000001,10001111000100000,001111111000100000110001111000100000,128,8192,25,152,true,single,36,1.0e-10,64
VQE_reduced_surrogate,73002,1615,1,0.0001220703125,551.5794187500071,570.2817999999997,not_in_gurobi_pool,,0100110000111101000,10000000010101000,010011000011110100010000000010101000,128,8192,25,152,true,single,36,1.0e-10,64
VQE_reduced_surrogate,73002,1753,1,0.0001220703125,572.9750687500023,570.3032999999999,not_in_gurobi_pool,,1101010100011001101,00010001010100000,110101010001100110100010001010100000,128,8192,25,152,true,single,36,1.0e-10,64
VQE_reduced_surrogate,73002,1806,1,0.0001220703125,583.8222437500124,570.4633999999996,not_in_gurobi_pool,,0001110000101001100,00000000000001000,000111000010100110000000000000001000,128,8192,25,152,true,single,36,1.0e-10,64
VQE_reduced_surrogate,73002,1682,1,0.0001220703125,562.496493749996,570.5118,not_in_gurobi_pool,,0100011100101011011,00000001000101100,010001110010101101100000001000101100,128,8192,25,152,true,single,36,1.0e-10,64
VQE_reduced_surrogate,73002,1754,1,0.0001220703125,573.2906687500079,570.6188999999999,not_in_gurobi_pool,,0000111010000100000,11000111110000000,000011101000010000011000111110000000,128,8192,25,152,true,single,36,1.0e-10,64
VQE_reduced_surrogate,73002,1684,1,0.0001220703125,562.7539937499898,570.7692999999998,not_in_gurobi_pool,,0101000101001010011,00100001010000101,010100010100101001100100001010000101,128,8192,25,152,true,single,36,1.0e-10,64
VQE_reduced_surrogate,73002,1621,1,0.0001220703125,552.2034187499976,570.9057999999997,not_in_gurobi_pool,,0100110010101001011,00000000010101110,010011001010100101100000000010101110,128,8192,25,152,true,single,36,1.0e-10,64
VQE_reduced_surrogate,73002,1686,1,0.0001220703125,562.9844937500063,570.9997999999998,not_in_gurobi_pool,,1100111110100100000,10000001000101000,110011111010010000010000001000101000,128,8192,25,152,true,single,36,1.0e-10,64
VQE_reduced_surrogate,73002,1756,1,0.0001220703125,573.6810687499988,571.0092999999998,not_in_gurobi_pool,,0011000100110001011,00100000000000110,001100010011000101100100000000000110,128,8192,25,152,true,single,36,1.0e-10,64
VQE_reduced_surrogate,73002,1916,1,0.0001220703125,605.8556937500027,571.1227,not_in_gurobi_pool,,1110010000011010111,00010000011110101,111001000001101011100010000011110101,128,8192,25,152,true,single,36,1.0e-10,64
VQE_reduced_surrogate,73002,1917,1,0.0001220703125,605.8556937500066,571.1227,not_in_gurobi_pool,,1110010100011010111,00010000011110101,111001010001101011100010000011110101,128,8192,25,152,true,single,36,1.0e-10,64
VQE_reduced_surrogate,73002,1758,1,0.0001220703125,573.8190687499989,571.1472999999999,not_in_gurobi_pool,,1101100110010110011,00100001010000001,110110011001011001100100001010000001,128,8192,25,152,true,single,36,1.0e-10,64
VQE_reduced_surrogate,73002,1867,1,0.0001220703125,595.230818749998,571.1848999999997,not_in_gurobi_pool,,0000010110100110011,01000000010001001,000001011010011001101000000010001001,128,8192,25,152,true,single,36,1.0e-10,64
VQE_reduced_surrogate,73002,1759,1,0.0001220703125,573.8770687499998,571.2053000000001,not_in_gurobi_pool,,1101010000011010111,00010001010100101,110101000001101011100010001010100101,128,8192,25,152,true,single,36,1.0e-10,64
VQE_reduced_surrogate,73002,1622,1,0.0001220703125,552.5213187499978,571.2236999999998,not_in_gurobi_pool,,0110100100111110011,00100000010100001,011010010011111001100100000010100001,128,8192,25,152,true,single,36,1.0e-10,64
VQE_reduced_surrogate,73002,1807,1,0.0001220703125,584.5941437499869,571.2352999999998,not_in_gurobi_pool,,0101000010011000001,10101001010000000,010100001001100000110101001010000000,128,8192,25,152,true,single,36,1.0e-10,64
VQE_reduced_surrogate,73002,1688,1,0.0001220703125,563.4115937500019,571.4269000000002,not_in_gurobi_pool,,1000100010010101011,01100101011000010,100010001001010101101100101011000010,128,8192,25,152,true,single,36,1.0e-10,64
VQE_reduced_surrogate,73002,1623,1,0.0001220703125,552.9234187500031,571.6257999999996,not_in_gurobi_pool,,0010010000110101011,00000000010101010,001001000011010101100000000010101010,128,8192,25,152,true,single,36,1.0e-10,64
VQE_reduced_surrogate,73002,1625,1,0.0001220703125,553.0244187499959,571.7267999999997,not_in_gurobi_pool,,0010010000110011011,00000000010101100,001001000011001101100000000010101100,128,8192,25,152,true,single,36,1.0e-10,64
VQE_reduced_surrogate,73002,1626,1,0.0001220703125,553.0533187499964,571.7556999999999,not_in_gurobi_pool,,0110100000111011011,00100000010100100,011010000011101101100100000010100100,128,8192,25,152,true,single,36,1.0e-10,64
VQE_reduced_surrogate,73002,1810,1,0.0001220703125,585.306743750024,571.9478999999999,not_in_gurobi_pool,,0000101100001001100,01010111110000000,000010110000100110001010111110000000,128,8192,25,152,true,single,36,1.0e-10,64
VQE_reduced_surrogate,73002,1764,1,0.0001220703125,574.7560687499988,572.0842999999998,not_in_gurobi_pool,,0011111000011100011,00010111000100011,001111100001110001100010111000100011,128,8192,25,152,true,single,36,1.0e-10,64
VQE_reduced_surrogate,73002,1628,1,0.0001220703125,553.3839187500018,572.0862999999999,not_in_gurobi_pool,,0011010110011010000,10000100010100000,001101011001101000010000100010100000,128,8192,25,152,true,single,36,1.0e-10,64
VQE_reduced_surrogate,73002,1691,1,0.0001220703125,564.0763937499923,572.0917000000003,not_in_gurobi_pool,,0110111100010010011,00010101010110101,011011110001001001100010101010110101,128,8192,25,152,true,single,36,1.0e-10,64
VQE_reduced_surrogate,73002,1692,1,0.0001220703125,564.0763937499912,572.0917000000003,not_in_gurobi_pool,,0110111000011010011,00010101010110101,011011100001101001100010101010110101,128,8192,25,152,true,single,36,1.0e-10,64
VQE_reduced_surrogate,73002,1629,1,0.0001220703125,553.6004187499975,572.3027999999998,not_in_gurobi_pool,,1100011000110100011,00000001000101011,110001100011010001100000001000101011,128,8192,25,152,true,single,36,1.0e-10,64
VQE_reduced_surrogate,73002,1815,1,0.0001220703125,585.7275437500068,572.3687,not_in_gurobi_pool,,1110101100101001100,00000000000100000,111010110010100110000000000000100000,128,8192,25,152,true,single,36,1.0e-10,64
VQE_reduced_surrogate,73002,1630,1,0.0001220703125,553.8149187499964,572.5173,not_in_gurobi_pool,,0011010110011001001,10000100010100000,001101011001100100110000100010100000,128,8192,25,152,true,single,36,1.0e-10,64
VQE_reduced_surrogate,73002,1870,1,0.0001220703125,596.5926187500038,572.5467,not_in_gurobi_pool,,1110110111001010000,10000000011110000,111011011100101000010000000011110000,128,8192,25,152,true,single,36,1.0e-10,64
VQE_reduced_surrogate,73002,1816,1,0.0001220703125,585.9751437499956,572.6162999999999,not_in_gurobi_pool,,0011001100011001011,00010111000000110,001100110001100101100010111000000110,128,8192,25,152,true,single,36,1.0e-10,64
VQE_reduced_surrogate,73002,1817,1,0.0001220703125,585.9751437499999,572.6162999999999,not_in_gurobi_pool,,0011001000011001011,00010111000000110,001100100001100101100010111000000110,128,8192,25,152,true,single,36,1.0e-10,64
VQE_reduced_surrogate,73002,1553,1,0.0001220703125,543.2273437499941,572.6168,not_in_gurobi_pool,,1010011001001010011,00000111010100101,101001100100101001100000111010100101,128,8192,25,152,true,single,36,1.0e-10,64
VQE_reduced_surrogate,73002,1631,1,0.0001220703125,554.0334187500036,572.7357999999999,not_in_gurobi_pool,,1100010010111001000,10000000010101000,110001001011100100010000000010101000,128,8192,25,152,true,single,36,1.0e-10,64
VQE_reduced_surrogate,73002,1818,1,0.0001220703125,586.1411437500165,572.7822999999999,not_in_gurobi_pool,,0011100000010100101,00110100010000000,001110000001010010100110100010000000,128,8192,25,152,true,single,36,1.0e-10,64
VQE_reduced_surrogate,73002,1700,1,0.0001220703125,564.8054937499817,572.8208,not_in_gurobi_pool,,0100001010000110011,00000101110000001,010000101000011001100000101110000001,128,8192,25,152,true,single,36,1.0e-10,64
VQE_reduced_surrogate,73002,1769,1,0.0001220703125,575.6590687500034,572.9873,not_in_gurobi_pool,,1101101110101001010,00000001000000110,110110111010100101000000001000000110,128,8192,25,152,true,single,36,1.0e-10,64
VQE_reduced_surrogate,73002,1821,1,0.0001220703125,586.3586437499741,572.9998,not_in_gurobi_pool,,1100010011000000011,00001001011100111,110001001100000001100001001011100111,128,8192,25,152,true,single,36,1.0e-10,64
VQE_reduced_surrogate,73002,1703,1,0.0001220703125,565.1144937500053,573.1297999999999,not_in_gurobi_pool,,1100011100100100111,00000001000101011,110001110010010011100000001000101011,128,8192,25,152,true,single,36,1.0e-10,64
VQE_reduced_surrogate,73002,1824,1,0.0001220703125,586.7231437499984,573.3642999999997,not_in_gurobi_pool,,0011001100111000001,10001100000000000,001100110011100000110001100000000000,128,8192,25,152,true,single,36,1.0e-10,64
VQE_reduced_surrogate,73002,1772,1,0.0001220703125,576.2755687500076,573.6037999999996,not_in_gurobi_pool,,1100111110101101011,00000001000101010,110011111010110101100000001000101010,128,8192,25,152,true,single,36,1.0e-10,64
VQE_reduced_surrogate,73002,1563,1,0.0001220703125,544.2779437500117,573.6673999999998,not_in_gurobi_pool,,1001001000110101011,00000101000000010,100100100011010101100000101000000010,128,8192,25,152,true,single,36,1.0e-10,64
VQE_reduced_surrogate,73002,1706,1,0.0001220703125,565.8349937500034,573.8502999999997,not_in_gurobi_pool,,0011100110010001010,00100100010000110,001110011001000101000100100010000110,128,8192,25,152,true,single,36,1.0e-10,64
VQE_reduced_surrogate,73002,1707,1,0.0001220703125,565.8419937499993,573.8572999999999,not_in_gurobi_pool,,1101110101001001100,00000001010100000,110111010100100110000000001010100000,128,8192,25,152,true,single,36,1.0e-10,64
VQE_reduced_surrogate,73002,1708,1,0.0001220703125,565.9255937500166,573.9408999999998,not_in_gurobi_pool,,0000111000110100000,11000101000001000,000011100011010000011000101000001000,128,8192,25,152,true,single,36,1.0e-10,64
VQE_reduced_surrogate,73002,1635,1,0.0001220703125,555.2674187499945,573.9697999999999,not_in_gurobi_pool,,0100011100110100001,10000001000101000,010001110011010000110000001000101000,128,8192,25,152,true,single,36,1.0e-10,64
VQE_reduced_surrogate,73002,1774,1,0.0001220703125,576.6416687499989,573.9698999999997,not_in_gurobi_pool,,0000100001101010011,01100000010000101,000010000110101001101100000010000101,128,8192,25,152,true,single,36,1.0e-10,64
VQE_reduced_surrogate,73002,1775,1,0.0001220703125,576.6715687499996,573.9997999999997,not_in_gurobi_pool,,0100001110100100000,10000001000000000,010000111010010000010000001000000000,128,8192,25,152,true,single,36,1.0e-10,64
VQE_reduced_surrogate,73002,1777,1,0.0001220703125,576.7655687500016,574.0937999999999,not_in_gurobi_pool,,0010010000011010110,00010100011100101,001001000001101011000010100011100101,128,8192,25,152,true,single,36,1.0e-10,64
VQE_reduced_surrogate,73002,1778,1,0.0001220703125,576.7725687499988,574.1007999999997,not_in_gurobi_pool,,0100001110101010000,10000001000000000,010000111010101000010000001000000000,128,8192,25,152,true,single,36,1.0e-10,64
VQE_reduced_surrogate,73002,1636,1,0.0001220703125,555.4009187499976,574.1032999999998,not_in_gurobi_pool,,0011111100111100001,10000100000101000,001111110011110000110000100000101000,128,8192,25,152,true,single,36,1.0e-10,64
VQE_reduced_surrogate,73002,1779,1,0.0001220703125,576.7835687500087,574.1117999999997,not_in_gurobi_pool,,0010001110101010000,10000100000000000,001000111010101000010000100000000000,128,8192,25,152,true,single,36,1.0e-10,64
VQE_reduced_surrogate,73002,1571,1,0.0001220703125,544.7823437499894,574.1717999999998,not_in_gurobi_pool,,0100111001001100000,10000101110100000,010011100100110000010000101110100000,128,8192,25,152,true,single,36,1.0e-10,64
VQE_reduced_surrogate,73002,1637,1,0.0001220703125,555.4909187500018,574.1932999999999,not_in_gurobi_pool,,0101111100111010000,10000001000101000,010111110011101000010000001000101000,128,8192,25,152,true,single,36,1.0e-10,64
VQE_reduced_surrogate,73002,1638,1,0.0001220703125,555.5019187500013,574.2042999999999,not_in_gurobi_pool,,0011111100111010000,10000100000101000,001111110011101000010000100000101000,128,8192,25,152,true,single,36,1.0e-10,64
VQE_reduced_surrogate,73002,1572,1,0.0001220703125,544.8833437499877,574.2728,not_in_gurobi_pool,,0100111001001010000,10000101110100000,010011100100101000010000101110100000,128,8192,25,152,true,single,36,1.0e-10,64
VQE_reduced_surrogate,73002,1573,1,0.0001220703125,544.8943437499945,574.2837999999999,not_in_gurobi_pool,,0010111001001010000,10000111010100000,001011100100101000010000111010100000,128,8192,25,152,true,single,36,1.0e-10,64
VQE_reduced_surrogate,73002,1641,1,0.0001220703125,555.799418749998,574.5017999999999,not_in_gurobi_pool,,0100111000110001001,10000001000101000,010011100011000100110000001000101000,128,8192,25,152,true,single,36,1.0e-10,64
VQE_reduced_surrogate,73002,1780,1,0.0001220703125,577.1855687499981,574.5138,not_in_gurobi_pool,,0100010000011001110,00010001011100110,010001000001100111000010001011100110,128,8192,25,152,true,single,36,1.0e-10,64
VQE_reduced_surrogate,73002,1709,1,0.0001220703125,566.5084937499985,574.5237999999999,not_in_gurobi_pool,,1100111101101100000,10000001000101000,110011110110110000010000001000101000,128,8192,25,152,true,single,36,1.0e-10,64
VQE_reduced_surrogate,73002,1781,1,0.0001220703125,577.2035687500024,574.5317999999997,not_in_gurobi_pool,,0100001110100001000,10000001000000000,010000111010000100010000001000000000,128,8192,25,152,true,single,36,1.0e-10,64
VQE_reduced_surrogate,73002,1710,1,0.0001220703125,566.6224937499924,574.6377999999997,not_in_gurobi_pool,,1100001010000100100,00000101110000000,110000101000010010000000101110000000,128,8192,25,152,true,single,36,1.0e-10,64
VQE_reduced_surrogate,73002,1643,1,0.0001220703125,555.9354187499939,574.6378,not_in_gurobi_pool,,1100011110000100101,00000101110100000,110001111000010010100000101110100000,128,8192,25,152,true,single,36,1.0e-10,64
VQE_reduced_surrogate,73002,1711,1,0.0001220703125,566.6420937500177,574.6573999999998,not_in_gurobi_pool,,0001111000110000010,00001101000001111,000111100011000001000001101000001111,128,8192,25,152,true,single,36,1.0e-10,64
VQE_reduced_surrogate,73002,1645,1,0.0001220703125,556.163418749999,574.8657999999998,not_in_gurobi_pool,,1100010000110001110,00000000010101110,110001000011000111000000000010101110,128,8192,25,152,true,single,36,1.0e-10,64
VQE_reduced_surrogate,73002,1713,1,0.0001220703125,567.1544937499953,575.1697999999999,not_in_gurobi_pool,,1100001010001001101,00000101110000000,110000101000100110100000101110000000,128,8192,25,152,true,single,36,1.0e-10,64
VQE_reduced_surrogate,73002,1827,1,0.0001220703125,588.5337437500036,575.1748999999998,not_in_gurobi_pool,,0000010010110100001,11000000010001000,000001001011010000111000000010001000,128,8192,25,152,true,single,36,1.0e-10,64
VQE_reduced_surrogate,73002,1785,1,0.0001220703125,577.998068750006,575.3263,not_in_gurobi_pool,,0101110110111100001,10000000000101000,010111011011110000110000000000101000,128,8192,25,152,true,single,36,1.0e-10,64
VQE_reduced_surrogate,73002,1714,1,0.0001220703125,567.3264937499985,575.3417999999999,not_in_gurobi_pool,,0100111100111011000,10000001000101000,010011110011101100010000001000101000,128,8192,25,152,true,single,36,1.0e-10,64
VQE_reduced_surrogate,73002,1715,1,0.0001220703125,567.4625937499909,575.4778999999999,not_in_gurobi_pool,,0000000111001010000,11100101011000000,000000011100101000011100101011000000,128,8192,25,152,true,single,36,1.0e-10,64
VQE_reduced_surrogate,73002,1716,1,0.0001220703125,567.5394937500082,575.5547999999999,not_in_gurobi_pool,,0010101101001011000,10000111010000000,001010110100101100010000111010000000,128,8192,25,152,true,single,36,1.0e-10,64
VQE_reduced_surrogate,73002,1650,1,0.0001220703125,557.1264187499858,575.8287999999998,not_in_gurobi_pool,,1100010001111010000,10000000010101000,110001000111101000010000000010101000,128,8192,25,152,true,single,36,1.0e-10,64
VQE_reduced_surrogate,73002,1719,1,0.0001220703125,567.9554937499913,575.9708,not_in_gurobi_pool,,1100001110000100110,00000101110000011,110000111000010011000000101110000011,128,8192,25,152,true,single,36,1.0e-10,64
VQE_reduced_surrogate,73002,1786,1,0.0001220703125,578.801568750004,576.1297999999999,not_in_gurobi_pool,,0100101100101100110,00000001000000011,010010110010110011000000001000000011,128,8192,25,152,true,single,36,1.0e-10,64
VQE_reduced_surrogate,73002,1585,1,0.0001220703125,546.8339437500149,576.2233999999997,not_in_gurobi_pool,,0001001000100100111,00000101000000011,000100100010010011100000101000000011,128,8192,25,152,true,single,36,1.0e-10,64
VQE_reduced_surrogate,73002,1787,1,0.0001220703125,579.0251687500077,576.3533999999997,not_in_gurobi_pool,,1001100001110001000,10100000000000000,100110000111000100010100000000000000,128,8192,25,152,true,single,36,1.0e-10,64
VQE_reduced_surrogate,73002,1788,1,0.0001220703125,579.0605687499976,576.3887999999998,not_in_gurobi_pool,,1100001001101001011,00000001000000110,110000100110100101100000001000000110,128,8192,25,152,true,single,36,1.0e-10,64
VQE_reduced_surrogate,73002,1883,1,0.0001220703125,600.4918187500105,576.4458999999999,not_in_gurobi_pool,,0000010110111101000,11000000010001000,000001011011110100011000000010001000,128,8192,25,152,true,single,36,1.0e-10,64
VQE_reduced_surrogate,73002,1652,1,0.0001220703125,557.8344187499986,576.5367999999997,not_in_gurobi_pool,,0100010010110100011,00000000010101011,010001001011010001100000000010101011,128,8192,25,152,true,single,36,1.0e-10,64
VQE_reduced_surrogate,73002,1721,1,0.0001220703125,568.580493749969,576.5957999999998,not_in_gurobi_pool,,1100011001010000000,10001101110100000,110001100101000000010001101110100000,128,8192,25,152,true,single,36,1.0e-10,64
VQE_reduced_surrogate,73002,1588,1,0.0001220703125,547.2452437499949,576.6347,not_in_gurobi_pool,,0110100100110000111,00100000010100111,011010010011000011100100000010100111,128,8192,25,152,true,single,36,1.0e-10,64
VQE_reduced_surrogate,73002,1790,1,0.0001220703125,579.3380687499978,576.6662999999998,not_in_gurobi_pool,,0011110100111001100,00000000000101000,001111010011100110000000000000101000,128,8192,25,152,true,single,36,1.0e-10,64
VQE_reduced_surrogate,73002,1835,1,0.0001220703125,590.0746437499977,576.7158,not_in_gurobi_pool,,0010001110101011011,00000100000000100,001000111010101101100000100000000100,128,8192,25,152,true,single,36,1.0e-10,64
VQE_reduced_surrogate,73002,1791,1,0.0001220703125,579.419568749996,576.7477999999999,not_in_gurobi_pool,,0100000001011011000,10100001011000000,010000000101101100010100001011000000,128,8192,25,152,true,single,36,1.0e-10,64
VQE_reduced_surrogate,73002,1659,1,0.0001220703125,558.1744187500003,576.8767999999998,not_in_gurobi_pool,,0100111001001011011,00000101110100100,010011100100101101100000101110100100,128,8192,25,152,true,single,36,1.0e-10,64
VQE_reduced_surrogate,73002,1888,1,0.0001220703125,600.925618750003,576.8796999999998,not_in_gurobi_pool,,0110110111000010011,00000000011110101,011011011100001001100000000011110101,128,8192,25,152,true,single,36,1.0e-10,64
VQE_reduced_surrogate,73002,1887,1,0.0001220703125,600.9256187500084,576.8797000000003,not_in_gurobi_pool,,0110110111001010011,00000000011110101,011011011100101001100000000011110101,128,8192,25,152,true,single,36,1.0e-10,64
VQE_reduced_surrogate,73002,1727,1,0.0001220703125,569.0933937499981,577.1087,not_in_gurobi_pool,,0110110110110001011,00000000010111110,011011011011000101100000000010111110,128,8192,25,152,true,single,36,1.0e-10,64
VQE_reduced_surrogate,73002,1661,1,0.0001220703125,558.5184187499947,577.2207999999998,not_in_gurobi_pool,,1100011000110000100,00000001000101000,110001100011000010000000001000101000,128,8192,25,152,true,single,36,1.0e-10,64
VQE_reduced_surrogate,73002,1792,1,0.0001220703125,579.93356875001,577.2617999999995,not_in_gurobi_pool,,1010101110101000100,00000100000000000,101010111010100010000000100000000000,128,8192,25,152,true,single,36,1.0e-10,64
VQE_reduced_surrogate,73002,1842,1,0.0001220703125,590.6431437499955,577.2842999999999,not_in_gurobi_pool,,1101000001111010011,00100000000000101,110100000111101001100100000000000101,128,8192,25,152,true,single,36,1.0e-10,64
VQE_reduced_surrogate,73002,1663,1,0.0001220703125,558.6624187499935,577.3648000000001,not_in_gurobi_pool,,1100111111000100000,10000101110100000,110011111100010000010000101110100000,128,8192,25,152,true,single,36,1.0e-10,64
VQE_reduced_surrogate,73002,1730,1,0.0001220703125,569.5204937500005,577.5357999999999,not_in_gurobi_pool,,0100010001001100111,00000001011100011,010001000100110011100000001011100011,128,8192,25,152,true,single,36,1.0e-10,64
VQE_reduced_surrogate,73002,1845,1,0.0001220703125,591.3486437500005,577.9897999999997,not_in_gurobi_pool,,1100101110101100101,00000001000000000,110010111010110010100000001000000000,128,8192,25,152,true,single,36,1.0e-10,64
VQE_reduced_surrogate,73002,1846,1,0.0001220703125,591.3581437500022,577.9992999999998,not_in_gurobi_pool,,0011100000110001111,00100000000000110,001110000011000111100100000000000110,128,8192,25,152,true,single,36,1.0e-10,64
VQE_reduced_surrogate,73002,1733,1,0.0001220703125,569.9994937500014,578.0148000000002,not_in_gurobi_pool,,1100010110010110111,00000001011100001,110001011001011011100000001011100001,128,8192,25,152,true,single,36,1.0e-10,64
VQE_reduced_surrogate,73002,1849,1,0.0001220703125,591.592243750021,578.2333999999998,not_in_gurobi_pool,,0001001100011001100,00010111100000000,000100110001100110000010111100000000,128,8192,25,152,true,single,36,1.0e-10,64
VQE_reduced_surrogate,73002,1734,1,0.0001220703125,570.247493749996,578.2627999999997,not_in_gurobi_pool,,1100101001001010100,00000101110000000,110010100100101010000000101110000000,128,8192,25,152,true,single,36,1.0e-10,64
VQE_reduced_surrogate,73002,1735,1,0.0001220703125,570.3629937499977,578.3782999999996,not_in_gurobi_pool,,0011111010011010011,00000111000100101,001111101001101001100000111000100101,128,8192,25,152,true,single,36,1.0e-10,64
VQE_reduced_surrogate,73002,1794,1,0.0001220703125,581.0500687499925,578.3782999999999,not_in_gurobi_pool,,0011001110010010011,00000111000000101,001100111001001001100000111000000101,128,8192,25,152,true,single,36,1.0e-10,64
VQE_reduced_surrogate,73002,1739,1,0.0001220703125,570.5989937499933,578.6143,not_in_gurobi_pool,,1101111100111001100,00000001000101000,110111110011100110000000001000101000,128,8192,25,152,true,single,36,1.0e-10,64
VQE_reduced_surrogate,73002,1740,1,0.0001220703125,570.5989937499992,578.6143,not_in_gurobi_pool,,1101111100110001100,00000001000101000,110111110011000110000000001000101000,128,8192,25,152,true,single,36,1.0e-10,64
VQE_reduced_surrogate,73002,1741,1,0.0001220703125,570.6904937499946,578.7058,not_in_gurobi_pool,,0100000100111011111,00100000010000100,010000010011101111100100000010000100,128,8192,25,152,true,single,36,1.0e-10,64
VQE_reduced_surrogate,73002,1795,1,0.0001220703125,581.6136687500011,578.9419,not_in_gurobi_pool,,0000101010001100111,01000111110000011,000010101000110011101000111110000011,128,8192,25,152,true,single,36,1.0e-10,64
VQE_reduced_surrogate,73002,1851,1,0.0001220703125,592.6751437500025,579.3162999999998,not_in_gurobi_pool,,1101110110110100100,00000000000101000,110111011011010010000000000000101000,128,8192,25,152,true,single,36,1.0e-10,64
VQE_reduced_surrogate,73002,1852,1,0.0001220703125,592.7447437499936,579.3859,not_in_gurobi_pool,,0000011110010101011,01000111110000010,000001111001010101101000111110000010,128,8192,25,152,true,single,36,1.0e-10,64
VQE_reduced_surrogate,73002,1897,1,0.0001220703125,603.4343187500006,579.3883999999997,not_in_gurobi_pool,,1001010010111010101,00000000000001000,100101001011101010100000000000001000,128,8192,25,152,true,single,36,1.0e-10,64
VQE_reduced_surrogate,73002,1744,1,0.0001220703125,571.3994937499879,579.4148,not_in_gurobi_pool,,0100001010010101011,00000101110000010,010000101001010101100000101110000010,128,8192,25,152,true,single,36,1.0e-10,64
VQE_reduced_surrogate,73002,1854,1,0.0001220703125,592.8027437500164,579.4439,not_in_gurobi_pool,,0000001000011001110,01010111110000110,000000100001100111001010111110000110,128,8192,25,152,true,single,36,1.0e-10,64
VQE_reduced_surrogate,73002,1800,1,0.0001220703125,582.1790687500027,579.5073,not_in_gurobi_pool,,0011100010011001101,00100100010000000,001110001001100110100100100010000000,128,8192,25,152,true,single,36,1.0e-10,64
VQE_reduced_surrogate,73002,1746,1,0.0001220703125,571.7724937500006,579.7878,not_in_gurobi_pool,,1100100110110000110,00100000010000111,110010011011000011000100000010000111,128,8192,25,152,true,single,36,1.0e-10,64
VQE_reduced_surrogate,73002,1902,1,0.0001220703125,603.8942187499922,579.8482999999999,not_in_gurobi_pool,,1101100110111001101,00100000000000000,110110011011100110100100000000000000,128,8192,25,152,true,single,36,1.0e-10,64
VQE_reduced_surrogate,73002,1858,1,0.0001220703125,593.4015437500011,580.0427000000002,not_in_gurobi_pool,,1110100011010010011,00100000011100101,111010001101001001100100000011100101,128,8192,25,152,true,single,36,1.0e-10,64
VQE_reduced_surrogate,73002,1801,1,0.0001220703125,582.8345687500005,580.1627999999998,not_in_gurobi_pool,,0100101010110100001,10000001000000000,010010101011010000110000001000000000,128,8192,25,152,true,single,36,1.0e-10,64
VQE_reduced_surrogate,73002,1802,1,0.0001220703125,582.8345687500032,580.1627999999998,not_in_gurobi_pool,,0100001010111100000,10000001000000000,010000101011110000010000001000000000,128,8192,25,152,true,single,36,1.0e-10,64
VQE_reduced_surrogate,73002,1803,1,0.0001220703125,582.8835687499868,580.2118,not_in_gurobi_pool,,0100101100011101111,00010101110000010,010010110001110111100010101110000010,128,8192,25,152,true,single,36,1.0e-10,64
VQE_reduced_surrogate,73002,1611,1,0.0001220703125,550.8669437500107,580.2563999999998,not_in_gurobi_pool,,0001101010111100001,10000101000000000,000110101011110000110000101000000000,128,8192,25,152,true,single,36,1.0e-10,64
VQE_reduced_surrogate,73002,1859,1,0.0001220703125,593.6745437499965,580.3157000000001,not_in_gurobi_pool,,0110100010011010111,00100000011100101,011010001001101011100100000011100101,128,8192,25,152,true,single,36,1.0e-10,64
VQE_reduced_surrogate,73002,1681,1,0.0001220703125,561.8904187499945,580.5927999999998,not_in_gurobi_pool,,0100010001110001011,00000000010101110,010001000111000101100000000010101110,128,8192,25,152,true,single,36,1.0e-10,64
VQE_reduced_surrogate,73002,1750,1,0.0001220703125,572.6625937500025,580.6778999999999,not_in_gurobi_pool,,0000100110011001110,01100101011000110,000010011001100111001100101011000110,128,8192,25,152,true,single,36,1.0e-10,64
VQE_reduced_surrogate,73002,1751,1,0.0001220703125,572.7939937499982,580.8092999999999,not_in_gurobi_pool,,1101111101111100000,10000001000101000,110111110111110000010000001000101000,128,8192,25,152,true,single,36,1.0e-10,64
VQE_reduced_surrogate,73002,1752,1,0.0001220703125,572.8724937500076,580.8877999999999,not_in_gurobi_pool,,0100110101100100111,00000000010101011,010011010110010011100000000010101011,128,8192,25,152,true,single,36,1.0e-10,64
VQE_reduced_surrogate,73002,1861,1,0.0001220703125,594.3616437499986,581.0027999999999,not_in_gurobi_pool,,0100101110111110000,10000001000000000,010010111011111000010000001000000000,128,8192,25,152,true,single,36,1.0e-10,64
VQE_reduced_surrogate,73002,1910,1,0.0001220703125,605.1466187499998,581.1007000000001,not_in_gurobi_pool,,0110111100110010101,00000000000111000,011011110011001010100000000000111000,128,8192,25,152,true,single,36,1.0e-10,64
VQE_reduced_surrogate,73002,1911,1,0.0001220703125,605.1983187499973,581.1523999999998,not_in_gurobi_pool,,1001010110111001110,00000000000001110,100101011011100111000000000000001110,128,8192,25,152,true,single,36,1.0e-10,64
VQE_reduced_surrogate,73002,1757,1,0.0001220703125,573.7149937499939,581.7302999999998,not_in_gurobi_pool,,0011111110111010011,00000100000101101,001111111011101001100000100000101101,128,8192,25,152,true,single,36,1.0e-10,64
VQE_reduced_surrogate,73002,1760,1,0.0001220703125,573.9835937500179,581.9988999999997,not_in_gurobi_pool,,0000001010110001010,01000101000000110,000000101011000101001000101000000110,128,8192,25,152,true,single,36,1.0e-10,64
VQE_reduced_surrogate,73002,1761,1,0.0001220703125,574.0564937499842,582.0717999999999,not_in_gurobi_pool,,1100101110011101101,00000101110000000,110010111001110110100000101110000000,128,8192,25,152,true,single,36,1.0e-10,64
VQE_reduced_surrogate,73002,1808,1,0.0001220703125,584.966568750004,582.2947999999998,not_in_gurobi_pool,,0100000110111010100,00100000010000000,010000011011101010000100000010000000,128,8192,25,152,true,single,36,1.0e-10,64
VQE_reduced_surrogate,73002,1689,1,0.0001220703125,563.7270187499967,582.4293999999995,not_in_gurobi_pool,,0001101110110110011,00000101000000001,000110111011011001100000101000000001,128,8192,25,152,true,single,36,1.0e-10,64
VQE_reduced_surrogate,73002,1922,1,0.0001220703125,606.4796187499949,582.4337000000002,not_in_gurobi_pool,,0110111100111010111,00000000000111101,011011110011101011100000000000111101,128,8192,25,152,true,single,36,1.0e-10,64
VQE_reduced_surrogate,73002,1869,1,0.0001220703125,596.1256437499944,582.7667999999996,not_in_gurobi_pool,,0100001010111101011,00000001000000010,010000101011110101100000001000000010,128,8192,25,152,true,single,36,1.0e-10,64
VQE_reduced_surrogate,73002,1925,1,0.0001220703125,606.9106187499926,582.8647000000002,not_in_gurobi_pool,,0110111100110001111,00000000000111110,011011110011000111100000000000111110,128,8192,25,152,true,single,36,1.0e-10,64
VQE_reduced_surrogate,73002,1926,1,0.0001220703125,606.9283187499989,582.8824,not_in_gurobi_pool,,1001001011011000000,10001111100000000,100100101101100000010001111100000000,128,8192,25,152,true,single,36,1.0e-10,64
VQE_reduced_surrogate,73002,1694,1,0.0001220703125,564.2160187499946,582.9183999999998,not_in_gurobi_pool,,0001111100111001110,00000101000001110,000111110011100111000000101000001110,128,8192,25,152,true,single,36,1.0e-10,64
VQE_reduced_surrogate,73002,1814,1,0.0001220703125,585.6300687500009,582.9583,not_in_gurobi_pool,,0011101000110001111,00000100000000110,001110100011000111100000100000000110,128,8192,25,152,true,single,36,1.0e-10,64
VQE_reduced_surrogate,73002,1871,1,0.0001220703125,596.8577437499953,583.4988999999998,not_in_gurobi_pool,,1000111111010100000,11000111110000000,100011111101010000011000111110000000,128,8192,25,152,true,single,36,1.0e-10,64
VQE_reduced_surrogate,73002,1819,1,0.0001220703125,586.1985687499978,583.5267999999999,not_in_gurobi_pool,,0100000010110100111,00100000010000011,010000001011010011100100000010000011,128,8192,25,152,true,single,36,1.0e-10,64
VQE_reduced_surrogate,73002,1701,1,0.0001220703125,564.8254187500029,583.5277999999998,not_in_gurobi_pool,,1100011111011100001,10000101110100000,110001111101110000110000101110100000,128,8192,25,152,true,single,36,1.0e-10,64
VQE_reduced_surrogate,73002,1767,1,0.0001220703125,575.5519937500012,583.5672999999998,not_in_gurobi_pool,,0011110111010001010,00000100010100110,001111011101000101000000100010100110,128,8192,25,152,true,single,36,1.0e-10,64
VQE_reduced_surrogate,73002,1820,1,0.0001220703125,586.27116874999,583.5993999999998,not_in_gurobi_pool,,1001101010011011111,00000111100000100,100110101001101111100000111100000100,128,8192,25,152,true,single,36,1.0e-10,64
VQE_reduced_surrogate,73002,1768,1,0.0001220703125,575.623493749996,583.6388,not_in_gurobi_pool,,0010110010111010111,00000000010101101,001011001011101011100000000010101101,128,8192,25,152,true,single,36,1.0e-10,64
VQE_reduced_surrogate,73002,1822,1,0.0001220703125,586.4595687499909,583.7877999999998,not_in_gurobi_pool,,0100101001110010001,10000001000000000,010010100111001000110000001000000000,128,8192,25,152,true,single,36,1.0e-10,64
VQE_reduced_surrogate,73002,1704,1,0.0001220703125,565.1383187499982,583.8407000000002,not_in_gurobi_pool,,0110101110011100100,00000101010100000,011010111001110010000000101010100000,128,8192,25,152,true,single,36,1.0e-10,64
VQE_reduced_surrogate,73002,1873,1,0.0001220703125,597.5122437500036,584.1533999999999,not_in_gurobi_pool,,1001011111011001000,10000111100000000,100101111101100100010000111100000000,128,8192,25,152,true,single,36,1.0e-10,64
VQE_reduced_surrogate,73002,1771,1,0.0001220703125,576.2264937500058,584.2418,not_in_gurobi_pool,,0010010001011001110,00000100011100110,001001000101100111000000100011100110,128,8192,25,152,true,single,36,1.0e-10,64
VQE_reduced_surrogate,73002,1874,1,0.0001220703125,597.6126437500025,584.2537999999998,not_in_gurobi_pool,,1100001010111010101,00000001000000000,110000101011101010100000001000000000,128,8192,25,152,true,single,36,1.0e-10,64
VQE_reduced_surrogate,73002,1875,1,0.0001220703125,597.6341437499925,584.2752999999999,not_in_gurobi_pool,,1101101110111100100,00000001000000000,110110111011110010000000001000000000,128,8192,25,152,true,single,36,1.0e-10,64
VQE_reduced_surrogate,73002,1878,1,0.0001220703125,598.0436437500039,584.6847999999999,not_in_gurobi_pool,,1100101010111001100,00000001000000000,110010101011100110000000001000000000,128,8192,25,152,true,single,36,1.0e-10,64
VQE_reduced_surrogate,73002,1776,1,0.0001220703125,576.763093749993,584.7784,not_in_gurobi_pool,,1001111110111001100,00000101000001000,100111111011100110000000101000001000,128,8192,25,152,true,single,36,1.0e-10,64
VQE_reduced_surrogate,73002,1826,1,0.0001220703125,587.7130687499955,585.0412999999999,not_in_gurobi_pool,,1101101101011000110,00000101100000111,110110110101100011000000101100000111,128,8192,25,152,true,single,36,1.0e-10,64
VQE_reduced_surrogate,73002,1783,1,0.0001220703125,577.6814937500005,585.6967999999997,not_in_gurobi_pool,,1100101101011011101,00000101110000000,110010110101101110100000101110000000,128,8192,25,152,true,single,36,1.0e-10,64
VQE_reduced_surrogate,73002,1784,1,0.0001220703125,577.9584937499847,585.9738000000004,not_in_gurobi_pool,,0100101110010110111,00000101110000001,010010111001011011100000101110000001,128,8192,25,152,true,single,36,1.0e-10,64
VQE_reduced_surrogate,73002,1881,1,0.0001220703125,599.579743750011,586.2208999999998,not_in_gurobi_pool,,0000100001111001101,01100000010000000,000010000111100110101100000010000000,128,8192,25,152,true,single,36,1.0e-10,64
VQE_reduced_surrogate,73002,1882,1,0.0001220703125,599.579743750011,586.2208999999998,not_in_gurobi_pool,,0000100001110001101,01100000010000000,000010000111000110101100000010000000,128,8192,25,152,true,single,36,1.0e-10,64
VQE_reduced_surrogate,73002,1828,1,0.0001220703125,588.9215687499973,586.2497999999998,not_in_gurobi_pool,,0100000001110001101,00100000010000000,010000000111000110100100000010000000,128,8192,25,152,true,single,36,1.0e-10,64
VQE_reduced_surrogate,73002,1829,1,0.0001220703125,588.9215687500052,586.2497999999998,not_in_gurobi_pool,,0100100101110001100,00100000010000000,010010010111000110000100000010000000,128,8192,25,152,true,single,36,1.0e-10,64
VQE_reduced_surrogate,73002,1831,1,0.0001220703125,589.293168750002,586.6213999999998,not_in_gurobi_pool,,0001001111010100001,10000111100000000,000100111101010000110000111100000000,128,8192,25,152,true,single,36,1.0e-10,64
VQE_reduced_surrogate,73002,1720,1,0.0001220703125,567.9663187500025,586.6687000000004,not_in_gurobi_pool,,0110101111011010000,10000101010100000,011010111101101000010000101010100000,128,8192,25,152,true,single,36,1.0e-10,64
VQE_reduced_surrogate,73002,1832,1,0.0001220703125,589.7026687500042,587.0309,not_in_gurobi_pool,,0000101011011001001,11000111110000000,000010101101100100111000111110000000,128,8192,25,152,true,single,36,1.0e-10,64
VQE_reduced_surrogate,73002,1833,1,0.0001220703125,589.8235687499964,587.1517999999999,not_in_gurobi_pool,,0100000001111010111,00100000010000101,010000000111101011100100000010000101,128,8192,25,152,true,single,36,1.0e-10,64
VQE_reduced_surrogate,73002,1834,1,0.0001220703125,589.8245687499966,587.1528,not_in_gurobi_pool,,0100111110111100100,00000001000101000,010011111011110010000000001000101000,128,8192,25,152,true,single,36,1.0e-10,64
VQE_reduced_surrogate,73002,1971,1,0.0001220703125,611.2386187499962,587.1927,not_in_gurobi_pool,,0110101110110100101,00000000000100000,011010111011010010100000000000100000,128,8192,25,152,true,single,36,1.0e-10,64
VQE_reduced_surrogate,73002,1836,1,0.0001220703125,590.1300687499981,587.4582999999998,not_in_gurobi_pool,,0011111101011100101,00000111000100000,001111110101110010100000111000100000,128,8192,25,152,true,single,36,1.0e-10,64
VQE_reduced_surrogate,73002,1885,1,0.0001220703125,600.8171437500043,587.4583,not_in_gurobi_pool,,0011101001011100101,00000111000000000,001110100101110010100000111000000000,128,8192,25,152,true,single,36,1.0e-10,64
VQE_reduced_surrogate,73002,1841,1,0.0001220703125,590.327668750012,587.6558999999999,not_in_gurobi_pool,,0000101010110001101,01000101000000000,000010101011000110101000101000000000,128,8192,25,152,true,single,36,1.0e-10,64
VQE_reduced_surrogate,73002,1840,1,0.0001220703125,590.3276687500065,587.6559,not_in_gurobi_pool,,0000101010111001101,01000101000000000,000010101011100110101000101000000000,128,8192,25,152,true,single,36,1.0e-10,64
VQE_reduced_surrogate,73002,1981,1,0.0001220703125,611.7706187499914,587.7247000000001,not_in_gurobi_pool,,0110101110111001101,00000000000100000,011010111011100110100000000000100000,128,8192,25,152,true,single,36,1.0e-10,64
VQE_reduced_surrogate,73002,1729,1,0.0001220703125,569.2594187500042,587.9617999999998,not_in_gurobi_pool,,0100111011011010011,00000101110100101,010011101101101001100000101110100101,128,8192,25,152,true,single,36,1.0e-10,64
VQE_reduced_surrogate,73002,1844,1,0.0001220703125,591.2296687499966,588.5579,not_in_gurobi_pool,,0000101010111010111,01000101000000101,000010101011101011101000101000000101,128,8192,25,152,true,single,36,1.0e-10,64
VQE_reduced_surrogate,73002,1891,1,0.0001220703125,602.030743749996,588.6719,not_in_gurobi_pool,,0000101111010110011,01000111110000001,000010111101011001101000111110000001,128,8192,25,152,true,single,36,1.0e-10,64
VQE_reduced_surrogate,73002,1892,1,0.0001220703125,602.0307437499941,588.6719,not_in_gurobi_pool,,0000001111010110011,01000111110000001,000000111101011001101000111110000001,128,8192,25,152,true,single,36,1.0e-10,64
VQE_reduced_surrogate,73002,1847,1,0.0001220703125,591.3640687499988,588.6923,not_in_gurobi_pool,,0011110111010100101,00000100010100000,001111011101010010100000100010100000,128,8192,25,152,true,single,36,1.0e-10,64
VQE_reduced_surrogate,73002,1895,1,0.0001220703125,602.4696437499967,589.1107999999998,not_in_gurobi_pool,,1100001101110010110,00000001000000101,110000110111001011000000001000000101,128,8192,25,152,true,single,36,1.0e-10,64
VQE_reduced_surrogate,73002,1853,1,0.0001220703125,592.798068749999,590.1262999999997,not_in_gurobi_pool,,0011110111010010111,00000100010100101,001111011101001011100000100010100101,128,8192,25,152,true,single,36,1.0e-10,64
VQE_reduced_surrogate,73002,1901,1,0.0001220703125,603.8477437499948,590.4889000000003,not_in_gurobi_pool,,1000101111010100100,01000111110000000,100010111101010010001000111110000000,128,8192,25,152,true,single,36,1.0e-10,64
VQE_reduced_surrogate,73002,1914,1,0.0001220703125,605.83524374999,592.4764,not_in_gurobi_pool,,1001101111011001110,00000111100000110,100110111101100111000000111100000110,128,8192,25,152,true,single,36,1.0e-10,64
VQE_reduced_surrogate,73002,1813,1,0.0001220703125,585.6034937500008,593.6188,not_in_gurobi_pool,,0100111111011010100,00000101110100000,010011111101101010000000101110100000,128,8192,25,152,true,single,36,1.0e-10,64
VQE_reduced_surrogate,73002,2047,1,0.0001220703125,619.3998187499997,595.3539000000001,not_in_gurobi_pool,,0000011111011001111,01000111110000110,000001111101100111101000111110000110,128,8192,25,152,true,single,36,1.0e-10,64
VQE_reduced_surrogate,73002,1998,1,0.0001220703125,613.9749437499977,600.6161,not_in_gurobi_pool,,1100100000000011000,10110001011000000,110010000000001100010110001011000000,128,8192,25,152,true,single,36,1.0e-10,64
VQE_reduced_surrogate,73002,2019,1,0.0001220703125,614.9974437499809,601.6385999999998,not_in_gurobi_pool,,0011010100001000001,10011100010100000,001101010000100000110011100010100000,128,8192,25,152,true,single,36,1.0e-10,64
VQE_reduced_surrogate,73002,2024,1,0.0001220703125,615.642843749999,602.2839999999999,not_in_gurobi_pool,,0110100100000100000,10110000011100000,011010010000010000010110000011100000,128,8192,25,152,true,single,36,1.0e-10,64
VQE_reduced_surrogate,73002,1755,1,0.0001220703125,573.3475437499842,602.7369999999996,not_in_gurobi_pool,,1110000000101010000,10100000010100000,111000000010101000010100000010100000,128,8192,25,152,true,single,36,1.0e-10,64
VQE_reduced_surrogate,73002,1919,1,0.0001220703125,606.2014687500048,603.5296999999996,not_in_gurobi_pool,,1001100000101110001,10100000000000000,100110000010111000110100000000000000,128,8192,25,152,true,single,36,1.0e-10,64
VQE_reduced_surrogate,73002,1809,1,0.0001220703125,585.2657187499976,603.9680999999998,not_in_gurobi_pool,,1100110000101011000,10000000010101000,110011000010101100010000000010101000,128,8192,25,152,true,single,36,1.0e-10,64
VQE_reduced_surrogate,73002,1932,1,0.0001220703125,607.5687687499881,604.8969999999997,not_in_gurobi_pool,,0110110000101000000,10001000010111000,011011000010100000010001000010111000,128,8192,25,152,true,single,36,1.0e-10,64
VQE_reduced_surrogate,73002,2107,1,0.0001220703125,629.4929187499827,605.4469999999998,not_in_gurobi_pool,,1110010000010100001,10010000011110000,111001000001010000110010000011110000,128,8192,25,152,true,single,36,1.0e-10,64
VQE_reduced_surrogate,73002,1939,1,0.0001220703125,608.2468687499934,605.5750999999998,not_in_gurobi_pool,,1100001100001011000,10010101110000000,110000110000101100010010101110000000,128,8192,25,152,true,single,36,1.0e-10,64
VQE_reduced_surrogate,73002,1940,1,0.0001220703125,608.3903687500117,605.7185999999997,not_in_gurobi_pool,,0101100100101100000,10100000000000000,010110010010110000010100000000000000,128,8192,25,152,true,single,36,1.0e-10,64
VQE_reduced_surrogate,73002,1941,1,0.0001220703125,608.4013687500174,605.7295999999997,not_in_gurobi_pool,,0011100000100100000,10100000000000000,001110000010010000010100000000000000,128,8192,25,152,true,single,36,1.0e-10,64
VQE_reduced_surrogate,73002,2052,1,0.0001220703125,619.8885437500103,606.5296999999998,not_in_gurobi_pool,,0001110000101110000,10000000000001000,000111000010111000010000000000001000,128,8192,25,152,true,single,36,1.0e-10,64
VQE_reduced_surrogate,73002,1955,1,0.0001220703125,609.4998687499951,606.8281,not_in_gurobi_pool,,1100100000001000110,00110001011000111,110010000000100011000110001011000111,128,8192,25,152,true,single,36,1.0e-10,64
VQE_reduced_surrogate,73002,2053,1,0.0001220703125,620.2584437500013,606.8995999999999,not_in_gurobi_pool,,1011000100000001101,00110100010000000,101100010000000110100110100010000000,128,8192,25,152,true,single,36,1.0e-10,64
VQE_reduced_surrogate,73002,1962,1,0.0001220703125,610.1093687499977,607.4375999999997,not_in_gurobi_pool,,0011111100001010001,10010111000100000,001111110000101000110010111000100000,128,8192,25,152,true,single,36,1.0e-10,64
VQE_reduced_surrogate,73002,1965,1,0.0001220703125,610.3398687499875,607.6680999999999,not_in_gurobi_pool,,1100010000001010110,00010001011100101,110001000000101011000010001011100101,128,8192,25,152,true,single,36,1.0e-10,64
VQE_reduced_surrogate,73002,2063,1,0.0001220703125,621.9068437500016,608.548,not_in_gurobi_pool,,0110100100011010000,10110000011100000,011010010001101000010110000011100000,128,8192,25,152,true,single,36,1.0e-10,64
VQE_reduced_surrogate,73002,1884,1,0.0001220703125,600.5552937500104,608.5705999999998,not_in_gurobi_pool,,0011100110000100000,10100100010000000,001110011000010000010100100010000000,128,8192,25,152,true,single,36,1.0e-10,64
VQE_reduced_surrogate,73002,1972,1,0.0001220703125,611.2497687499983,608.578,not_in_gurobi_pool,,0110100110001010000,10100000011100000,011010011000101000010100000011100000,128,8192,25,152,true,single,36,1.0e-10,64
VQE_reduced_surrogate,73002,1979,1,0.0001220703125,611.5228687500041,608.8510999999999,not_in_gurobi_pool,,1100110000011111011,00010001011100000,110011000001111101100010001011100000,128,8192,25,152,true,single,36,1.0e-10,64
VQE_reduced_surrogate,73002,1837,1,0.0001220703125,590.1976187499927,608.8999999999995,not_in_gurobi_pool,,1110010000111010000,10000000010111000,111001000011101000010000000010111000,128,8192,25,152,true,single,36,1.0e-10,64
VQE_reduced_surrogate,73002,1838,1,0.0001220703125,590.197618749994,608.8999999999995,not_in_gurobi_pool,,1110010000111010001,10000000010111000,111001000011101000110000000010111000,128,8192,25,152,true,single,36,1.0e-10,64
VQE_reduced_surrogate,73002,1980,1,0.0001220703125,611.6843687500075,609.0125999999997,not_in_gurobi_pool,,1101110110101010000,10000000000101000,110111011010101000010000000000101000,128,8192,25,152,true,single,36,1.0e-10,64
VQE_reduced_surrogate,73002,1983,1,0.0001220703125,611.9199687500004,609.2481999999998,not_in_gurobi_pool,,0000110010001110001,11000101011000000,000011001000111000111000101011000000,128,8192,25,152,true,single,36,1.0e-10,64
VQE_reduced_surrogate,73002,2129,1,0.0001220703125,633.5555187500029,609.5095999999999,not_in_gurobi_pool,,0011101100000110011,00010111000000001,001110110000011001100010111000000001,128,8192,25,152,true,single,36,1.0e-10,64
VQE_reduced_surrogate,73002,1986,1,0.0001220703125,612.34986875,609.6780999999999,not_in_gurobi_pool,,0100010000011101000,10010001011100000,010001000001110100010010001011100000,128,8192,25,152,true,single,36,1.0e-10,64
VQE_reduced_surrogate,73002,1987,1,0.0001220703125,612.3509687500023,609.6791999999998,not_in_gurobi_pool,,0000010010001101000,11000101011000000,000001001000110100011000101011000000,128,8192,25,152,true,single,36,1.0e-10,64
VQE_reduced_surrogate,73002,2078,1,0.0001220703125,623.0674437500088,609.7085999999996,not_in_gurobi_pool,,1101100000100100100,00100000000000000,110110000010010010000100000000000000,128,8192,25,152,true,single,36,1.0e-10,64
VQE_reduced_surrogate,73002,2184,1,0.0001220703125,644.5389937500013,609.8059999999999,not_in_gurobi_pool,,0110110000000001100,00010000011110000,011011000000000110000010000011110000,128,8192,25,152,true,single,36,1.0e-10,64
VQE_reduced_surrogate,73002,1988,1,0.0001220703125,612.4813687500014,609.8095999999996,not_in_gurobi_pool,,1101110100101010100,00000000000101000,110111010010101010000000000000101000,128,8192,25,152,true,single,36,1.0e-10,64
VQE_reduced_surrogate,73002,2130,1,0.0001220703125,633.9269187499801,609.881,not_in_gurobi_pool,,0110010000010010011,00010000011110101,011001000001001001100010000011110101,128,8192,25,152,true,single,36,1.0e-10,64
VQE_reduced_surrogate,73002,1991,1,0.0001220703125,612.6103687500051,609.9385999999997,not_in_gurobi_pool,,0101111100101000000,10001001000101000,010111110010100000010001001000101000,128,8192,25,152,true,single,36,1.0e-10,64
VQE_reduced_surrogate,73002,2131,1,0.0001220703125,633.9865187500038,609.9405999999999,not_in_gurobi_pool,,0011101100000101011,00010111000000010,001110110000010101100010111000000010,128,8192,25,152,true,single,36,1.0e-10,64
VQE_reduced_surrogate,73002,1893,1,0.0001220703125,602.1437937500036,610.1591000000002,not_in_gurobi_pool,,1100111000100101011,00000001000101010,110011100010010101100000001000101010,128,8192,25,152,true,single,36,1.0e-10,64
VQE_reduced_surrogate,73002,1793,1,0.0001220703125,580.7906437500026,610.1800999999998,not_in_gurobi_pool,,1100110100101000110,00000000010101111,110011010010100011000000000010101111,128,8192,25,152,true,single,36,1.0e-10,64
VQE_reduced_surrogate,73002,1848,1,0.0001220703125,591.5606187500002,610.263,not_in_gurobi_pool,,1110100110101010011,00100000010100101,111010011010101001100100000010100101,128,8192,25,152,true,single,36,1.0e-10,64
VQE_reduced_surrogate,73002,1894,1,0.0001220703125,602.3902937499947,610.4055999999999,not_in_gurobi_pool,,0011010100010001011,00010100010100110,001101010001000101100010100010100110,128,8192,25,152,true,single,36,1.0e-10,64
VQE_reduced_surrogate,73002,1850,1,0.0001220703125,591.764718749984,610.4671000000001,not_in_gurobi_pool,,1100011000011010001,10010101110100000,110001100001101000110010101110100000,128,8192,25,152,true,single,36,1.0e-10,64
VQE_reduced_surrogate,73002,2199,1,0.0001220703125,645.7541937499989,611.0211999999998,not_in_gurobi_pool,,0000010010101000000,11001000010001000,000001001010100000011001000010001000,128,8192,25,152,true,single,36,1.0e-10,64
VQE_reduced_surrogate,73002,1896,1,0.0001220703125,603.044693749983,611.0599999999997,not_in_gurobi_pool,,0110000100110000001,10101000010100000,011000010011000000110101000010100000,128,8192,25,152,true,single,36,1.0e-10,64
VQE_reduced_surrogate,73002,1798,1,0.0001220703125,581.7912437500211,611.1806999999998,not_in_gurobi_pool,,0001111000100001000,10000101000001000,000111100010000100010000101000001000,128,8192,25,152,true,single,36,1.0e-10,64
VQE_reduced_surrogate,73002,1999,1,0.0001220703125,614.0778687500083,611.4060999999997,not_in_gurobi_pool,,0010001100101110000,10000100000000000,001000110010111000010000100000000000,128,8192,25,152,true,single,36,1.0e-10,64
VQE_reduced_surrogate,73002,2085,1,0.0001220703125,624.9329437499837,611.5740999999997,not_in_gurobi_pool,,1100100001101000001,10101000010000000,110010000110100000110101000010000000,128,8192,25,152,true,single,36,1.0e-10,64
VQE_reduced_surrogate,73002,2001,1,0.0001220703125,614.4319687500197,611.7601999999997,not_in_gurobi_pool,,0000100110100100000,11100000010000000,000010011010010000011100000010000000,128,8192,25,152,true,single,36,1.0e-10,64
VQE_reduced_surrogate,73002,2002,1,0.0001220703125,614.4523687499996,611.7805999999998,not_in_gurobi_pool,,1101000100011000100,00110001010000000,110100010001100010000110001010000000,128,8192,25,152,true,single,36,1.0e-10,64
VQE_reduced_surrogate,73002,1855,1,0.0001220703125,593.0867187500005,611.7890999999997,not_in_gurobi_pool,,0100010110101100000,10000000010101000,010001011010110000010000000010101000,128,8192,25,152,true,single,36,1.0e-10,64
VQE_reduced_surrogate,73002,1899,1,0.0001220703125,603.7737937499933,611.7890999999997,not_in_gurobi_pool,,0100000110101100001,10100000010000000,010000011010110000110100000010000000,128,8192,25,152,true,single,36,1.0e-10,64
VQE_reduced_surrogate,73002,1900,1,0.0001220703125,603.7847937500069,611.8000999999997,not_in_gurobi_pool,,0010000110101100000,10100000010000000,001000011010110000010100000010000000,128,8192,25,152,true,single,36,1.0e-10,64
VQE_reduced_surrogate,73002,2004,1,0.0001220703125,614.5329687500046,611.8611999999997,not_in_gurobi_pool,,0000000010101010000,11100000010000000,000000001010101000011100000010000000,128,8192,25,152,true,single,36,1.0e-10,64
VQE_reduced_surrogate,73002,2006,1,0.0001220703125,614.5544687500233,611.8826999999997,not_in_gurobi_pool,,0001100110100100000,10100000000000000,000110011010010000010100000000000000,128,8192,25,152,true,single,36,1.0e-10,64
VQE_reduced_surrogate,73002,1856,1,0.0001220703125,593.1846187499971,611.8869999999996,not_in_gurobi_pool,,0110110100101000101,00000000010111000,011011010010100010100000000010111000,128,8192,25,152,true,single,36,1.0e-10,64
VQE_reduced_surrogate,73002,2007,1,0.0001220703125,614.564368750006,611.8925999999997,not_in_gurobi_pool,,0011100100110100001,10100000000000000,001110010011010000110100000000000000,128,8192,25,152,true,single,36,1.0e-10,64
VQE_reduced_surrogate,73002,2008,1,0.0001220703125,614.5643687500174,611.8925999999997,not_in_gurobi_pool,,0011100100110100000,10100000000000000,001110010011010000010100000000000000,128,8192,25,152,true,single,36,1.0e-10,64
VQE_reduced_surrogate,73002,2009,1,0.0001220703125,614.6098687500025,611.9380999999998,not_in_gurobi_pool,,0010001100101011001,10000100000000000,001000110010101100110000100000000000,128,8192,25,152,true,single,36,1.0e-10,64
VQE_reduced_surrogate,73002,1903,1,0.0001220703125,603.9372937500043,611.9526000000001,not_in_gurobi_pool,,1101011110000010011,00000101100100101,110101111000001001100000101100100101,128,8192,25,152,true,single,36,1.0e-10,64
VQE_reduced_surrogate,73002,2011,1,0.0001220703125,614.6543687499977,611.9825999999997,not_in_gurobi_pool,,0101000000111010000,10100000000000000,010100000011101000010100000000000000,128,8192,25,152,true,single,36,1.0e-10,64
VQE_reduced_surrogate,73002,2010,1,0.0001220703125,614.654368749992,611.9825999999998,not_in_gurobi_pool,,0101000100111010001,10100000000000000,010100010011101000110100000000000000,128,8192,25,152,true,single,36,1.0e-10,64
VQE_reduced_surrogate,73002,2012,1,0.0001220703125,614.6543687499989,611.9825999999998,not_in_gurobi_pool,,0101000100111010000,10100000000000000,010100010011101000010100000000000000,128,8192,25,152,true,single,36,1.0e-10,64
VQE_reduced_surrogate,73002,2013,1,0.0001220703125,614.655468750017,611.9836999999995,not_in_gurobi_pool,,0001100110100010000,10100000000000000,000110011010001000010100000000000000,128,8192,25,152,true,single,36,1.0e-10,64
VQE_reduced_surrogate,73002,2014,1,0.0001220703125,614.6653687499947,611.9935999999998,not_in_gurobi_pool,,0011000100111010001,10100000000000000,001100010011101000110100000000000000,128,8192,25,152,true,single,36,1.0e-10,64
VQE_reduced_surrogate,73002,2015,1,0.0001220703125,614.6653687500043,611.9935999999998,not_in_gurobi_pool,,0011000100111010000,10100000000000000,001100010011101000010100000000000000,128,8192,25,152,true,single,36,1.0e-10,64
VQE_reduced_surrogate,73002,2016,1,0.0001220703125,614.6727687499883,612.001,not_in_gurobi_pool,,0110100001000100000,10100000011100000,011010000100010000010100000011100000,128,8192,25,152,true,single,36,1.0e-10,64
VQE_reduced_surrogate,73002,1904,1,0.0001220703125,604.0792937500016,612.0945999999999,not_in_gurobi_pool,,0011100101001100001,10100100010000000,001110010100110000110100100010000000,128,8192,25,152,true,single,36,1.0e-10,64
VQE_reduced_surrogate,73002,2090,1,0.0001220703125,625.5308437499939,612.1719999999999,not_in_gurobi_pool,,1110010010010001000,10000000011110000,111001001001000100010000000011110000,128,8192,25,152,true,single,36,1.0e-10,64
VQE_reduced_surrogate,73002,1906,1,0.0001220703125,604.316793750008,612.3320999999997,not_in_gurobi_pool,,0010000110101001000,10100000010000000,001000011010100100010100000010000000,128,8192,25,152,true,single,36,1.0e-10,64
VQE_reduced_surrogate,73002,1908,1,0.0001220703125,604.5707937500144,612.5860999999996,not_in_gurobi_pool,,0100100100101100100,00100000010000000,010010010010110010000100000010000000,128,8192,25,152,true,single,36,1.0e-10,64
VQE_reduced_surrogate,73002,1909,1,0.0001220703125,604.9437937499927,612.9590999999998,not_in_gurobi_pool,,1100010010001001100,00000001011100000,110001001000100110000000001011100000,128,8192,25,152,true,single,36,1.0e-10,64
VQE_reduced_surrogate,73002,2094,1,0.0001220703125,626.4104437500052,613.0515999999998,not_in_gurobi_pool,,1101100100011001100,00110001010000000,110110010001100110000110001010000000,128,8192,25,152,true,single,36,1.0e-10,64
VQE_reduced_surrogate,73002,2025,1,0.0001220703125,615.7609687500269,613.0891999999997,not_in_gurobi_pool,,0000100100101001100,01100000010000000,000010010010100110001100000010000000,128,8192,25,152,true,single,36,1.0e-10,64
VQE_reduced_surrogate,73002,1862,1,0.0001220703125,594.398718749999,613.1010999999999,not_in_gurobi_pool,,1100011110000011011,00000101110100100,110001111000001101100000101110100100,128,8192,25,152,true,single,36,1.0e-10,64
VQE_reduced_surrogate,73002,2097,1,0.0001220703125,626.4825437500167,613.1236999999996,not_in_gurobi_pool,,0001110100110101000,10000000000001000,000111010011010100010000000000001000,128,8192,25,152,true,single,36,1.0e-10,64
VQE_reduced_surrogate,73002,1863,1,0.0001220703125,594.4267187499993,613.1290999999997,not_in_gurobi_pool,,0010010000101001101,00000000010101000,001001000010100110100000000010101000,128,8192,25,152,true,single,36,1.0e-10,64
VQE_reduced_surrogate,73002,1912,1,0.0001220703125,605.2888937499981,613.3041999999998,not_in_gurobi_pool,,0000000001001011000,11100101011000000,000000000100101100011100101011000000,128,8192,25,152,true,single,36,1.0e-10,64
VQE_reduced_surrogate,73002,2026,1,0.0001220703125,616.0283687499943,613.3565999999995,not_in_gurobi_pool,,0011110110101010011,00000000000101101,001111011010101001100000000000101101,128,8192,25,152,true,single,36,1.0e-10,64
VQE_reduced_surrogate,73002,2099,1,0.0001220703125,626.8584437500208,613.4995999999999,not_in_gurobi_pool,,0011101000010100000,10010111000000000,001110100001010000010010111000000000,128,8192,25,152,true,single,36,1.0e-10,64
VQE_reduced_surrogate,73002,1864,1,0.0001220703125,594.8046187500017,613.5070000000001,not_in_gurobi_pool,,0110101000010010000,10010101010100000,011010100001001000010010101010100000,128,8192,25,152,true,single,36,1.0e-10,64
VQE_reduced_surrogate,73002,2028,1,0.0001220703125,616.2013687500125,613.5295999999998,not_in_gurobi_pool,,0011101010001100000,10000111000000000,001110101000110000010000111000000000,128,8192,25,152,true,single,36,1.0e-10,64
VQE_reduced_surrogate,73002,1865,1,0.0001220703125,594.8346187500028,613.5370000000001,not_in_gurobi_pool,,0110111110001010000,10000101010110000,011011111000101000010000101010110000,128,8192,25,152,true,single,36,1.0e-10,64
VQE_reduced_surrogate,73002,2031,1,0.0001220703125,616.2723687499961,613.6005999999998,not_in_gurobi_pool,,0011111100011010001,10010111000100000,001111110001101000110010111000100000,128,8192,25,152,true,single,36,1.0e-10,64
VQE_reduced_surrogate,73002,1913,1,0.0001220703125,605.6152937500069,613.6305999999997,not_in_gurobi_pool,,0011111110001010000,10000111000100000,001111111000101000010000111000100000,128,8192,25,152,true,single,36,1.0e-10,64
VQE_reduced_surrogate,73002,2033,1,0.0001220703125,616.4198687499995,613.7480999999998,not_in_gurobi_pool,,1100101010100100001,10000001000000000,110010101010010000110000001000000000,128,8192,25,152,true,single,36,1.0e-10,64
VQE_reduced_surrogate,73002,2034,1,0.0001220703125,616.4198687500032,613.7480999999998,not_in_gurobi_pool,,1100101010101100000,10000001000000000,110010101010110000010000001000000000,128,8192,25,152,true,single,36,1.0e-10,64
VQE_reduced_surrogate,73002,1866,1,0.0001220703125,595.1167187499918,613.8190999999997,not_in_gurobi_pool,,1100011000111010000,10000001000101000,110001100011101000010000001000101000,128,8192,25,152,true,single,36,1.0e-10,64
VQE_reduced_surrogate,73002,1915,1,0.0001220703125,605.8457937499991,613.8610999999999,not_in_gurobi_pool,,1100110010001010110,00000001011100101,110011001000101011000000001011100101,128,8192,25,152,true,single,36,1.0e-10,64
VQE_reduced_surrogate,73002,2035,1,0.0001220703125,616.643368750008,613.9715999999999,not_in_gurobi_pool,,1101101110101010000,10000001000000000,110110111010101000010000001000000000,128,8192,25,152,true,single,36,1.0e-10,64
VQE_reduced_surrogate,73002,2036,1,0.0001220703125,616.6433687500121,613.9715999999999,not_in_gurobi_pool,,1101101110100010000,10000001000000000,110110111010001000010000001000000000,128,8192,25,152,true,single,36,1.0e-10,64
VQE_reduced_surrogate,73002,2037,1,0.0001220703125,616.6663687499997,613.9945999999999,not_in_gurobi_pool,,0011010010011000000,10001100010100000,001101001001100000010001100010100000,128,8192,25,152,true,single,36,1.0e-10,64
VQE_reduced_surrogate,73002,1920,1,0.0001220703125,606.2478937499993,614.2631999999999,not_in_gurobi_pool,,1000000110000001110,01100101011000110,100000011000000111001100101011000110,128,8192,25,152,true,single,36,1.0e-10,64
VQE_reduced_surrogate,73002,1921,1,0.0001220703125,606.3777937500017,614.3930999999997,not_in_gurobi_pool,,0100010110101101011,00000000010101010,010001011010110101100000000010101010,128,8192,25,152,true,single,36,1.0e-10,64
VQE_reduced_surrogate,73002,2039,1,0.0001220703125,617.074368750003,614.4025999999999,not_in_gurobi_pool,,1101101110101001001,10000001000000000,110110111010100100110000001000000000,128,8192,25,152,true,single,36,1.0e-10,64
VQE_reduced_surrogate,73002,2224,1,0.0001220703125,649.2781937499815,614.5451999999998,not_in_gurobi_pool,,0000010001101000001,11001000010001000,000001000110100000111001000010001000,128,8192,25,152,true,single,36,1.0e-10,64
VQE_reduced_surrogate,73002,2103,1,0.0001220703125,627.9289437500006,614.5701000000004,not_in_gurobi_pool,,1100100100011110111,00110001011000001,110010010001111011100110001011000001,128,8192,25,152,true,single,36,1.0e-10,64
VQE_reduced_surrogate,73002,2040,1,0.0001220703125,617.3117687499955,614.6399999999999,not_in_gurobi_pool,,0110100010010100001,10100000011100000,011010001001010000110100000011100000,128,8192,25,152,true,single,36,1.0e-10,64
VQE_reduced_surrogate,73002,1811,1,0.0001220703125,585.3396437499821,614.7291000000002,not_in_gurobi_pool,,0100011010000100011,00000101110100011,010001101000010001100000101110100011,128,8192,25,152,true,single,36,1.0e-10,64
VQE_reduced_surrogate,73002,1923,1,0.0001220703125,606.718293750019,614.7335999999998,not_in_gurobi_pool,,0011100010010100000,10100100010000000,001110001001010000010100100010000000,128,8192,25,152,true,single,36,1.0e-10,64
VQE_reduced_surrogate,73002,1924,1,0.0001220703125,606.7447937499894,614.7600999999997,not_in_gurobi_pool,,1100101001001110000,10000101110000000,110010100100111000010000101110000000,128,8192,25,152,true,single,36,1.0e-10,64
VQE_reduced_surrogate,73002,2160,1,0.0001220703125,638.864618750008,614.8187,not_in_gurobi_pool,,0001111000001001101,00010111100000000,000111100000100110100010111100000000,128,8192,25,152,true,single,36,1.0e-10,64
VQE_reduced_surrogate,73002,1927,1,0.0001220703125,607.0287937499977,615.0440999999998,not_in_gurobi_pool,,1100110110011111010,00000001011100000,110011011001111101000000001011100000,128,8192,25,152,true,single,36,1.0e-10,64
VQE_reduced_surrogate,73002,1928,1,0.0001220703125,607.1667937500067,615.1820999999997,not_in_gurobi_pool,,1100011110100010011,00000001000101101,110001111010001001100000001000101101,128,8192,25,152,true,single,36,1.0e-10,64
VQE_reduced_surrogate,73002,1929,1,0.0001220703125,607.2502937500137,615.2655999999997,not_in_gurobi_pool,,0011000010011001000,10100100010000000,001100001001100100010100100010000000,128,8192,25,152,true,single,36,1.0e-10,64
VQE_reduced_surrogate,73002,1930,1,0.0001220703125,607.2502937500135,615.2655999999997,not_in_gurobi_pool,,0011100110010001000,10100100010000000,001110011001000100010100100010000000,128,8192,25,152,true,single,36,1.0e-10,64
VQE_reduced_surrogate,73002,2163,1,0.0001220703125,639.5129187499981,615.4669999999998,not_in_gurobi_pool,,0110110010000100101,00000000011110000,011011001000010010100000000011110000,128,8192,25,152,true,single,36,1.0e-10,64
VQE_reduced_surrogate,73002,1931,1,0.0001220703125,607.5452937499977,615.5605999999998,not_in_gurobi_pool,,0011110110001100101,00000100010100000,001111011000110010100000100010100000,128,8192,25,152,true,single,36,1.0e-10,64
VQE_reduced_surrogate,73002,2042,1,0.0001220703125,618.2783687500066,615.6065999999998,not_in_gurobi_pool,,1101110010111001000,10000000000101000,110111001011100100010000000000101000,128,8192,25,152,true,single,36,1.0e-10,64
VQE_reduced_surrogate,73002,1933,1,0.0001220703125,607.5977937500058,615.6130999999997,not_in_gurobi_pool,,1100011110100001011,00000001000101110,110001111010000101100000001000101110,128,8192,25,152,true,single,36,1.0e-10,64
VQE_reduced_surrogate,73002,2104,1,0.0001220703125,628.9915437500042,615.6327000000001,not_in_gurobi_pool,,0001001000010110011,00010111100000001,000100100001011001100010111100000001,128,8192,25,152,true,single,36,1.0e-10,64
VQE_reduced_surrogate,73002,1934,1,0.0001220703125,607.6462937499969,615.6615999999997,not_in_gurobi_pool,,0011110110001010101,00000100010100000,001111011000101010100000100010100000,128,8192,25,152,true,single,36,1.0e-10,64
VQE_reduced_surrogate,73002,2105,1,0.0001220703125,629.2799437500025,615.9210999999998,not_in_gurobi_pool,,1100101010101110011,00000001000000001,110010101010111001100000001000000001,128,8192,25,152,true,single,36,1.0e-10,64
VQE_reduced_surrogate,73002,2043,1,0.0001220703125,618.6104687500056,615.9386999999997,not_in_gurobi_pool,,0001100101101001001,10100000000000000,000110010110100100110100000000000000,128,8192,25,152,true,single,36,1.0e-10,64
VQE_reduced_surrogate,73002,1823,1,0.0001220703125,586.5752437500223,615.9646999999999,not_in_gurobi_pool,,0001100010011101000,10100101010000000,000110001001110100010100101010000000,128,8192,25,152,true,single,36,1.0e-10,64
VQE_reduced_surrogate,73002,2044,1,0.0001220703125,618.6508687499834,615.9790999999998,not_in_gurobi_pool,,0100011000110000001,10001001000101000,010001100011000000110001001000101000,128,8192,25,152,true,single,36,1.0e-10,64
VQE_reduced_surrogate,73002,1936,1,0.0001220703125,607.9982937500029,616.0135999999997,not_in_gurobi_pool,,1101111000111110011,00000001000101001,110111100011111001100000001000101001,128,8192,25,152,true,single,36,1.0e-10,64
VQE_reduced_surrogate,73002,1937,1,0.0001220703125,608.0772937500042,616.0925999999998,not_in_gurobi_pool,,0011110110000001100,00000100010100000,001111011000000110000000100010100000,128,8192,25,152,true,single,36,1.0e-10,64
VQE_reduced_surrogate,73002,1872,1,0.0001220703125,597.4542187499933,616.1565999999999,not_in_gurobi_pool,,0101010010010010011,00000001010100101,010101001001001001100000001010100101,128,8192,25,152,true,single,36,1.0e-10,64
VQE_reduced_surrogate,73002,1942,1,0.0001220703125,608.4077937500017,616.4230999999999,not_in_gurobi_pool,,1100011000111011011,00000001000101100,110001100011101101100000001000101100,128,8192,25,152,true,single,36,1.0e-10,64
VQE_reduced_surrogate,73002,1943,1,0.0001220703125,608.429293750004,616.4445999999997,not_in_gurobi_pool,,1101111100110101011,00000001000101010,110111110011010101100000001000101010,128,8192,25,152,true,single,36,1.0e-10,64
VQE_reduced_surrogate,73002,2109,1,0.0001220703125,629.8444437499927,616.4855999999997,not_in_gurobi_pool,,1011101110101101011,00000100000000010,101110111010110101100000100000000010,128,8192,25,152,true,single,36,1.0e-10,64
VQE_reduced_surrogate,73002,1876,1,0.0001220703125,597.885218749996,616.5876,not_in_gurobi_pool,,0101010010010001011,00000001010100110,010101001001000101100000001010100110,128,8192,25,152,true,single,36,1.0e-10,64
VQE_reduced_surrogate,73002,1877,1,0.0001220703125,597.8962187500015,616.5985999999999,not_in_gurobi_pool,,0011010010011001010,00000100010100110,001101001001100101000000100010100110,128,8192,25,152,true,single,36,1.0e-10,64
VQE_reduced_surrogate,73002,2046,1,0.0001220703125,619.3909687500075,616.7191999999999,not_in_gurobi_pool,,0000111110101100001,11000101000001000,000011111010110000111000101000001000,128,8192,25,152,true,single,36,1.0e-10,64
VQE_reduced_surrogate,73002,1944,1,0.0001220703125,608.7327937500033,616.7480999999999,not_in_gurobi_pool,,0100111110101100001,10000001000101000,010011111010110000110000001000101000,128,8192,25,152,true,single,36,1.0e-10,64
VQE_reduced_surrogate,73002,1945,1,0.0001220703125,608.7327937500029,616.7480999999999,not_in_gurobi_pool,,0100111110100100001,10000001000101000,010011111010010000110000001000101000,128,8192,25,152,true,single,36,1.0e-10,64
VQE_reduced_surrogate,73002,1946,1,0.0001220703125,608.7327937500065,616.7480999999999,not_in_gurobi_pool,,0100111110101100000,10000001000101000,010011111010110000010000001000101000,128,8192,25,152,true,single,36,1.0e-10,64
VQE_reduced_surrogate,73002,2112,1,0.0001220703125,630.1168437500016,616.7579999999997,not_in_gurobi_pool,,0110111100110100000,10000000000111000,011011110011010000010000000000111000,128,8192,25,152,true,single,36,1.0e-10,64
VQE_reduced_surrogate,73002,1947,1,0.0001220703125,608.7437937500097,616.7590999999999,not_in_gurobi_pool,,0010111110100100000,10000100000101000,001011111010010000010000100000101000,128,8192,25,152,true,single,36,1.0e-10,64
VQE_reduced_surrogate,73002,1825,1,0.0001220703125,587.4222437500134,616.8116999999997,not_in_gurobi_pool,,0001111000110100001,10000101000001000,000111100011010000110000101000001000,128,8192,25,152,true,single,36,1.0e-10,64
VQE_reduced_surrogate,73002,2048,1,0.0001220703125,619.491968750013,616.8201999999999,not_in_gurobi_pool,,0000111110101010000,11000101000001000,000011111010101000011000101000001000,128,8192,25,152,true,single,36,1.0e-10,64
VQE_reduced_surrogate,73002,1948,1,0.0001220703125,608.8337937500075,616.8490999999999,not_in_gurobi_pool,,0100111110101010000,10000001000101000,010011111010101000010000001000101000,128,8192,25,152,true,single,36,1.0e-10,64
VQE_reduced_surrogate,73002,1949,1,0.0001220703125,608.9262937499993,616.9415999999997,not_in_gurobi_pool,,0101001100111010000,10000001000000000,010100110011101000010000001000000000,128,8192,25,152,true,single,36,1.0e-10,64
VQE_reduced_surrogate,73002,1950,1,0.0001220703125,608.9372937500173,616.9525999999997,not_in_gurobi_pool,,0011101000110010000,10000100000000000,001110100011001000010000100000000000,128,8192,25,152,true,single,36,1.0e-10,64
VQE_reduced_surrogate,73002,2049,1,0.0001220703125,619.7143687499965,617.0425999999998,not_in_gurobi_pool,,0101101001000100001,10000101100000000,010110100100010000110000101100000000,128,8192,25,152,true,single,36,1.0e-10,64
VQE_reduced_surrogate,73002,1951,1,0.0001220703125,609.0967937500084,617.1120999999998,not_in_gurobi_pool,,1100110110101100111,00000000010101011,110011011010110011100000000010101011,128,8192,25,152,true,single,36,1.0e-10,64
VQE_reduced_surrogate,73002,2051,1,0.0001220703125,619.8873687499981,617.2155999999998,not_in_gurobi_pool,,1011110000110100110,00000000000101011,101111000011010011000000000000101011,128,8192,25,152,true,single,36,1.0e-10,64
VQE_reduced_surrogate,73002,2114,1,0.0001220703125,630.6174437499992,617.2585999999997,not_in_gurobi_pool,,1011110110110110011,00000000000101001,101111011011011001100000000000101001,128,8192,25,152,true,single,36,1.0e-10,64
VQE_reduced_surrogate,73002,1952,1,0.0001220703125,609.3007937500008,617.3161,not_in_gurobi_pool,,0010010010010011010,00000100011100100,001001001001001101000000100011100100,128,8192,25,152,true,single,36,1.0e-10,64
VQE_reduced_surrogate,73002,2240,1,0.0001220703125,652.0795937500066,617.3465999999997,not_in_gurobi_pool,,0011100110111000000,10101000000000000,001110011011100000010101000000000000,128,8192,25,152,true,single,36,1.0e-10,64
VQE_reduced_surrogate,73002,1953,1,0.0001220703125,609.3572937499985,617.3725999999997,not_in_gurobi_pool,,0101001100111001001,10000001000000000,010100110011100100110000001000000000,128,8192,25,152,true,single,36,1.0e-10,64
VQE_reduced_surrogate,73002,1954,1,0.0001220703125,609.3837937499923,617.3990999999999,not_in_gurobi_pool,,1100101110010110001,10000101110000000,110010111001011000110000101110000000,128,8192,25,152,true,single,36,1.0e-10,64
VQE_reduced_surrogate,73002,2117,1,0.0001220703125,630.8374437500004,617.4785999999999,not_in_gurobi_pool,,1101111000010100101,00010101100100000,110111100001010010100010101100100000,128,8192,25,152,true,single,36,1.0e-10,64
VQE_reduced_surrogate,73002,1956,1,0.0001220703125,609.6287937500031,617.6440999999999,not_in_gurobi_pool,,1100110110101001111,00000000010101110,110011011010100111100000000010101110,128,8192,25,152,true,single,36,1.0e-10,64
VQE_reduced_surrogate,73002,1957,1,0.0001220703125,609.6307937499967,617.6460999999997,not_in_gurobi_pool,,0100111000100010101,00000001000101000,010011100010001010100000001000101000,128,8192,25,152,true,single,36,1.0e-10,64
VQE_reduced_surrogate,73002,2119,1,0.0001220703125,631.0954437499997,617.7365999999998,not_in_gurobi_pool,,1101100000111001110,00100000000000110,110110000011100111000100000000000110,128,8192,25,152,true,single,36,1.0e-10,64
VQE_reduced_surrogate,73002,2121,1,0.0001220703125,631.2470437500058,617.8881999999998,not_in_gurobi_pool,,0000000101100101011,01100000010000010,000000010110010101101100000010000010,128,8192,25,152,true,single,36,1.0e-10,64
VQE_reduced_surrogate,73002,1958,1,0.0001220703125,609.9067937500017,617.9220999999998,not_in_gurobi_pool,,1100100000110110111,00100000010000001,110010000011011011100100000010000001,128,8192,25,152,true,single,36,1.0e-10,64
VQE_reduced_surrogate,73002,1879,1,0.0001220703125,599.2607187500128,617.9630999999997,not_in_gurobi_pool,,0010110010110100000,10000000010101000,001011001011010000010000000010101000,128,8192,25,152,true,single,36,1.0e-10,64
VQE_reduced_surrogate,73002,2054,1,0.0001220703125,620.6874687500017,618.0156999999997,not_in_gurobi_pool,,1001100000110110111,00100000000000001,100110000011011011100100000000000001,128,8192,25,152,true,single,36,1.0e-10,64
VQE_reduced_surrogate,73002,1959,1,0.0001220703125,610.032893750029,618.0481999999997,not_in_gurobi_pool,,0000101000101001100,01000101000000000,000010100010100110001000101000000000,128,8192,25,152,true,single,36,1.0e-10,64
VQE_reduced_surrogate,73002,1961,1,0.0001220703125,610.0617937499976,618.0770999999997,not_in_gurobi_pool,,0100111000100001101,00000001000101000,010011100010000110100000001000101000,128,8192,25,152,true,single,36,1.0e-10,64
VQE_reduced_surrogate,73002,2055,1,0.0001220703125,620.8258687499933,618.1540999999997,not_in_gurobi_pool,,0100100111000100000,10100001011000000,010010011100010000010100001011000000,128,8192,25,152,true,single,36,1.0e-10,64
VQE_reduced_surrogate,73002,1963,1,0.0001220703125,610.2422937500096,618.2575999999999,not_in_gurobi_pool,,0011100101010100000,10100100010000000,001110010101010000010100100010000000,128,8192,25,152,true,single,36,1.0e-10,64
VQE_reduced_surrogate,73002,2057,1,0.0001220703125,620.9873687499944,618.3155999999996,not_in_gurobi_pool,,0011101110101010011,00000100000000101,001110111010101001100000100000000101,128,8192,25,152,true,single,36,1.0e-10,64
VQE_reduced_surrogate,73002,1966,1,0.0001220703125,610.3432937499997,618.3585999999998,not_in_gurobi_pool,,0011000101011010000,10100100010000000,001100010101101000010100100010000000,128,8192,25,152,true,single,36,1.0e-10,64
VQE_reduced_surrogate,73002,2058,1,0.0001220703125,621.1269687500144,618.4551999999998,not_in_gurobi_pool,,0000100010110001001,11100000010000000,000010001011000100111100000010000000,128,8192,25,152,true,single,36,1.0e-10,64
VQE_reduced_surrogate,73002,1967,1,0.0001220703125,610.50869375,618.524,not_in_gurobi_pool,,0110110110111001001,10000000010111000,011011011011100100110000000010111000,128,8192,25,152,true,single,36,1.0e-10,64
VQE_reduced_surrogate,73002,1968,1,0.0001220703125,610.54879375,618.5640999999996,not_in_gurobi_pool,,1100100101101000101,00100000010000000,110010010110100010100100000010000000,128,8192,25,152,true,single,36,1.0e-10,64
VQE_reduced_surrogate,73002,2059,1,0.0001220703125,621.2703687500036,618.5985999999996,not_in_gurobi_pool,,1101110001111100001,10000000000101000,110111000111110000110000000000101000,128,8192,25,152,true,single,36,1.0e-10,64
VQE_reduced_surrogate,73002,2060,1,0.0001220703125,621.2848687500025,618.6130999999998,not_in_gurobi_pool,,0100101010101001010,00000001000000110,010010101010100101000000001000000110,128,8192,25,152,true,single,36,1.0e-10,64
VQE_reduced_surrogate,73002,2124,1,0.0001220703125,632.1200437500008,618.7611999999999,not_in_gurobi_pool,,1000101100011010110,01010111110000101,100010110001101011001010111110000101,128,8192,25,152,true,single,36,1.0e-10,64
VQE_reduced_surrogate,73002,1969,1,0.0001220703125,610.7736937500026,618.7889999999996,not_in_gurobi_pool,,0110110000110100101,00000000010111000,011011000011010010100000000010111000,128,8192,25,152,true,single,36,1.0e-10,64
VQE_reduced_surrogate,73002,2173,1,0.0001220703125,642.897118749999,618.8511999999996,not_in_gurobi_pool,,0000010110101010101,01000000010001000,000001011010101010101000000010001000,128,8192,25,152,true,single,36,1.0e-10,64
VQE_reduced_surrogate,73002,1970,1,0.0001220703125,610.8446937500103,618.8600000000002,not_in_gurobi_pool,,1110111110001010111,00000101010110101,111011111000101011100000101010110101,128,8192,25,152,true,single,36,1.0e-10,64
VQE_reduced_surrogate,73002,2062,1,0.0001220703125,621.6963687499954,619.0245999999995,not_in_gurobi_pool,,0011101100110110011,00000100000000001,001110110011011001100000100000000001,128,8192,25,152,true,single,36,1.0e-10,64
VQE_reduced_surrogate,73002,2174,1,0.0001220703125,643.1379187500079,619.0919999999998,not_in_gurobi_pool,,0110110101001010101,00000000011110000,011011010100101010100000000011110000,128,8192,25,152,true,single,36,1.0e-10,64
VQE_reduced_surrogate,73002,1973,1,0.0001220703125,611.305693750003,619.3209999999998,not_in_gurobi_pool,,0110110100111001100,00000000010111000,011011010011100110000000000010111000,128,8192,25,152,true,single,36,1.0e-10,64
VQE_reduced_surrogate,73002,1974,1,0.0001220703125,611.3056937499996,619.3209999999998,not_in_gurobi_pool,,0110110000111001101,00000000010111000,011011000011100110100000000010111000,128,8192,25,152,true,single,36,1.0e-10,64
VQE_reduced_surrogate,73002,1975,1,0.0001220703125,611.30569375,619.3209999999998,not_in_gurobi_pool,,0110110000110001101,00000000010111000,011011000011000110100000000010111000,128,8192,25,152,true,single,36,1.0e-10,64
VQE_reduced_surrogate,73002,1976,1,0.0001220703125,611.3658937500161,619.3811999999998,not_in_gurobi_pool,,0000101100101001110,01000101000000110,000010110010100111001000101000000110,128,8192,25,152,true,single,36,1.0e-10,64
VQE_reduced_surrogate,73002,1977,1,0.0001220703125,611.379793750004,619.3951,not_in_gurobi_pool,,0100110101010101001,10000001011100000,010011010101010100110000001011100000,128,8192,25,152,true,single,36,1.0e-10,64
VQE_reduced_surrogate,73002,2126,1,0.0001220703125,632.7774437499959,619.4185999999996,not_in_gurobi_pool,,0011100110110100011,00100000000000011,001110011011010001100100000000000011,128,8192,25,152,true,single,36,1.0e-10,64
VQE_reduced_surrogate,73002,2064,1,0.0001220703125,622.1273687499963,619.4555999999995,not_in_gurobi_pool,,0011101100110101011,00000100000000010,001110110011010101100000100000000010,128,8192,25,152,true,single,36,1.0e-10,64
VQE_reduced_surrogate,73002,2065,1,0.0001220703125,622.1913687499957,619.5195999999995,not_in_gurobi_pool,,0011110010111010011,00000000000101101,001111001011101001100000000000101101,128,8192,25,152,true,single,36,1.0e-10,64
VQE_reduced_surrogate,73002,2127,1,0.0001220703125,632.8784437499896,619.5195999999997,not_in_gurobi_pool,,0011000110111010011,00100000000000101,001100011011101001100100000000000101,128,8192,25,152,true,single,36,1.0e-10,64
VQE_reduced_surrogate,73002,2176,1,0.0001220703125,643.5689187499997,619.5229999999998,not_in_gurobi_pool,,0110110101000001100,00000000011110000,011011010100000110000000000011110000,128,8192,25,152,true,single,36,1.0e-10,64
VQE_reduced_surrogate,73002,2178,1,0.0001220703125,643.5790187499697,619.5330999999996,not_in_gurobi_pool,,0100001001100000001,10001001000000000,010000100110000000110001001000000000,128,8192,25,152,true,single,36,1.0e-10,64
VQE_reduced_surrogate,73002,1886,1,0.0001220703125,600.8616187499997,619.564,not_in_gurobi_pool,,0110101101000101011,00000101010100010,011010110100010101100000101010100010,128,8192,25,152,true,single,36,1.0e-10,64
VQE_reduced_surrogate,73002,1839,1,0.0001220703125,590.2095437499936,619.5989999999999,not_in_gurobi_pool,,0110101010010100001,10000101010100000,011010101001010000110000101010100000,128,8192,25,152,true,single,36,1.0e-10,64
VQE_reduced_surrogate,73002,2067,1,0.0001220703125,622.5068687500006,619.8350999999998,not_in_gurobi_pool,,1100100101100001101,00100000010000000,110010010110000110100100000010000000,128,8192,25,152,true,single,36,1.0e-10,64
VQE_reduced_surrogate,73002,1982,1,0.0001220703125,611.8457937499952,619.8610999999999,not_in_gurobi_pool,,1100110110010101101,00000001011100000,110011011001010110100000001011100000,128,8192,25,152,true,single,36,1.0e-10,64
VQE_reduced_surrogate,73002,2070,1,0.0001220703125,622.611368750001,619.9395999999996,not_in_gurobi_pool,,0101010110111001011,00000000000101110,010101011011100101100000000000101110,128,8192,25,152,true,single,36,1.0e-10,64
VQE_reduced_surrogate,73002,2071,1,0.0001220703125,622.622368750001,619.9505999999996,not_in_gurobi_pool,,0011110110110001010,00000000000101110,001111011011000101000000000000101110,128,8192,25,152,true,single,36,1.0e-10,64
VQE_reduced_surrogate,73002,1984,1,0.0001220703125,612.0147937499919,620.0301,not_in_gurobi_pool,,0010010011001001011,00000100011100110,001001001100100101100000100011100110,128,8192,25,152,true,single,36,1.0e-10,64
VQE_reduced_surrogate,73002,1985,1,0.0001220703125,612.1066937500018,620.1219999999997,not_in_gurobi_pool,,0110110000110100111,00000000010111011,011011000011010011100000000010111011,128,8192,25,152,true,single,36,1.0e-10,64
VQE_reduced_surrogate,73002,1889,1,0.0001220703125,601.4202187500009,620.1225999999998,not_in_gurobi_pool,,0011010001011001010,00000100010100110,001101000101100101000000100010100110,128,8192,25,152,true,single,36,1.0e-10,64
VQE_reduced_surrogate,73002,2072,1,0.0001220703125,622.8063687500062,620.1345999999999,not_in_gurobi_pool,,1101101010111010000,10000001000000000,110110101011101000010000001000000000,128,8192,25,152,true,single,36,1.0e-10,64
VQE_reduced_surrogate,73002,2073,1,0.0001220703125,622.817368750008,620.1455999999998,not_in_gurobi_pool,,1011101010111010000,10000100000000000,101110101011101000010000100000000000,128,8192,25,152,true,single,36,1.0e-10,64
VQE_reduced_surrogate,73002,2074,1,0.0001220703125,622.8208687499946,620.1490999999999,not_in_gurobi_pool,,0100101100101101111,00000001000000010,010010110010110111100000001000000010,128,8192,25,152,true,single,36,1.0e-10,64
VQE_reduced_surrogate,73002,1843,1,0.0001220703125,590.7946437499895,620.1841,not_in_gurobi_pool,,1100011001011010001,10000101110100000,110001100101101000110000101110100000,128,8192,25,152,true,single,36,1.0e-10,64
VQE_reduced_surrogate,73002,1890,1,0.0001220703125,601.5206187499953,620.223,not_in_gurobi_pool,,0110100100111010111,00100000010100101,011010010011101011100100000010100101,128,8192,25,152,true,single,36,1.0e-10,64
VQE_reduced_surrogate,73002,2075,1,0.0001220703125,622.8963687499981,620.2246,not_in_gurobi_pool,,0011001110011001001,10000111000000000,001100111001100100110000111000000000,128,8192,25,152,true,single,36,1.0e-10,64
VQE_reduced_surrogate,73002,2076,1,0.0001220703125,622.9218687499929,620.2500999999997,not_in_gurobi_pool,,0100101100101011111,00000001000000100,010010110010101111100000001000000100,128,8192,25,152,true,single,36,1.0e-10,64
VQE_reduced_surrogate,73002,2077,1,0.0001220703125,622.9494687499928,620.2776999999999,not_in_gurobi_pool,,1001011001011010000,10000111100000000,100101100101101000010000111100000000,128,8192,25,152,true,single,36,1.0e-10,64
VQE_reduced_surrogate,73002,1989,1,0.0001220703125,612.4922937500096,620.5075999999999,not_in_gurobi_pool,,0101110101001010111,00000001010100101,010111010100101011100000001010100101,128,8192,25,152,true,single,36,1.0e-10,64
VQE_reduced_surrogate,73002,1990,1,0.0001220703125,612.5407937500006,620.5560999999997,not_in_gurobi_pool,,0100010110110101011,00000000010101010,010001011011010101100000000010101010,128,8192,25,152,true,single,36,1.0e-10,64
VQE_reduced_surrogate,73002,2185,1,0.0001220703125,644.6611187499959,620.6151999999998,not_in_gurobi_pool,,0000110110101001111,01000000010001110,000011011010100111101000000010001110,128,8192,25,152,true,single,36,1.0e-10,64
VQE_reduced_surrogate,73002,2186,1,0.0001220703125,644.6611187499982,620.6151999999998,not_in_gurobi_pool,,0000010110101001111,01000000010001110,000001011010100111101000000010001110,128,8192,25,152,true,single,36,1.0e-10,64
VQE_reduced_surrogate,73002,2079,1,0.0001220703125,623.4098687500048,620.7380999999998,not_in_gurobi_pool,,1100111110100100101,00000001000101000,110011111010010010100000001000101000,128,8192,25,152,true,single,36,1.0e-10,64
VQE_reduced_surrogate,73002,2132,1,0.0001220703125,634.1095437499948,620.7506999999998,not_in_gurobi_pool,,0001100110110011011,00100000000000100,000110011011001101100100000000000100,128,8192,25,152,true,single,36,1.0e-10,64
VQE_reduced_surrogate,73002,2080,1,0.0001220703125,623.5133687500038,620.8415999999997,not_in_gurobi_pool,,1011001100111100100,00000100000000000,101100110011110010000000100000000000,128,8192,25,152,true,single,36,1.0e-10,64
VQE_reduced_surrogate,73002,2081,1,0.0001220703125,623.5223687500086,620.8505999999996,not_in_gurobi_pool,,0101000101011101011,00100001010000010,010100010101110101100100001010000010,128,8192,25,152,true,single,36,1.0e-10,64
VQE_reduced_surrogate,73002,1992,1,0.0001220703125,612.8727937499943,620.8881000000001,not_in_gurobi_pool,,0100011100011001101,00010101110100000,010001110001100110100010101110100000,128,8192,25,152,true,single,36,1.0e-10,64
VQE_reduced_surrogate,73002,2135,1,0.0001220703125,634.2520437499998,620.8931999999998,not_in_gurobi_pool,,0000110100111110110,01000000010001001,000011010011111011001000000010001001,128,8192,25,152,true,single,36,1.0e-10,64
VQE_reduced_surrogate,73002,1993,1,0.0001220703125,612.9358937500131,620.9511999999997,not_in_gurobi_pool,,0000101010000000110,01000111110000111,000010101000000011001000111110000111,128,8192,25,152,true,single,36,1.0e-10,64
VQE_reduced_surrogate,73002,2192,1,0.0001220703125,645.2196187500076,621.1736999999996,not_in_gurobi_pool,,1001110001110101011,00000000000001010,100111000111010101100000000000001010,128,8192,25,152,true,single,36,1.0e-10,64
VQE_reduced_surrogate,73002,1994,1,0.0001220703125,613.2287937500071,621.2441,not_in_gurobi_pool,,1100111010110100011,00000001000101011,110011101011010001100000001000101011,128,8192,25,152,true,single,36,1.0e-10,64
VQE_reduced_surrogate,73002,2195,1,0.0001220703125,645.3259187499989,621.2799999999999,not_in_gurobi_pool,,1110111000111001101,00000000000111000,111011100011100110100000000000111000,128,8192,25,152,true,single,36,1.0e-10,64
VQE_reduced_surrogate,73002,1995,1,0.0001220703125,613.4607937499904,621.4760999999997,not_in_gurobi_pool,,0100000001110100000,10100000010000000,010000000111010000010100000010000000,128,8192,25,152,true,single,36,1.0e-10,64
VQE_reduced_surrogate,73002,1996,1,0.0001220703125,613.4717937499963,621.4870999999997,not_in_gurobi_pool,,0010000001110100001,10100000010000000,001000000111010000110100000010000000,128,8192,25,152,true,single,36,1.0e-10,64
VQE_reduced_surrogate,73002,2137,1,0.0001220703125,634.9995437500122,621.6406999999999,not_in_gurobi_pool,,1001011111001010011,00000111100000101,100101111100101001100000111100000101,128,8192,25,152,true,single,36,1.0e-10,64
VQE_reduced_surrogate,73002,1997,1,0.0001220703125,613.7607937500072,621.7761000000002,not_in_gurobi_pool,,1100111010110001011,00000001000101110,110011101011000101100000001000101110,128,8192,25,152,true,single,36,1.0e-10,64
VQE_reduced_surrogate,73002,2138,1,0.0001220703125,635.2720437500075,621.9131999999997,not_in_gurobi_pool,,1000100010110100101,01100000010000000,100010001011010010101100000010000000,128,8192,25,152,true,single,36,1.0e-10,64
VQE_reduced_surrogate,73002,1898,1,0.0001220703125,603.4817187499923,622.1841,not_in_gurobi_pool,,0100010010011000110,00000001011100111,010001001001100011000000001011100111,128,8192,25,152,true,single,36,1.0e-10,64
VQE_reduced_surrogate,73002,2140,1,0.0001220703125,635.5654437499993,622.2065999999998,not_in_gurobi_pool,,1101101110110110011,00000001000000001,110110111011011001100000001000000001,128,8192,25,152,true,single,36,1.0e-10,64
VQE_reduced_surrogate,73002,2000,1,0.0001220703125,614.2057937499917,622.2211000000002,not_in_gurobi_pool,,0100111100011001110,00010101110100110,010011110001100111000010101110100110,128,8192,25,152,true,single,36,1.0e-10,64
VQE_reduced_surrogate,73002,2086,1,0.0001220703125,624.9423687499984,622.2706,not_in_gurobi_pool,,0011101101101001011,00000100000000110,001110110110100101100000100000000110,128,8192,25,152,true,single,36,1.0e-10,64
VQE_reduced_surrogate,73002,2003,1,0.0001220703125,614.4587937500048,622.4740999999998,not_in_gurobi_pool,,1100110010110001100,00000000010101000,110011001011000110000000000010101000,128,8192,25,152,true,single,36,1.0e-10,64
VQE_reduced_surrogate,73002,2087,1,0.0001220703125,625.1458687500071,622.4740999999998,not_in_gurobi_pool,,1100100010111001100,00100000010000000,110010001011100110000100000010000000,128,8192,25,152,true,single,36,1.0e-10,64
VQE_reduced_surrogate,73002,2142,1,0.0001220703125,635.9265437500089,622.5676999999997,not_in_gurobi_pool,,1001100010111001100,00100000000000000,100110001011100110000100000000000000,128,8192,25,152,true,single,36,1.0e-10,64
VQE_reduced_surrogate,73002,2144,1,0.0001220703125,636.0174437499918,622.6585999999999,not_in_gurobi_pool,,1101100110111000111,00100000000000111,110110011011100011100100000000000111,128,8192,25,152,true,single,36,1.0e-10,64
VQE_reduced_surrogate,73002,1905,1,0.0001220703125,604.1282187499985,622.8305999999999,not_in_gurobi_pool,,1101110001011000110,00000001010100111,110111000101100011000000001010100111,128,8192,25,152,true,single,36,1.0e-10,64
VQE_reduced_surrogate,73002,2089,1,0.0001220703125,625.5189687500063,622.8471999999998,not_in_gurobi_pool,,0000001101100101011,01000101000000010,000000110110010101101000101000000010,128,8192,25,152,true,single,36,1.0e-10,64
VQE_reduced_surrogate,73002,2017,1,0.0001220703125,614.8668937500124,622.8821999999998,not_in_gurobi_pool,,0000101010110100001,11000101000000000,000010101011010000111000101000000000,128,8192,25,152,true,single,36,1.0e-10,64
VQE_reduced_surrogate,73002,2091,1,0.0001220703125,625.6549687500092,622.9832,not_in_gurobi_pool,,0000011110110010000,11000101000001000,000001111011001000011000101000001000,128,8192,25,152,true,single,36,1.0e-10,64
VQE_reduced_surrogate,73002,2092,1,0.0001220703125,625.6818687500038,623.0100999999996,not_in_gurobi_pool,,0010001110101000101,00000100000000000,001000111010100010100000100000000000,128,8192,25,152,true,single,36,1.0e-10,64
VQE_reduced_surrogate,73002,2020,1,0.0001220703125,615.0077937500027,623.0230999999999,not_in_gurobi_pool,,0010011110111010001,10000100000101000,001001111011101000110000100000101000,128,8192,25,152,true,single,36,1.0e-10,64
VQE_reduced_surrogate,73002,2146,1,0.0001220703125,636.4024437499938,623.0435999999996,not_in_gurobi_pool,,0011100001111010011,00100000000000101,001110000111101001100100000000000101,128,8192,25,152,true,single,36,1.0e-10,64
VQE_reduced_surrogate,73002,2021,1,0.0001220703125,615.0977937499811,623.1130999999998,not_in_gurobi_pool,,0100001111000100001,10000101110000000,010000111100010000110000101110000000,128,8192,25,152,true,single,36,1.0e-10,64
VQE_reduced_surrogate,73002,1907,1,0.0001220703125,604.4107187499965,623.1131,not_in_gurobi_pool,,0100111111000100001,10000101110100000,010011111100010000110000101110100000,128,8192,25,152,true,single,36,1.0e-10,64
VQE_reduced_surrogate,73002,2093,1,0.0001220703125,626.1353687500073,623.4635999999999,not_in_gurobi_pool,,0101010101111001011,00000000000101110,010101010111100101100000000000101110,128,8192,25,152,true,single,36,1.0e-10,64
VQE_reduced_surrogate,73002,2022,1,0.0001220703125,615.4707937500054,623.4860999999999,not_in_gurobi_pool,,1100110001011011101,00000001011100000,110011000101101110100000001011100000,128,8192,25,152,true,single,36,1.0e-10,64
VQE_reduced_surrogate,73002,2212,1,0.0001220703125,647.5409187499947,623.495,not_in_gurobi_pool,,0110110110011001110,00000000011110110,011011011001100111000000000011110110,128,8192,25,152,true,single,36,1.0e-10,64
VQE_reduced_surrogate,73002,2023,1,0.0001220703125,615.629793749988,623.6450999999997,not_in_gurobi_pool,,0100001111001001001,10000101110000000,010000111100100100110000101110000000,128,8192,25,152,true,single,36,1.0e-10,64
VQE_reduced_surrogate,73002,2148,1,0.0001220703125,637.096943749998,623.7380999999997,not_in_gurobi_pool,,0100001110100100101,00000001000000000,010000111010010010100000001000000000,128,8192,25,152,true,single,36,1.0e-10,64
VQE_reduced_surrogate,73002,2095,1,0.0001220703125,626.4788687500011,623.8070999999999,not_in_gurobi_pool,,1100000110110001110,00100000010000110,110000011011000111000100000010000110,128,8192,25,152,true,single,36,1.0e-10,64
VQE_reduced_surrogate,73002,2096,1,0.0001220703125,626.4788687499956,623.8071,not_in_gurobi_pool,,1100100110111001110,00100000010000110,110010011011100111000100000010000110,128,8192,25,152,true,single,36,1.0e-10,64
VQE_reduced_surrogate,73002,2098,1,0.0001220703125,626.565968750007,623.8942,not_in_gurobi_pool,,0000101001011110000,11000111110000000,000010100101111000011000111110000000,128,8192,25,152,true,single,36,1.0e-10,64
VQE_reduced_surrogate,73002,2149,1,0.0001220703125,637.259543749992,623.9006999999998,not_in_gurobi_pool,,1001100110111001110,00100000000000110,100110011011100111000100000000000110,128,8192,25,152,true,single,36,1.0e-10,64
VQE_reduced_surrogate,73002,2152,1,0.0001220703125,637.3410437499977,623.9821999999999,not_in_gurobi_pool,,0000111001000010101,01000111110000000,000011100100001010101000111110000000,128,8192,25,152,true,single,36,1.0e-10,64
VQE_reduced_surrogate,73002,2153,1,0.0001220703125,637.3778437500052,624.019,not_in_gurobi_pool,,1110100001011001110,00100000011100110,111010000101100111000100000011100110,128,8192,25,152,true,single,36,1.0e-10,64
VQE_reduced_surrogate,73002,2027,1,0.0001220703125,616.1657937500008,624.1810999999997,not_in_gurobi_pool,,0100010001111011011,00000000010101100,010001000111101101100000000010101100,128,8192,25,152,true,single,36,1.0e-10,64
VQE_reduced_surrogate,73002,2100,1,0.0001220703125,626.8829687500165,624.2111999999998,not_in_gurobi_pool,,0000111000110001100,01000101000001000,000011100011000110001000101000001000,128,8192,25,152,true,single,36,1.0e-10,64
VQE_reduced_surrogate,73002,2101,1,0.0001220703125,626.8927687500088,624.221,not_in_gurobi_pool,,0110110101111011011,00000000010111100,011011010111101101100000000010111100,128,8192,25,152,true,single,36,1.0e-10,64
VQE_reduced_surrogate,73002,2029,1,0.0001220703125,616.2247937500038,624.2400999999999,not_in_gurobi_pool,,0100111000110001100,00000001000101000,010011100011000110000000001000101000,128,8192,25,152,true,single,36,1.0e-10,64
VQE_reduced_surrogate,73002,2030,1,0.0001220703125,616.2508937499877,624.2661999999998,not_in_gurobi_pool,,0000100110011011111,01100101011000100,000010011001101111101100101011000100,128,8192,25,152,true,single,36,1.0e-10,64
VQE_reduced_surrogate,73002,2032,1,0.0001220703125,616.2797937499922,624.2950999999998,not_in_gurobi_pool,,0100110110011011110,00000001011100100,010011011001101111000000001011100100,128,8192,25,152,true,single,36,1.0e-10,64
VQE_reduced_surrogate,73002,2102,1,0.0001220703125,627.1503687499933,624.4785999999996,not_in_gurobi_pool,,0011001110111010011,00000100000000101,001100111011101001100000100000000101,128,8192,25,152,true,single,36,1.0e-10,64
VQE_reduced_surrogate,73002,1918,1,0.0001220703125,606.0247187499904,624.7270999999997,not_in_gurobi_pool,,1100010001111000100,00000000010101000,110001000111100010000000000010101000,128,8192,25,152,true,single,36,1.0e-10,64
VQE_reduced_surrogate,73002,2038,1,0.0001220703125,616.8537937500048,624.8691,not_in_gurobi_pool,,1100111001110010011,00000001000101101,110011100111001001100000001000101101,128,8192,25,152,true,single,36,1.0e-10,64
VQE_reduced_surrogate,73002,2158,1,0.0001220703125,638.4344437499949,625.0755999999998,not_in_gurobi_pool,,0011110110110100101,00000000000101000,001111011011010010100000000000101000,128,8192,25,152,true,single,36,1.0e-10,64
VQE_reduced_surrogate,73002,2159,1,0.0001220703125,638.5730437500044,625.2141999999999,not_in_gurobi_pool,,0000111001000100111,01000111110000011,000011100100010011101000111110000011,128,8192,25,152,true,single,36,1.0e-10,64
VQE_reduced_surrogate,73002,2041,1,0.0001220703125,618.2692937500012,626.2845999999998,not_in_gurobi_pool,,1101111110111000100,00000001000101000,110111111011100010000000001000101000,128,8192,25,152,true,single,36,1.0e-10,64
VQE_reduced_surrogate,73002,1935,1,0.0001220703125,607.7146187500009,626.4170000000001,not_in_gurobi_pool,,1110001111011010000,10000101010100000,111000111101101000010000101010100000,128,8192,25,152,true,single,36,1.0e-10,64
VQE_reduced_surrogate,73002,2108,1,0.0001220703125,629.5728687500036,626.9010999999998,not_in_gurobi_pool,,1100011110111100101,00000001000101000,110001111011110010100000001000101000,128,8192,25,152,true,single,36,1.0e-10,64
VQE_reduced_surrogate,73002,2111,1,0.0001220703125,629.8758687500035,627.2040999999997,not_in_gurobi_pool,,1100101111001010101,00000101110000000,110010111100101010100000101110000000,128,8192,25,152,true,single,36,1.0e-10,64
VQE_reduced_surrogate,73002,2113,1,0.0001220703125,630.1668687500039,627.4951,not_in_gurobi_pool,,1100101010110000110,00000001000000111,110010101011000011000000001000000111,128,8192,25,152,true,single,36,1.0e-10,64
VQE_reduced_surrogate,73002,2050,1,0.0001220703125,619.7748937500087,627.7902000000001,not_in_gurobi_pool,,0000100001011011111,01100101011000100,000010000101101111101100101011000100,128,8192,25,152,true,single,36,1.0e-10,64
VQE_reduced_surrogate,73002,2168,1,0.0001220703125,641.2194437500043,627.8605999999997,not_in_gurobi_pool,,0011100101110000100,00100000000000000,001110010111000010000100000000000000,128,8192,25,152,true,single,36,1.0e-10,64
VQE_reduced_surrogate,73002,2169,1,0.0001220703125,641.3130437499974,627.9542000000001,not_in_gurobi_pool,,0000011110010010110,01000111110000101,000001111001001011001000111110000101,128,8192,25,152,true,single,36,1.0e-10,64
VQE_reduced_surrogate,73002,2115,1,0.0001220703125,630.6633687499948,627.9916,not_in_gurobi_pool,,0101101001111010011,00000001000000101,010110100111101001100000001000000101,128,8192,25,152,true,single,36,1.0e-10,64
VQE_reduced_surrogate,73002,2242,1,0.0001220703125,652.483118750001,628.4371999999997,not_in_gurobi_pool,,0000010001110100100,01000000010001000,000001000111010010001000000010001000,128,8192,25,152,true,single,36,1.0e-10,64
VQE_reduced_surrogate,73002,2243,1,0.0001220703125,652.4831187500056,628.4371999999997,not_in_gurobi_pool,,0000110001110100100,01000000010001000,000011000111010010001000000010001000,128,8192,25,152,true,single,36,1.0e-10,64
VQE_reduced_surrogate,73002,2120,1,0.0001220703125,631.2088687500059,628.5371,not_in_gurobi_pool,,1100101111001010111,00000101110000101,110010111100101011100000101110000101,128,8192,25,152,true,single,36,1.0e-10,64
VQE_reduced_surrogate,73002,2171,1,0.0001220703125,641.9584437499957,628.5995999999998,not_in_gurobi_pool,,0011110101110100101,00000000000101000,001111010111010010100000000000101000,128,8192,25,152,true,single,36,1.0e-10,64
VQE_reduced_surrogate,73002,2122,1,0.0001220703125,631.4089687500059,628.7371999999998,not_in_gurobi_pool,,1000001010111001111,01000101000000110,100000101011100111101000101000000110,128,8192,25,152,true,single,36,1.0e-10,64
VQE_reduced_surrogate,73002,2056,1,0.0001220703125,620.88579375,628.9010999999998,not_in_gurobi_pool,,1100010111011000110,00000001011100111,110001011101100011000000001011100111,128,8192,25,152,true,single,36,1.0e-10,64
VQE_reduced_surrogate,73002,2248,1,0.0001220703125,653.0151187500053,628.9691999999998,not_in_gurobi_pool,,0000010001111001100,01000000010001000,000001000111100110001000000010001000,128,8192,25,152,true,single,36,1.0e-10,64
VQE_reduced_surrogate,73002,1964,1,0.0001220703125,610.2923187500032,628.9946999999997,not_in_gurobi_pool,,1001010011011000111,00000101010000111,100101001101100011100000101010000111,128,8192,25,152,true,single,36,1.0e-10,64
VQE_reduced_surrogate,73002,2123,1,0.0001220703125,631.7029687500078,629.0311999999999,not_in_gurobi_pool,,0000100001111000111,01100000010000111,000010000111100011101100000010000111,128,8192,25,152,true,single,36,1.0e-10,64
VQE_reduced_surrogate,73002,2061,1,0.0001220703125,621.3727937500034,629.3880999999999,not_in_gurobi_pool,,0010001011011010000,10000111010000000,001000101101101000010000111010000000,128,8192,25,152,true,single,36,1.0e-10,64
VQE_reduced_surrogate,73002,1978,1,0.0001220703125,611.3933187500015,630.0956999999999,not_in_gurobi_pool,,0001101010111010101,00000101000000000,000110101011101010100000101000000000,128,8192,25,152,true,single,36,1.0e-10,64
VQE_reduced_surrogate,73002,2128,1,0.0001220703125,632.9663687500063,630.2946,not_in_gurobi_pool,,1101110011010001111,00000001010100110,110111001101000111100000001010100110,128,8192,25,152,true,single,36,1.0e-10,64
VQE_reduced_surrogate,73002,2179,1,0.0001220703125,643.80294375001,630.4440999999998,not_in_gurobi_pool,,0010001010111001101,00000100000000000,001000101011100110100000100000000000,128,8192,25,152,true,single,36,1.0e-10,64
VQE_reduced_surrogate,73002,2068,1,0.0001220703125,622.5113937499968,630.5266999999998,not_in_gurobi_pool,,0001111110111001100,00000101000001000,000111111011100110000000101000001000,128,8192,25,152,true,single,36,1.0e-10,64
VQE_reduced_surrogate,73002,2069,1,0.0001220703125,622.5238937500119,630.5391999999997,not_in_gurobi_pool,,0000100011011000100,01100101011000000,000010001101100010001100101011000000,128,8192,25,152,true,single,36,1.0e-10,64
VQE_reduced_surrogate,73002,2181,1,0.0001220703125,644.0575437500052,630.6986999999999,not_in_gurobi_pool,,0001111001011001100,00000111100000000,000111100101100110000000111100000000,128,8192,25,152,true,single,36,1.0e-10,64
VQE_reduced_surrogate,73002,2187,1,0.0001220703125,644.8274437499883,631.4685999999999,not_in_gurobi_pool,,0011101110110010111,00000100000000101,001110111011001011100000100000000101,128,8192,25,152,true,single,36,1.0e-10,64
VQE_reduced_surrogate,73002,2188,1,0.0001220703125,644.8274437499801,631.4685999999999,not_in_gurobi_pool,,0011101110111010111,00000100000000101,001110111011101011100000100000000101,128,8192,25,152,true,single,36,1.0e-10,64
VQE_reduced_surrogate,73002,2191,1,0.0001220703125,645.1690437500058,631.8101999999999,not_in_gurobi_pool,,0000110011011001100,01000101011000000,000011001101100110001000101011000000,128,8192,25,152,true,single,36,1.0e-10,64
VQE_reduced_surrogate,73002,2082,1,0.0001220703125,623.8647937500043,631.8800999999999,not_in_gurobi_pool,,0100011111011101011,00000101110100010,010001111101110101100000101110100010,128,8192,25,152,true,single,36,1.0e-10,64
VQE_reduced_surrogate,73002,2194,1,0.0001220703125,645.2680437500048,631.9092,not_in_gurobi_pool,,0000011001011001111,01000111110000110,000001100101100111101000111110000110,128,8192,25,152,true,single,36,1.0e-10,64
VQE_reduced_surrogate,73002,2084,1,0.0001220703125,623.917393750007,631.9326999999998,not_in_gurobi_pool,,0001110011010001100,00000101010000000,000111001101000110000000101010000000,128,8192,25,152,true,single,36,1.0e-10,64
VQE_reduced_surrogate,73002,2147,1,0.0001220703125,636.4698687499972,633.7981,not_in_gurobi_pool,,1100101011011001100,00000101110000000,110010101101100110000000101110000000,128,8192,25,152,true,single,36,1.0e-10,64
VQE_reduced_surrogate,73002,2211,1,0.0001220703125,647.4384437499909,634.0795999999999,not_in_gurobi_pool,,0101101101111001101,00000001000000000,010110110111100110100000001000000000,128,8192,25,152,true,single,36,1.0e-10,64
VQE_reduced_surrogate,73002,2157,1,0.0001220703125,638.3213687500013,635.6495999999997,not_in_gurobi_pool,,0101111111011000101,00000101100100000,010111111101100010100000101100100000,128,8192,25,152,true,single,36,1.0e-10,64
VQE_reduced_surrogate,73002,2226,1,0.0001220703125,649.6970437499995,636.3382000000001,not_in_gurobi_pool,,0000001011010010101,01000111110000000,000000101101001010101000111110000000,128,8192,25,152,true,single,36,1.0e-10,64
VQE_reduced_surrogate,73002,2228,1,0.0001220703125,650.1900437499996,636.8311999999999,not_in_gurobi_pool,,0000111111010000110,01000111110000111,000011111101000011001000111110000111,128,8192,25,152,true,single,36,1.0e-10,64
VQE_reduced_surrogate,73002,2143,1,0.0001220703125,636.0044937499908,644.0197999999999,not_in_gurobi_pool,,1111100000000001011,00110000010100110,111110000000000101100110000010100110,128,8192,25,152,true,single,36,1.0e-10,64
VQE_reduced_surrogate,73002,2290,1,0.0001220703125,661.0977437499871,647.7388999999996,not_in_gurobi_pool,,0011010100101000001,10001000000101000,001101010010100000110001000000101000,128,8192,25,152,true,single,36,1.0e-10,64
VQE_reduced_surrogate,73002,2045,1,0.0001220703125,619.0958437499967,648.4852999999998,not_in_gurobi_pool,,0110100000100010000,10100000010100000,011010000010001000010100000010100000,128,8192,25,152,true,single,36,1.0e-10,64
VQE_reduced_surrogate,73002,2110,1,0.0001220703125,629.8454187499931,648.5478000000002,not_in_gurobi_pool,,1111101000001010011,00010101000100101,111110100000101001100010101000100101,128,8192,25,152,true,single,36,1.0e-10,64
VQE_reduced_surrogate,73002,2450,1,0.0001220703125,683.7552937499945,649.0222999999997,not_in_gurobi_pool,,1110010000001100101,00010000011110000,111001000000110010100010000011110000,128,8192,25,152,true,single,36,1.0e-10,64
VQE_reduced_surrogate,73002,2167,1,0.0001220703125,641.1690937499939,649.1843999999998,not_in_gurobi_pool,,0100000100101110001,10100000010000000,010000010010111000110100000010000000,128,8192,25,152,true,single,36,1.0e-10,64
VQE_reduced_surrogate,73002,2302,1,0.0001220703125,662.6111437499778,649.2523,not_in_gurobi_pool,,0110111000001000001,10011101010110000,011011100000100000110011101010110000,128,8192,25,152,true,single,36,1.0e-10,64
VQE_reduced_surrogate,73002,2241,1,0.0001220703125,652.2582687500258,649.5864999999998,not_in_gurobi_pool,,0000100100101101000,11100000010000000,000010010010110100011100000010000000,128,8192,25,152,true,single,36,1.0e-10,64
VQE_reduced_surrogate,73002,2170,1,0.0001220703125,641.8965937499863,649.9118999999997,not_in_gurobi_pool,,0011010000101010011,00000000000101101,001101000010101001100000000000101101,128,8192,25,152,true,single,36,1.0e-10,64
VQE_reduced_surrogate,73002,2314,1,0.0001220703125,663.9387437499936,650.5798999999997,not_in_gurobi_pool,,0011000110001000000,10101100010000000,001100011000100000010101100010000000,128,8192,25,152,true,single,36,1.0e-10,64
VQE_reduced_surrogate,73002,2251,1,0.0001220703125,653.4631687499882,650.7913999999998,not_in_gurobi_pool,,0100001000001110000,10010101110000000,010000100000111000010010101110000000,128,8192,25,152,true,single,36,1.0e-10,64
VQE_reduced_surrogate,73002,2125,1,0.0001220703125,632.3869187499954,651.0893,not_in_gurobi_pool,,0110100100101011011,00100000010100100,011010010010101101100100000010100100,128,8192,25,152,true,single,36,1.0e-10,64
VQE_reduced_surrogate,73002,2175,1,0.0001220703125,643.561993750003,651.5772999999997,not_in_gurobi_pool,,1110110110100100000,10000000010111000,111011011010010000010000000010111000,128,8192,25,152,true,single,36,1.0e-10,64
VQE_reduced_surrogate,73002,2324,1,0.0001220703125,665.8287437500005,652.4698999999998,not_in_gurobi_pool,,1101100100111110000,10100000000000000,110110010011111000010100000000000000,128,8192,25,152,true,single,36,1.0e-10,64
VQE_reduced_surrogate,73002,2183,1,0.0001220703125,644.5340937499841,652.5493999999999,not_in_gurobi_pool,,1100110001000110000,10000001011100000,110011000100011000010000001011100000,128,8192,25,152,true,single,36,1.0e-10,64
VQE_reduced_surrogate,73002,2326,1,0.0001220703125,666.0567437500063,652.6978999999997,not_in_gurobi_pool,,0011001100101000000,10001100000000000,001100110010100000010001100000000000,128,8192,25,152,true,single,36,1.0e-10,64
VQE_reduced_surrogate,73002,2133,1,0.0001220703125,634.1640187499954,652.8663999999997,not_in_gurobi_pool,,1100010000101001100,00000000010101000,110001000010100110000000000010101000,128,8192,25,152,true,single,36,1.0e-10,64
VQE_reduced_surrogate,73002,2134,1,0.0001220703125,634.2039187500088,652.9062999999998,not_in_gurobi_pool,,1110100100100001100,00100000010100000,111010010010000110000100000010100000,128,8192,25,152,true,single,36,1.0e-10,64
VQE_reduced_surrogate,73002,2265,1,0.0001220703125,655.9196687499973,653.2478999999998,not_in_gurobi_pool,,1011111000010100001,10010111000100000,101111100001010000110010111000100000,128,8192,25,152,true,single,36,1.0e-10,64
VQE_reduced_surrogate,73002,2193,1,0.0001220703125,645.26259375,653.2778999999998,not_in_gurobi_pool,,1011111010001100000,10000111000100000,101111101000110000010000111000100000,128,8192,25,152,true,single,36,1.0e-10,64
VQE_reduced_surrogate,73002,2083,1,0.0001220703125,623.8958437499832,653.2853,not_in_gurobi_pool,,1110001010000010001,10000101010100000,111000101000001000110000101010100000,128,8192,25,152,true,single,36,1.0e-10,64
VQE_reduced_surrogate,73002,2267,1,0.0001220703125,656.1226687500064,653.4508999999999,not_in_gurobi_pool,,0101110100010110011,00010001010100001,010111010001011001100010001010100001,128,8192,25,152,true,single,36,1.0e-10,64
VQE_reduced_surrogate,73002,2197,1,0.0001220703125,645.6520937500075,653.6673999999997,not_in_gurobi_pool,,1100100100101100110,00100000010000011,110010010010110011000100000010000011,128,8192,25,152,true,single,36,1.0e-10,64
VQE_reduced_surrogate,73002,2198,1,0.0001220703125,645.6950937500103,653.7103999999998,not_in_gurobi_pool,,1100110010101110011,00000000010101001,110011001010111001100000000010101001,128,8192,25,152,true,single,36,1.0e-10,64
VQE_reduced_surrogate,73002,2269,1,0.0001220703125,656.4327687500136,653.7609999999996,not_in_gurobi_pool,,1001100000101100110,00100000000000011,100110000010110011000100000000000011,128,8192,25,152,true,single,36,1.0e-10,64
VQE_reduced_surrogate,73002,2270,1,0.0001220703125,656.470168749999,653.7983999999997,not_in_gurobi_pool,,0100110010101000000,10001000010101000,010011001010100000010001000010101000,128,8192,25,152,true,single,36,1.0e-10,64
VQE_reduced_surrogate,73002,2200,1,0.0001220703125,645.9260937499948,653.9413999999999,not_in_gurobi_pool,,1100111000001100100,00010101110100000,110011100000110010000010101110100000,128,8192,25,152,true,single,36,1.0e-10,64
VQE_reduced_surrogate,73002,2271,1,0.0001220703125,656.6546687499963,653.9829000000001,not_in_gurobi_pool,,0101010000011011011,00010001010100100,010101000001101101100010001010100100,128,8192,25,152,true,single,36,1.0e-10,64
VQE_reduced_surrogate,73002,2272,1,0.0001220703125,656.8131687499999,654.1413999999996,not_in_gurobi_pool,,1100000010101101011,00100000010000010,110000001010110101100100000010000010,128,8192,25,152,true,single,36,1.0e-10,64
VQE_reduced_surrogate,73002,2139,1,0.0001220703125,635.4970187500005,654.1993999999997,not_in_gurobi_pool,,1100110000101001110,00000000010101110,110011000010100111000000000010101110,128,8192,25,152,true,single,36,1.0e-10,64
VQE_reduced_surrogate,73002,2201,1,0.0001220703125,646.1840937500058,654.1993999999997,not_in_gurobi_pool,,1100100100101001110,00100000010000110,110010010010100111000100000010000110,128,8192,25,152,true,single,36,1.0e-10,64
VQE_reduced_surrogate,73002,2202,1,0.0001220703125,646.4580937499877,654.4734000000001,not_in_gurobi_pool,,1100011000000001101,00010101110100000,110001100000000110100010101110100000,128,8192,25,152,true,single,36,1.0e-10,64
VQE_reduced_surrogate,73002,2335,1,0.0001220703125,667.8673437500138,654.5084999999997,not_in_gurobi_pool,,0000110010100100000,11000000010001000,000011001010010000011000000010001000,128,8192,25,152,true,single,36,1.0e-10,64
VQE_reduced_surrogate,73002,2336,1,0.0001220703125,667.8673437499951,654.5084999999997,not_in_gurobi_pool,,0000010010100100001,11000000010001000,000001001010010000111000000010001000,128,8192,25,152,true,single,36,1.0e-10,64
VQE_reduced_surrogate,73002,2337,1,0.0001220703125,667.9683437499989,654.6094999999997,not_in_gurobi_pool,,0000010010101010000,11000000010001000,000001001010101000011000000010001000,128,8192,25,152,true,single,36,1.0e-10,64
VQE_reduced_surrogate,73002,2088,1,0.0001220703125,625.2588437499985,654.6482999999998,not_in_gurobi_pool,,0110000100111010000,10100000010100000,011000010011101000010100000010100000,128,8192,25,152,true,single,36,1.0e-10,64
VQE_reduced_surrogate,73002,2338,1,0.0001220703125,668.1361437499943,654.7772999999999,not_in_gurobi_pool,,0110111000101010011,00000000000111101,011011100010101001100000000000111101,128,8192,25,152,true,single,36,1.0e-10,64
VQE_reduced_surrogate,73002,2204,1,0.0001220703125,646.8555937499937,654.8708999999996,not_in_gurobi_pool,,0011001000101010011,00000100000000101,001100100010101001100000100000000101,128,8192,25,152,true,single,36,1.0e-10,64
VQE_reduced_surrogate,73002,2145,1,0.0001220703125,636.2305187499883,654.9328999999998,not_in_gurobi_pool,,0101010101001010000,10000001010100000,010101010100101000010000001010100000,128,8192,25,152,true,single,36,1.0e-10,64
VQE_reduced_surrogate,73002,2205,1,0.0001220703125,646.9360937500007,654.9513999999999,not_in_gurobi_pool,,1100100000111111011,00100000010000000,110010000011111101100100000010000000,128,8192,25,152,true,single,36,1.0e-10,64
VQE_reduced_surrogate,73002,2206,1,0.0001220703125,647.0460937499913,655.0613999999997,not_in_gurobi_pool,,1100100001101100000,10100000010000000,110010000110110000010100000010000000,128,8192,25,152,true,single,36,1.0e-10,64
VQE_reduced_surrogate,73002,2208,1,0.0001220703125,647.1470937499823,655.1623999999997,not_in_gurobi_pool,,1100100001100010000,10100000010000000,110010000110001000010100000010000000,128,8192,25,152,true,single,36,1.0e-10,64
VQE_reduced_surrogate,73002,2209,1,0.0001220703125,647.1470937499887,655.1623999999997,not_in_gurobi_pool,,1100100001101010001,10100000010000000,110010000110101000110100000010000000,128,8192,25,152,true,single,36,1.0e-10,64
VQE_reduced_surrogate,73002,2423,1,0.0001220703125,679.2698187499971,655.2238999999997,not_in_gurobi_pool,,0101000100110000010,00101000000000111,010100010011000001000101000000000111,128,8192,25,152,true,single,36,1.0e-10,64
VQE_reduced_surrogate,73002,2210,1,0.0001220703125,647.2865937500001,655.3018999999996,not_in_gurobi_pool,,0011001000101001011,00000100000000110,001100100010100101100000100000000110,128,8192,25,152,true,single,36,1.0e-10,64
VQE_reduced_surrogate,73002,2341,1,0.0001220703125,668.7741437499826,655.4153,not_in_gurobi_pool,,0110111000010000001,10011101010110000,011011100001000000110011101010110000,128,8192,25,152,true,single,36,1.0e-10,64
VQE_reduced_surrogate,73002,2213,1,0.0001220703125,647.5780937499942,655.5933999999997,not_in_gurobi_pool,,1100100001101001001,10100000010000000,110010000110100100110100000010000000,128,8192,25,152,true,single,36,1.0e-10,64
VQE_reduced_surrogate,73002,2214,1,0.0001220703125,647.8920937499993,655.9073999999999,not_in_gurobi_pool,,0100111000100101011,00000001000101010,010011100010010101100000001000101010,128,8192,25,152,true,single,36,1.0e-10,64
VQE_reduced_surrogate,73002,2150,1,0.0001220703125,637.2659187499908,655.9682999999997,not_in_gurobi_pool,,0110110000100000111,00000000010111111,011011000010000011100000000010111111,128,8192,25,152,true,single,36,1.0e-10,64
VQE_reduced_surrogate,73002,2282,1,0.0001220703125,658.6716687499938,655.9998999999997,not_in_gurobi_pool,,0011110100101001101,00000000000101000,001111010010100110100000000000101000,128,8192,25,152,true,single,36,1.0e-10,64
VQE_reduced_surrogate,73002,2345,1,0.0001220703125,669.8651437499971,656.5062999999999,not_in_gurobi_pool,,1110111000110100001,10000000000111000,111011100011010000110000000000111000,128,8192,25,152,true,single,36,1.0e-10,64
VQE_reduced_surrogate,73002,2154,1,0.0001220703125,637.8520187499989,656.5543999999998,not_in_gurobi_pool,,1100111000101000100,00000001000101000,110011100010100010000000001000101000,128,8192,25,152,true,single,36,1.0e-10,64
VQE_reduced_surrogate,73002,2155,1,0.0001220703125,638.0059187499871,656.7083,not_in_gurobi_pool,,1110111001000100001,10000101010110000,111011100100010000110000101010110000,128,8192,25,152,true,single,36,1.0e-10,64
VQE_reduced_surrogate,73002,2283,1,0.0001220703125,659.4726687500013,656.8008999999997,not_in_gurobi_pool,,0011110000100100111,00000000000101011,001111000010010011100000000000101011,128,8192,25,152,true,single,36,1.0e-10,64
VQE_reduced_surrogate,73002,2156,1,0.0001220703125,638.1069187499963,656.8092999999998,not_in_gurobi_pool,,1110111001001010001,10000101010110000,111011100100101000110000101010110000,128,8192,25,152,true,single,36,1.0e-10,64
VQE_reduced_surrogate,73002,2221,1,0.0001220703125,649.1359937500015,657.1513000000001,not_in_gurobi_pool,,0110110100110101011,00000000010111010,011011010011010101100000000010111010,128,8192,25,152,true,single,36,1.0e-10,64
VQE_reduced_surrogate,73002,2222,1,0.0001220703125,649.2369937499989,657.2522999999998,not_in_gurobi_pool,,0110110100110011011,00000000010111100,011011010011001101100000000010111100,128,8192,25,152,true,single,36,1.0e-10,64
VQE_reduced_surrogate,73002,2223,1,0.0001220703125,649.278093749999,657.2933999999998,not_in_gurobi_pool,,1100111000100100100,00000001000101000,110011100010010010000000001000101000,128,8192,25,152,true,single,36,1.0e-10,64
VQE_reduced_surrogate,73002,2287,1,0.0001220703125,659.9936687499971,657.3218999999999,not_in_gurobi_pool,,0101110100101001111,00000000000101110,010111010010100111100000000000101110,128,8192,25,152,true,single,36,1.0e-10,64
VQE_reduced_surrogate,73002,2356,1,0.0001220703125,670.681243749988,657.3223999999997,not_in_gurobi_pool,,0100100001101000000,10101000010000000,010010000110100000010101000010000000,128,8192,25,152,true,single,36,1.0e-10,64
VQE_reduced_surrogate,73002,2357,1,0.0001220703125,670.6812437499739,657.3223999999998,not_in_gurobi_pool,,0100000001101000000,10101000010000000,010000000110100000010101000010000000,128,8192,25,152,true,single,36,1.0e-10,64
VQE_reduced_surrogate,73002,2358,1,0.0001220703125,670.6922437499848,657.3333999999998,not_in_gurobi_pool,,0010000001101000000,10101000010000000,001000000110100000010101000010000000,128,8192,25,152,true,single,36,1.0e-10,64
VQE_reduced_surrogate,73002,2225,1,0.0001220703125,649.4110937500011,657.4263999999998,not_in_gurobi_pool,,0010101010001101001,10000111010000000,001010101000110100110000111010000000,128,8192,25,152,true,single,36,1.0e-10,64
VQE_reduced_surrogate,73002,2435,1,0.0001220703125,681.5002187500015,657.4543,not_in_gurobi_pool,,0110110101000011010,00000000011110100,011011010100001101000000000011110100,128,8192,25,152,true,single,36,1.0e-10,64
VQE_reduced_surrogate,73002,2161,1,0.0001220703125,638.9159187499943,657.6183000000002,not_in_gurobi_pool,,0110111010000010011,00000101010110101,011011101000001001100000101010110101,128,8192,25,152,true,single,36,1.0e-10,64
VQE_reduced_surrogate,73002,2162,1,0.0001220703125,638.998018749998,657.7003999999997,not_in_gurobi_pool,,1100010010110100000,10000000010101000,110001001011010000010000000010101000,128,8192,25,152,true,single,36,1.0e-10,64
VQE_reduced_surrogate,73002,2363,1,0.0001220703125,671.2188437500013,657.8599999999994,not_in_gurobi_pool,,1001100001101011011,00100000000000100,100110000110101101100100000000000100,128,8192,25,152,true,single,36,1.0e-10,64
VQE_reduced_surrogate,73002,2227,1,0.0001220703125,649.8650937500026,657.8803999999998,not_in_gurobi_pool,,1100010110001011111,00000001011100100,110001011000101111100000001011100100,128,8192,25,152,true,single,36,1.0e-10,64
VQE_reduced_surrogate,73002,2364,1,0.0001220703125,671.3913437499991,658.0324999999997,not_in_gurobi_pool,,0000110001100100000,11000000010001000,000011000110010000011000000010001000,128,8192,25,152,true,single,36,1.0e-10,64
VQE_reduced_surrogate,73002,2365,1,0.0001220703125,671.4923437499951,658.1334999999997,not_in_gurobi_pool,,0000110001101010000,11000000010001000,000011000110101000011000000010001000,128,8192,25,152,true,single,36,1.0e-10,64
VQE_reduced_surrogate,73002,2366,1,0.0001220703125,671.4923437499833,658.1334999999998,not_in_gurobi_pool,,0000010001101010000,11000000010001000,000001000110101000011000000010001000,128,8192,25,152,true,single,36,1.0e-10,64
VQE_reduced_surrogate,73002,2440,1,0.0001220703125,682.2312187500054,658.1852999999999,not_in_gurobi_pool,,0110100100010100101,00110000011100000,011010010001010010100110000011100000,128,8192,25,152,true,single,36,1.0e-10,64
VQE_reduced_surrogate,73002,2164,1,0.0001220703125,639.530018749999,658.2323999999998,not_in_gurobi_pool,,1100010010110001001,10000000010101000,110001001011000100110000000010101000,128,8192,25,152,true,single,36,1.0e-10,64
VQE_reduced_surrogate,73002,2230,1,0.0001220703125,650.6920937499947,658.7073999999998,not_in_gurobi_pool,,0100010010001001100,00000001011100000,010001001000100110000000001011100000,128,8192,25,152,true,single,36,1.0e-10,64
VQE_reduced_surrogate,73002,2442,1,0.0001220703125,682.7632187500033,658.7173,not_in_gurobi_pool,,0110100100011001101,00110000011100000,011010010001100110100110000011100000,128,8192,25,152,true,single,36,1.0e-10,64
VQE_reduced_surrogate,73002,2293,1,0.0001220703125,661.4111687500003,658.7393999999999,not_in_gurobi_pool,,0100100100011000110,00110001011000111,010010010001100011000110001011000111,128,8192,25,152,true,single,36,1.0e-10,64
VQE_reduced_surrogate,73002,2505,1,0.0001220703125,693.5002937499905,658.7672999999996,not_in_gurobi_pool,,0110111000110000001,10001000000111000,011011100011000000110001000000111000,128,8192,25,152,true,single,36,1.0e-10,64
VQE_reduced_surrogate,73002,2106,1,0.0001220703125,629.4115437500138,658.8009999999997,not_in_gurobi_pool,,0001000110001001100,00100101010000000,000100011000100110000100101010000000,128,8192,25,152,true,single,36,1.0e-10,64
VQE_reduced_surrogate,73002,2368,1,0.0001220703125,672.2197437500004,658.8608999999997,not_in_gurobi_pool,,0011001000111000001,10001100000000000,001100100011100000110001100000000000,128,8192,25,152,true,single,36,1.0e-10,64
VQE_reduced_surrogate,73002,2370,1,0.0001220703125,672.6953437499988,659.3364999999999,not_in_gurobi_pool,,1000011000011000100,01010111110000000,100001100001100010001010111110000000,128,8192,25,152,true,single,36,1.0e-10,64
VQE_reduced_surrogate,73002,2295,1,0.0001220703125,662.0386687499999,659.3669000000001,not_in_gurobi_pool,,1101100001011011000,10100001010000000,110110000101101100010100001010000000,128,8192,25,152,true,single,36,1.0e-10,64
VQE_reduced_surrogate,73002,2296,1,0.0001220703125,662.1602687500133,659.4884999999999,not_in_gurobi_pool,,0000000000011011101,01110101011000000,000000000001101110101110101011000000,128,8192,25,152,true,single,36,1.0e-10,64
VQE_reduced_surrogate,73002,2166,1,0.0001220703125,640.7930187499865,659.4953999999999,not_in_gurobi_pool,,0100010001101010011,00000000010101101,010001000110101001100000000010101101,128,8192,25,152,true,single,36,1.0e-10,64
VQE_reduced_surrogate,73002,2297,1,0.0001220703125,662.2026687499995,659.5308999999997,not_in_gurobi_pool,,1101001010010010000,10000101100000000,110100101001001000010000101100000000,128,8192,25,152,true,single,36,1.0e-10,64
VQE_reduced_surrogate,73002,2298,1,0.0001220703125,662.2522687500025,659.5804999999998,not_in_gurobi_pool,,0000110010001010110,01000101011000101,000011001000101011001000101011000101,128,8192,25,152,true,single,36,1.0e-10,64
VQE_reduced_surrogate,73002,2299,1,0.0001220703125,662.2801687500153,659.6083999999997,not_in_gurobi_pool,,0010101010101010000,10000100000000000,001010101010101000010000100000000000,128,8192,25,152,true,single,36,1.0e-10,64
VQE_reduced_surrogate,73002,2233,1,0.0001220703125,651.5956937499984,659.6109999999999,not_in_gurobi_pool,,0001110100011011101,00010101010000000,000111010001101110100010101010000000,128,8192,25,152,true,single,36,1.0e-10,64
VQE_reduced_surrogate,73002,2234,1,0.0001220703125,651.6050937499938,659.6203999999998,not_in_gurobi_pool,,0010010010000010110,00000100011100101,001001001000001011000000100011100101,128,8192,25,152,true,single,36,1.0e-10,64
VQE_reduced_surrogate,73002,2300,1,0.0001220703125,662.3136687499966,659.6418999999999,not_in_gurobi_pool,,0011100110000100111,00100100010000011,001110011000010011100100100010000011,128,8192,25,152,true,single,36,1.0e-10,64
VQE_reduced_surrogate,73002,2235,1,0.0001220703125,651.6725937500141,659.6878999999997,not_in_gurobi_pool,,0011101100101000100,00000100000000000,001110110010100010000000100000000000,128,8192,25,152,true,single,36,1.0e-10,64
VQE_reduced_surrogate,73002,2371,1,0.0001220703125,673.0577437500006,659.6988999999998,not_in_gurobi_pool,,1011000010110001011,00100000000000110,101100001011000101100100000000000110,128,8192,25,152,true,single,36,1.0e-10,64
VQE_reduced_surrogate,73002,2237,1,0.0001220703125,651.8540937500031,659.8693999999997,not_in_gurobi_pool,,1100000100111011101,00100000010000000,110000010011101110100100000010000000,128,8192,25,152,true,single,36,1.0e-10,64
VQE_reduced_surrogate,73002,2373,1,0.0001220703125,673.3417437500086,659.9828999999999,not_in_gurobi_pool,,1101110110100100111,00000000000101011,110111011010010011100000000000101011,128,8192,25,152,true,single,36,1.0e-10,64
VQE_reduced_surrogate,73002,2238,1,0.0001220703125,651.9961937500091,660.0114999999998,not_in_gurobi_pool,,0000100110000001110,01100101011000110,000010011000000111001100101011000110,128,8192,25,152,true,single,36,1.0e-10,64
VQE_reduced_surrogate,73002,2303,1,0.0001220703125,662.6832687500034,660.0114999999998,not_in_gurobi_pool,,0000110010001001110,01000101011000110,000011001000100111001000101011000110,128,8192,25,152,true,single,36,1.0e-10,64
VQE_reduced_surrogate,73002,2116,1,0.0001220703125,630.7325437500085,660.1219999999997,not_in_gurobi_pool,,0001001110101001001,10000101000000000,000100111010100100110000101000000000,128,8192,25,152,true,single,36,1.0e-10,64
VQE_reduced_surrogate,73002,2374,1,0.0001220703125,673.502743749995,660.1439,not_in_gurobi_pool,,0011100100011001111,00110100010000110,001110010001100111100110100010000110,128,8192,25,152,true,single,36,1.0e-10,64
VQE_reduced_surrogate,73002,2453,1,0.0001220703125,684.251418749996,660.2054999999998,not_in_gurobi_pool,,0000010101100110010,01000000010001001,000001010110011001001000000010001001,128,8192,25,152,true,single,36,1.0e-10,64
VQE_reduced_surrogate,73002,2454,1,0.0001220703125,684.2514187499999,660.2054999999999,not_in_gurobi_pool,,0000010001101110011,01000000010001001,000001000110111001101000000010001001,128,8192,25,152,true,single,36,1.0e-10,64
VQE_reduced_surrogate,73002,2305,1,0.0001220703125,662.8806687500082,660.2088999999997,not_in_gurobi_pool,,1011110111000110011,00000100010100001,101111011100011001100000100010100001,128,8192,25,152,true,single,36,1.0e-10,64
VQE_reduced_surrogate,73002,2375,1,0.0001220703125,673.7051437500006,660.3462999999999,not_in_gurobi_pool,,0110101100111110000,10000000000100000,011010110011111000010000000000100000,128,8192,25,152,true,single,36,1.0e-10,64
VQE_reduced_surrogate,73002,2118,1,0.0001220703125,630.9975437500261,660.3869999999996,not_in_gurobi_pool,,0001101000101100100,00000101000000000,000110100010110010000000101000000000,128,8192,25,152,true,single,36,1.0e-10,64
VQE_reduced_surrogate,73002,2376,1,0.0001220703125,673.8652437500002,660.5064,not_in_gurobi_pool,,1100100111000101011,00100001011000010,110010011100010101100100001011000010,128,8192,25,152,true,single,36,1.0e-10,64
VQE_reduced_surrogate,73002,2306,1,0.0001220703125,663.4812687500057,660.8095,not_in_gurobi_pool,,0000011100111011000,11000101000001000,000001110011101100011000101000001000,128,8192,25,152,true,single,36,1.0e-10,64
VQE_reduced_surrogate,73002,2308,1,0.0001220703125,663.5056687500014,660.8338999999997,not_in_gurobi_pool,,0011110110110100001,10000000000101000,001111011011010000110000000000101000,128,8192,25,152,true,single,36,1.0e-10,64
VQE_reduced_surrogate,73002,2458,1,0.0001220703125,684.9112187499986,660.8653,not_in_gurobi_pool,,0110111100100001101,00000000000111000,011011110010000110100000000000111000,128,8192,25,152,true,single,36,1.0e-10,64
VQE_reduced_surrogate,73002,2309,1,0.0001220703125,663.5526687500071,660.8808999999997,not_in_gurobi_pool,,0101000100111000100,00100000000000000,010100010011100010000100000000000000,128,8192,25,152,true,single,36,1.0e-10,64
VQE_reduced_surrogate,73002,2244,1,0.0001220703125,652.8765937500038,660.8918999999996,not_in_gurobi_pool,,0011010100111000100,00000000000101000,001101010011100010000000000000101000,128,8192,25,152,true,single,36,1.0e-10,64
VQE_reduced_surrogate,73002,2245,1,0.0001220703125,652.8870937499896,660.9023999999997,not_in_gurobi_pool,,0100110011000100000,10000001011100000,010011001100010000010000001011100000,128,8192,25,152,true,single,36,1.0e-10,64
VQE_reduced_surrogate,73002,2310,1,0.0001220703125,663.6066687499988,660.9348999999997,not_in_gurobi_pool,,0011110110110010001,10000000000101000,001111011011001000110000000000101000,128,8192,25,152,true,single,36,1.0e-10,64
VQE_reduced_surrogate,73002,2311,1,0.0001220703125,663.6462687499848,660.9744999999998,not_in_gurobi_pool,,0000010011001010000,11000101011000000,000001001100101000011000101011000000,128,8192,25,152,true,single,36,1.0e-10,64
VQE_reduced_surrogate,73002,2313,1,0.0001220703125,663.9076687499928,661.2358999999999,not_in_gurobi_pool,,0011001001001010011,00000111000000101,001100100100101001100000111000000101,128,8192,25,152,true,single,36,1.0e-10,64
VQE_reduced_surrogate,73002,2387,1,0.0001220703125,674.7247437499943,661.3658999999998,not_in_gurobi_pool,,0011100110111001001,10100000000000000,001110011011100100110100000000000000,128,8192,25,152,true,single,36,1.0e-10,64
VQE_reduced_surrogate,73002,2250,1,0.0001220703125,653.4495937500049,661.4648999999996,not_in_gurobi_pool,,0011001000110001011,00000100000000110,001100100011000101100000100000000110,128,8192,25,152,true,single,36,1.0e-10,64
VQE_reduced_surrogate,73002,2315,1,0.0001220703125,664.2822687500027,661.6104999999999,not_in_gurobi_pool,,0000111000110110011,01000101000001001,000011100011011001101000101000001001,128,8192,25,152,true,single,36,1.0e-10,64
VQE_reduced_surrogate,73002,2389,1,0.0001220703125,674.9897437500169,661.6308999999997,not_in_gurobi_pool,,0011100000111100100,00100000000000000,001110000011110010000100000000000000,128,8192,25,152,true,single,36,1.0e-10,64
VQE_reduced_surrogate,73002,2252,1,0.0001220703125,653.6240937499972,661.6393999999999,not_in_gurobi_pool,,0100111000110110011,00000001000101001,010011100011011001100000001000101001,128,8192,25,152,true,single,36,1.0e-10,64
VQE_reduced_surrogate,73002,2253,1,0.0001220703125,653.6350937499994,661.6503999999999,not_in_gurobi_pool,,0010111000110110011,00000100000101001,001011100011011001100000100000101001,128,8192,25,152,true,single,36,1.0e-10,64
VQE_reduced_surrogate,73002,2254,1,0.0001220703125,653.6405937500028,661.6558999999997,not_in_gurobi_pool,,0101111001001001011,00000101100100110,010111100100100101100000101100100110,128,8192,25,152,true,single,36,1.0e-10,64
VQE_reduced_surrogate,73002,2316,1,0.0001220703125,664.3276687499929,661.6559,not_in_gurobi_pool,,0101001001001001011,00000101100000110,010100100100100101100000101100000110,128,8192,25,152,true,single,36,1.0e-10,64
VQE_reduced_surrogate,73002,2390,1,0.0001220703125,675.0907437499995,661.7318999999998,not_in_gurobi_pool,,0011000100111010101,00100000000000000,001100010011101010100100000000000000,128,8192,25,152,true,single,36,1.0e-10,64
VQE_reduced_surrogate,73002,2255,1,0.0001220703125,653.7850937499845,661.8003999999996,not_in_gurobi_pool,,0100010001001010100,00000001011100000,010001000100101010000000001011100000,128,8192,25,152,true,single,36,1.0e-10,64
VQE_reduced_surrogate,73002,2256,1,0.0001220703125,653.9775937500017,661.9928999999998,not_in_gurobi_pool,,1101010010011001100,00000001010100000,110101001001100110000000001010100000,128,8192,25,152,true,single,36,1.0e-10,64
VQE_reduced_surrogate,73002,2321,1,0.0001220703125,664.7132687500064,662.0414999999999,not_in_gurobi_pool,,0000111000110101011,01000101000001010,000011100011010101101000101000001010,128,8192,25,152,true,single,36,1.0e-10,64
VQE_reduced_surrogate,73002,2257,1,0.0001220703125,654.0660937500002,662.0813999999999,not_in_gurobi_pool,,0010011100110101011,00000100000101010,001001110011010101100000100000101010,128,8192,25,152,true,single,36,1.0e-10,64
VQE_reduced_surrogate,73002,2258,1,0.0001220703125,654.0660937500004,662.0813999999999,not_in_gurobi_pool,,0010111000110101011,00000100000101010,001011100011010101100000100000101010,128,8192,25,152,true,single,36,1.0e-10,64
VQE_reduced_surrogate,73002,2393,1,0.0001220703125,675.4691437499969,662.1103,not_in_gurobi_pool,,0110101000110101011,00000000000100010,011010100011010101100000000000100010,128,8192,25,152,true,single,36,1.0e-10,64
VQE_reduced_surrogate,73002,2394,1,0.0001220703125,675.5107437500128,662.1518999999997,not_in_gurobi_pool,,0101100100110001100,00100000000000000,010110010011000110000100000000000000,128,8192,25,152,true,single,36,1.0e-10,64
VQE_reduced_surrogate,73002,2395,1,0.0001220703125,675.5107437500064,662.1518999999997,not_in_gurobi_pool,,0101100100111001100,00100000000000000,010110010011100110000100000000000000,128,8192,25,152,true,single,36,1.0e-10,64
VQE_reduced_surrogate,73002,2396,1,0.0001220703125,675.5217437500089,662.1628999999997,not_in_gurobi_pool,,0011000000111001101,00100000000000000,001100000011100110100100000000000000,128,8192,25,152,true,single,36,1.0e-10,64
VQE_reduced_surrogate,73002,2177,1,0.0001220703125,643.5700187499983,662.2723999999998,not_in_gurobi_pool,,0100111001000101011,00000101110100010,010011100100010101100000101110100010,128,8192,25,152,true,single,36,1.0e-10,64
VQE_reduced_surrogate,73002,2322,1,0.0001220703125,664.9636687500051,662.2918999999999,not_in_gurobi_pool,,0011101000100001111,00000100000000110,001110100010000111100000100000000110,128,8192,25,152,true,single,36,1.0e-10,64
VQE_reduced_surrogate,73002,2259,1,0.0001220703125,654.4800937500011,662.4953999999999,not_in_gurobi_pool,,1100010101111101000,10000000010101000,110001010111110100010000000010101000,128,8192,25,152,true,single,36,1.0e-10,64
VQE_reduced_surrogate,73002,2180,1,0.0001220703125,643.9029187499946,662.6052999999998,not_in_gurobi_pool,,0110100010111001011,00100000010100110,011010001011100101100100000010100110,128,8192,25,152,true,single,36,1.0e-10,64
VQE_reduced_surrogate,73002,2466,1,0.0001220703125,686.7229187499945,662.6769999999996,not_in_gurobi_pool,,1001110101101001100,00000000000001000,100111010110100110000000000000001000,128,8192,25,152,true,single,36,1.0e-10,64
VQE_reduced_surrogate,73002,2323,1,0.0001220703125,665.3821687499992,662.7103999999997,not_in_gurobi_pool,,1100000110011011101,00100001011000000,110000011001101110100100001011000000,128,8192,25,152,true,single,36,1.0e-10,64
VQE_reduced_surrogate,73002,2260,1,0.0001220703125,654.7360937499905,662.7513999999999,not_in_gurobi_pool,,1100101010011111011,00000101110000000,110010101001111101100000101110000000,128,8192,25,152,true,single,36,1.0e-10,64
VQE_reduced_surrogate,73002,2261,1,0.0001220703125,654.7450937500048,662.7603999999998,not_in_gurobi_pool,,1100011110110010000,10000001000101000,110001111011001000010000001000101000,128,8192,25,152,true,single,36,1.0e-10,64
VQE_reduced_surrogate,73002,2402,1,0.0001220703125,676.1903437500041,662.8314999999998,not_in_gurobi_pool,,0000100110100100111,01100000010000011,000010011010010011101100000010000011,128,8192,25,152,true,single,36,1.0e-10,64
VQE_reduced_surrogate,73002,2468,1,0.0001220703125,687.0129187500061,662.9669999999994,not_in_gurobi_pool,,0001110010110110011,00000000000001001,000111001011011001100000000000001001,128,8192,25,152,true,single,36,1.0e-10,64
VQE_reduced_surrogate,73002,2404,1,0.0001220703125,676.4237437499933,663.0648999999996,not_in_gurobi_pool,,0011000100111010111,00100000000000101,001100010011101011100100000000000101,128,8192,25,152,true,single,36,1.0e-10,64
VQE_reduced_surrogate,73002,2263,1,0.0001220703125,655.1289937500071,663.1443000000002,not_in_gurobi_pool,,0110101100010100100,00010101010100000,011010110001010010000010101010100000,128,8192,25,152,true,single,36,1.0e-10,64
VQE_reduced_surrogate,73002,2405,1,0.0001220703125,676.5817437499986,663.2228999999999,not_in_gurobi_pool,,1011000001111001010,00100000000000110,101100000111100101000100000000000110,128,8192,25,152,true,single,36,1.0e-10,64
VQE_reduced_surrogate,73002,2325,1,0.0001220703125,665.91706875,663.2452999999999,not_in_gurobi_pool,,0110111100010010101,00010101010110000,011011110001001010100010101010110000,128,8192,25,152,true,single,36,1.0e-10,64
VQE_reduced_surrogate,73002,2471,1,0.0001220703125,687.3214187500062,663.2754999999996,not_in_gurobi_pool,,0000110010110101011,01000000010001010,000011001011010101101000000010001010,128,8192,25,152,true,single,36,1.0e-10,64
VQE_reduced_surrogate,73002,2327,1,0.0001220703125,666.0641687499938,663.3923999999998,not_in_gurobi_pool,,0100100110100001111,00100000010000110,010010011010000111100100000010000110,128,8192,25,152,true,single,36,1.0e-10,64
VQE_reduced_surrogate,73002,2410,1,0.0001220703125,676.8437437499961,663.4848999999997,not_in_gurobi_pool,,0101000100111001111,00100000000000110,010100010011100111100100000000000110,128,8192,25,152,true,single,36,1.0e-10,64
VQE_reduced_surrogate,73002,2411,1,0.0001220703125,676.8452437500025,663.4863999999998,not_in_gurobi_pool,,1100101010100100101,00000001000000000,110010101010010010100000001000000000,128,8192,25,152,true,single,36,1.0e-10,64
VQE_reduced_surrogate,73002,2189,1,0.0001220703125,644.9560187499981,663.6584,not_in_gurobi_pool,,1100111001001100101,00000101110100000,110011100100110010100000101110100000,128,8192,25,152,true,single,36,1.0e-10,64
VQE_reduced_surrogate,73002,2264,1,0.0001220703125,655.6609937500054,663.6763000000001,not_in_gurobi_pool,,0110101100011001100,00010101010100000,011010110001100110000010101010100000,128,8192,25,152,true,single,36,1.0e-10,64
VQE_reduced_surrogate,73002,2190,1,0.0001220703125,644.9960187499926,663.6984,not_in_gurobi_pool,,0100111100011000110,00010101110100111,010011110001100011000010101110100111,128,8192,25,152,true,single,36,1.0e-10,64
VQE_reduced_surrogate,73002,2413,1,0.0001220703125,677.3882437500074,664.0293999999997,not_in_gurobi_pool,,1010001110101001101,00000100000000000,101000111010100110100000100000000000,128,8192,25,152,true,single,36,1.0e-10,64
VQE_reduced_surrogate,73002,2266,1,0.0001220703125,656.0280937499983,664.0433999999998,not_in_gurobi_pool,,1100010110011011110,00000001011100100,110001011001101111000000001011100100,128,8192,25,152,true,single,36,1.0e-10,64
VQE_reduced_surrogate,73002,2196,1,0.0001220703125,645.6100187499942,664.3123999999997,not_in_gurobi_pool,,0100010101101000101,00000000010101000,010001010110100010100000000010101000,128,8192,25,152,true,single,36,1.0e-10,64
VQE_reduced_surrogate,73002,2268,1,0.0001220703125,656.3380937500062,664.3533999999996,not_in_gurobi_pool,,0100011101101100011,00000001000101011,010001110110110001100000001000101011,128,8192,25,152,true,single,36,1.0e-10,64
VQE_reduced_surrogate,73002,2415,1,0.0001220703125,677.7767437500045,664.4178999999997,not_in_gurobi_pool,,1101101011001010011,00000101100000101,110110101100101001100000101100000101,128,8192,25,152,true,single,36,1.0e-10,64
VQE_reduced_surrogate,73002,2328,1,0.0001220703125,667.1436687500127,664.4718999999998,not_in_gurobi_pool,,0011100110010100100,00100100010000000,001110011001010010000100100010000000,128,8192,25,152,true,single,36,1.0e-10,64
VQE_reduced_surrogate,73002,2329,1,0.0001220703125,667.1436687500031,664.4718999999998,not_in_gurobi_pool,,0011000110010100101,00100100010000000,001100011001010010100100100010000000,128,8192,25,152,true,single,36,1.0e-10,64
VQE_reduced_surrogate,73002,2330,1,0.0001220703125,667.149068749995,664.4773000000004,not_in_gurobi_pool,,0110111100010100111,00010101010110011,011011110001010011100010101010110011,128,8192,25,152,true,single,36,1.0e-10,64
VQE_reduced_surrogate,73002,2331,1,0.0001220703125,667.2500687499955,664.5783,not_in_gurobi_pool,,0110111100011010111,00010101010110101,011011110001101011100010101010110101,128,8192,25,152,true,single,36,1.0e-10,64
VQE_reduced_surrogate,73002,2416,1,0.0001220703125,678.1782437500021,664.8193999999999,not_in_gurobi_pool,,1100101010100100111,00000001000000011,110010101010010011100000001000000011,128,8192,25,152,true,single,36,1.0e-10,64
VQE_reduced_surrogate,73002,2332,1,0.0001220703125,667.564168750004,664.8923999999997,not_in_gurobi_pool,,1100010111001100101,00000001011100000,110001011100110010100000001011100000,128,8192,25,152,true,single,36,1.0e-10,64
VQE_reduced_surrogate,73002,2548,1,0.0001220703125,699.6932937500005,664.9603,not_in_gurobi_pool,,0110001110111000000,10001000000100000,011000111011100000010001000000100000,128,8192,25,152,true,single,36,1.0e-10,64
VQE_reduced_surrogate,73002,2333,1,0.0001220703125,667.706168749997,665.0343999999998,not_in_gurobi_pool,,1100001111000110011,00000101110000001,110000111100011001100000101110000001,128,8192,25,152,true,single,36,1.0e-10,64
VQE_reduced_surrogate,73002,2417,1,0.0001220703125,678.4127437500026,665.0538999999997,not_in_gurobi_pool,,0011111110110000001,10001100000101000,001111111011000000110001100000101000,128,8192,25,152,true,single,36,1.0e-10,64
VQE_reduced_surrogate,73002,2418,1,0.0001220703125,678.4823437500004,665.1234999999997,not_in_gurobi_pool,,0000000101101010101,01100000010000000,000000010110101010101100000010000000,128,8192,25,152,true,single,36,1.0e-10,64
VQE_reduced_surrogate,73002,2334,1,0.0001220703125,667.804068749989,665.1322999999999,not_in_gurobi_pool,,0110111001011000001,10001101010110000,011011100101100000110001101010110000,128,8192,25,152,true,single,36,1.0e-10,64
VQE_reduced_surrogate,73002,2419,1,0.0001220703125,678.5522437499937,665.1933999999999,not_in_gurobi_pool,,0100001101100110011,00000001000000001,010000110110011001100000001000000001,128,8192,25,152,true,single,36,1.0e-10,64
VQE_reduced_surrogate,73002,2273,1,0.0001220703125,657.2690937499979,665.2843999999999,not_in_gurobi_pool,,1100100110111000110,00100000010000111,110010011011100011000100000010000111,128,8192,25,152,true,single,36,1.0e-10,64
VQE_reduced_surrogate,73002,2274,1,0.0001220703125,657.3060937500018,665.3214,not_in_gurobi_pool,,1100011000111001111,00000001000101110,110001100011100111100000001000101110,128,8192,25,152,true,single,36,1.0e-10,64
VQE_reduced_surrogate,73002,2275,1,0.0001220703125,657.3060937499997,665.3214,not_in_gurobi_pool,,1100011100110001110,00000001000101110,110001110011000111000000001000101110,128,8192,25,152,true,single,36,1.0e-10,64
VQE_reduced_surrogate,73002,2276,1,0.0001220703125,657.4285937499965,665.4439,not_in_gurobi_pool,,1101111100110001110,00000001000101110,110111110011000111000000001000101110,128,8192,25,152,true,single,36,1.0e-10,64
VQE_reduced_surrogate,73002,2277,1,0.0001220703125,657.4395937499949,665.4549,not_in_gurobi_pool,,1011111000110001111,00000100000101110,101111100011000111100000100000101110,128,8192,25,152,true,single,36,1.0e-10,64
VQE_reduced_surrogate,73002,2278,1,0.0001220703125,657.4500937500088,665.4654,not_in_gurobi_pool,,1100111111000101011,00000101110100010,110011111100010101100000101110100010,128,8192,25,152,true,single,36,1.0e-10,64
VQE_reduced_surrogate,73002,2279,1,0.0001220703125,657.5015937499966,665.5168999999999,not_in_gurobi_pool,,1101010001011001100,00000001010100000,110101000101100110000000001010100000,128,8192,25,152,true,single,36,1.0e-10,64
VQE_reduced_surrogate,73002,2421,1,0.0001220703125,678.9133437500091,665.5544999999997,not_in_gurobi_pool,,0000000101100001100,01100000010000000,000000010110000110001100000010000000,128,8192,25,152,true,single,36,1.0e-10,64
VQE_reduced_surrogate,73002,2484,1,0.0001220703125,689.7452187500035,665.6992999999997,not_in_gurobi_pool,,0110111110111100000,10000000000111000,011011111011110000010000000000111000,128,8192,25,152,true,single,36,1.0e-10,64
VQE_reduced_surrogate,73002,2280,1,0.0001220703125,657.7031937500199,665.7184999999997,not_in_gurobi_pool,,0000101110101000100,01000101000000000,000010111010100010001000101000000000,128,8192,25,152,true,single,36,1.0e-10,64
VQE_reduced_surrogate,73002,2340,1,0.0001220703125,668.3902687500108,665.7184999999998,not_in_gurobi_pool,,0000011110100000100,01000101000001000,000001111010000010001000101000001000,128,8192,25,152,true,single,36,1.0e-10,64
VQE_reduced_surrogate,73002,2485,1,0.0001220703125,689.8462187500081,665.8002999999998,not_in_gurobi_pool,,0110111110111010000,10000000000111000,011011111011101000010000000000111000,128,8192,25,152,true,single,36,1.0e-10,64
VQE_reduced_surrogate,73002,2207,1,0.0001220703125,647.1016187499977,665.8039999999996,not_in_gurobi_pool,,0001110110011011100,00000101010000000,000111011001101110000000101010000000,128,8192,25,152,true,single,36,1.0e-10,64
VQE_reduced_surrogate,73002,2281,1,0.0001220703125,658.1680937499982,666.1834,not_in_gurobi_pool,,1100011101110100001,10000001000101000,110001110111010000110000001000101000,128,8192,25,152,true,single,36,1.0e-10,64
VQE_reduced_surrogate,73002,2425,1,0.0001220703125,679.5972437500016,666.2384,not_in_gurobi_pool,,1100100011010110011,00100001011000001,110010001101011001100100001011000001,128,8192,25,152,true,single,36,1.0e-10,64
VQE_reduced_surrogate,73002,2342,1,0.0001220703125,668.9976687499945,666.3259,not_in_gurobi_pool,,0101000010011001111,00100001010000110,010100001001100111100100001010000110,128,8192,25,152,true,single,36,1.0e-10,64
VQE_reduced_surrogate,73002,2634,1,0.0001220703125,711.7863687499907,666.3663,not_in_gurobi_pool,,0110110011010000001,10001000011110000,011011001101000000110001000011110000,128,8192,25,152,true,single,36,1.0e-10,64
VQE_reduced_surrogate,73002,2635,1,0.0001220703125,711.7863687499946,666.3663,not_in_gurobi_pool,,0110010111011000001,10001000011110000,011001011101100000110001000011110000,128,8192,25,152,true,single,36,1.0e-10,64
VQE_reduced_surrogate,73002,2215,1,0.0001220703125,648.1270187499981,666.8293999999999,not_in_gurobi_pool,,1100011010011001101,00000101110100000,110001101001100110100000101110100000,128,8192,25,152,true,single,36,1.0e-10,64
VQE_reduced_surrogate,73002,2494,1,0.0001220703125,691.0742187500016,667.0283000000001,not_in_gurobi_pool,,0110111100110001100,00000000000111000,011011110011000110000000000000111000,128,8192,25,152,true,single,36,1.0e-10,64
VQE_reduced_surrogate,73002,2216,1,0.0001220703125,648.359018750006,667.0613999999999,not_in_gurobi_pool,,0010111000110000110,00000100000101111,001011100011000011000000100000101111,128,8192,25,152,true,single,36,1.0e-10,64
VQE_reduced_surrogate,73002,2343,1,0.0001220703125,669.736268750002,667.0644999999998,not_in_gurobi_pool,,0000011010111010011,01000101000001101,000001101011101001101000101000001101,128,8192,25,152,true,single,36,1.0e-10,64
VQE_reduced_surrogate,73002,2217,1,0.0001220703125,648.3796187500157,667.0819999999998,not_in_gurobi_pool,,0001111000110001100,00000101000001000,000111100011000110000000101000001000,128,8192,25,152,true,single,36,1.0e-10,64
VQE_reduced_surrogate,73002,2427,1,0.0001220703125,680.4702437500005,667.1113999999997,not_in_gurobi_pool,,1100101101101010100,00000001000000000,110010110110101010000000001000000000,128,8192,25,152,true,single,36,1.0e-10,64
VQE_reduced_surrogate,73002,2428,1,0.0001220703125,680.4702437500018,667.1113999999998,not_in_gurobi_pool,,1100001101101010101,00000001000000000,110000110110101010100000001000000000,128,8192,25,152,true,single,36,1.0e-10,64
VQE_reduced_surrogate,73002,2344,1,0.0001220703125,669.7936687500028,667.1218999999999,not_in_gurobi_pool,,0011001100111001101,00000100000000000,001100110011100110100000100000000000,128,8192,25,152,true,single,36,1.0e-10,64
VQE_reduced_surrogate,73002,2429,1,0.0001220703125,680.5651437500003,667.2063,not_in_gurobi_pool,,0110100111011010001,10100000011100000,011010011101101000110100000011100000,128,8192,25,152,true,single,36,1.0e-10,64
VQE_reduced_surrogate,73002,2346,1,0.0001220703125,669.9716687499965,667.2999,not_in_gurobi_pool,,0011100111011010001,10100100010000000,001110011101101000110100100010000000,128,8192,25,152,true,single,36,1.0e-10,64
VQE_reduced_surrogate,73002,2218,1,0.0001220703125,648.6029187499989,667.3053000000001,not_in_gurobi_pool,,0110111001010010011,00000101010110101,011011100101001001100000101010110101,128,8192,25,152,true,single,36,1.0e-10,64
VQE_reduced_surrogate,73002,2349,1,0.0001220703125,670.0671687499907,667.3953999999998,not_in_gurobi_pool,,1100100110111011111,00100000010000100,110010011011101111100100000010000100,128,8192,25,152,true,single,36,1.0e-10,64
VQE_reduced_surrogate,73002,2431,1,0.0001220703125,680.9012437500005,667.5423999999997,not_in_gurobi_pool,,1100101101101001100,00000001000000000,110010110110100110000000001000000000,128,8192,25,152,true,single,36,1.0e-10,64
VQE_reduced_surrogate,73002,2284,1,0.0001220703125,659.5530937499877,667.5683999999999,not_in_gurobi_pool,,1100101110010101101,00000101110000000,110010111001010110100000101110000000,128,8192,25,152,true,single,36,1.0e-10,64
VQE_reduced_surrogate,73002,2219,1,0.0001220703125,648.9336187500021,667.6359999999997,not_in_gurobi_pool,,1001101101101001101,00000101000000000,100110110110100110100000101000000000,128,8192,25,152,true,single,36,1.0e-10,64
VQE_reduced_surrogate,73002,2285,1,0.0001220703125,659.6540937499967,667.6693999999998,not_in_gurobi_pool,,1100101010011011101,00000101110000000,110010101001101110100000101110000000,128,8192,25,152,true,single,36,1.0e-10,64
VQE_reduced_surrogate,73002,2351,1,0.0001220703125,670.3731687500203,667.7013999999997,not_in_gurobi_pool,,0010000010110100100,00100000010000000,001000001011010010000100000010000000,128,8192,25,152,true,single,36,1.0e-10,64
VQE_reduced_surrogate,73002,2352,1,0.0001220703125,670.4026687499966,667.7309,not_in_gurobi_pool,,0011100111011001001,10100100010000000,001110011101100100110100100010000000,128,8192,25,152,true,single,36,1.0e-10,64
VQE_reduced_surrogate,73002,2433,1,0.0001220703125,681.1428437500249,667.7839999999997,not_in_gurobi_pool,,0001100010110100100,00100000000000000,000110001011010010000100000000000000,128,8192,25,152,true,single,36,1.0e-10,64
VQE_reduced_surrogate,73002,2286,1,0.0001220703125,659.7760937499995,667.7913999999998,not_in_gurobi_pool,,0100010010111010101,00000000010101000,010001001011101010100000000010101000,128,8192,25,152,true,single,36,1.0e-10,64
VQE_reduced_surrogate,73002,2353,1,0.0001220703125,670.5632687499979,667.8915,not_in_gurobi_pool,,0000101110101010111,01000101000000101,000010111010101011101000101000000101,128,8192,25,152,true,single,36,1.0e-10,64
VQE_reduced_surrogate,73002,2288,1,0.0001220703125,660.2070937500046,668.2223999999999,not_in_gurobi_pool,,0100110010111001100,00000000010101000,010011001011100110000000000010101000,128,8192,25,152,true,single,36,1.0e-10,64
VQE_reduced_surrogate,73002,2360,1,0.0001220703125,670.9051687500214,668.2333999999997,not_in_gurobi_pool,,0010000010111001100,00100000010000000,001000001011100110000100000010000000,128,8192,25,152,true,single,36,1.0e-10,64
VQE_reduced_surrogate,73002,2436,1,0.0001220703125,681.6143437500109,668.2554999999999,not_in_gurobi_pool,,0000110010110000110,01000000010001111,000011001011000011001000000010001111,128,8192,25,152,true,single,36,1.0e-10,64
VQE_reduced_surrogate,73002,2437,1,0.0001220703125,681.6148437499999,668.2559999999999,not_in_gurobi_pool,,1001011110010001110,00000111100000110,100101111001000111000000111100000110,128,8192,25,152,true,single,36,1.0e-10,64
VQE_reduced_surrogate,73002,2361,1,0.0001220703125,670.9340687499985,668.2622999999998,not_in_gurobi_pool,,0110110110110001101,00000000010111000,011011011011000110100000000010111000,128,8192,25,152,true,single,36,1.0e-10,64
VQE_reduced_surrogate,73002,2438,1,0.0001220703125,681.6222437499953,668.2633999999996,not_in_gurobi_pool,,0100101010110101011,00000001000000010,010010101011010101100000001000000010,128,8192,25,152,true,single,36,1.0e-10,64
VQE_reduced_surrogate,73002,2439,1,0.0001220703125,681.8032437500074,668.4443999999997,not_in_gurobi_pool,,1100001101101010111,00000001000000101,110000110110101011100000001000000101,128,8192,25,152,true,single,36,1.0e-10,64
VQE_reduced_surrogate,73002,2367,1,0.0001220703125,671.695168749997,669.0233999999998,not_in_gurobi_pool,,0100100110111100110,00100000010000011,010010011011110011000100000010000011,128,8192,25,152,true,single,36,1.0e-10,64
VQE_reduced_surrogate,73002,2289,1,0.0001220703125,661.0375937500048,669.0528999999998,not_in_gurobi_pool,,0101010111010001011,00000001010100110,010101011101000101100000001010100110,128,8192,25,152,true,single,36,1.0e-10,64
VQE_reduced_surrogate,73002,2291,1,0.0001220703125,661.1171937500033,669.1324999999997,not_in_gurobi_pool,,0000001100111011110,01000101000000100,000000110011101111001000101000000100,128,8192,25,152,true,single,36,1.0e-10,64
VQE_reduced_surrogate,73002,2292,1,0.0001220703125,661.190193750009,669.2055,not_in_gurobi_pool,,0000000101011011101,01100101011000000,000000010101101110101100101011000000,128,8192,25,152,true,single,36,1.0e-10,64
VQE_reduced_surrogate,73002,2441,1,0.0001220703125,682.6951437500036,669.3362999999999,not_in_gurobi_pool,,0110000001011010111,00100000011100101,011000000101101011100100000011100101,128,8192,25,152,true,single,36,1.0e-10,64
VQE_reduced_surrogate,73002,2229,1,0.0001220703125,650.6349187499954,669.3373000000001,not_in_gurobi_pool,,0110001110011100101,00000101010100000,011000111001110010100000101010100000,128,8192,25,152,true,single,36,1.0e-10,64
VQE_reduced_surrogate,73002,2165,1,0.0001220703125,639.9885437500102,669.3779999999997,not_in_gurobi_pool,,0001101001110010000,10000101000000000,000110100111001000010000101000000000,128,8192,25,152,true,single,36,1.0e-10,64
VQE_reduced_surrogate,73002,2231,1,0.0001220703125,650.8540187500028,669.5563999999999,not_in_gurobi_pool,,1100111011011001001,10000101110100000,110011101101100100110000101110100000,128,8192,25,152,true,single,36,1.0e-10,64
VQE_reduced_surrogate,73002,2294,1,0.0001220703125,661.5510937499998,669.5663999999999,not_in_gurobi_pool,,0010010110111001110,00000000010101110,001001011011100111000000000010101110,128,8192,25,152,true,single,36,1.0e-10,64
VQE_reduced_surrogate,73002,2444,1,0.0001220703125,683.1261437500063,669.7673,not_in_gurobi_pool,,0110000001011001111,00100000011100110,011000000101100111100100000011100110,128,8192,25,152,true,single,36,1.0e-10,64
VQE_reduced_surrogate,73002,2369,1,0.0001220703125,672.5361687499976,669.8643999999997,not_in_gurobi_pool,,1100001111011110001,10000101110000000,110000111101111000110000101110000000,128,8192,25,152,true,single,36,1.0e-10,64
VQE_reduced_surrogate,73002,2232,1,0.0001220703125,651.1890187499916,669.8913999999997,not_in_gurobi_pool,,0100001010011000110,00000101110000111,010000101001100011000000101110000111,128,8192,25,152,true,single,36,1.0e-10,64
VQE_reduced_surrogate,73002,2236,1,0.0001220703125,651.7730187499928,670.4753999999996,not_in_gurobi_pool,,0100010001111000100,00000000010101000,010001000111100010000000000010101000,128,8192,25,152,true,single,36,1.0e-10,64
VQE_reduced_surrogate,73002,2372,1,0.0001220703125,673.2112687499891,670.5395000000001,not_in_gurobi_pool,,0000101110011101101,01000111110000000,000010111001110110101000111110000000,128,8192,25,152,true,single,36,1.0e-10,64
VQE_reduced_surrogate,73002,2239,1,0.0001220703125,652.0689187499925,670.7713000000001,not_in_gurobi_pool,,0110001110011010111,00000101010100101,011000111001101011100000101010100101,128,8192,25,152,true,single,36,1.0e-10,64
VQE_reduced_surrogate,73002,2452,1,0.0001220703125,684.2237437499912,670.8648999999998,not_in_gurobi_pool,,0011001110011010111,00000111000000101,001100111001101011100000111000000101,128,8192,25,152,true,single,36,1.0e-10,64
VQE_reduced_surrogate,73002,2455,1,0.0001220703125,684.4422437499989,671.0833999999998,not_in_gurobi_pool,,1100101010111010110,00000001000000101,110010101011101011000000001000000101,128,8192,25,152,true,single,36,1.0e-10,64
VQE_reduced_surrogate,73002,2377,1,0.0001220703125,673.9571687499915,671.2854,not_in_gurobi_pool,,0100111011010000001,10001101110100000,010011101101000000110001101110100000,128,8192,25,152,true,single,36,1.0e-10,64
VQE_reduced_surrogate,73002,2246,1,0.0001220703125,652.9840187499963,671.6863999999998,not_in_gurobi_pool,,1100111001011001110,00000101110100110,110011100101100111000000101110100110,128,8192,25,152,true,single,36,1.0e-10,64
VQE_reduced_surrogate,73002,2247,1,0.0001220703125,652.9840187500054,671.6863999999998,not_in_gurobi_pool,,1100011001011001111,00000101110100110,110001100101100111100000101110100110,128,8192,25,152,true,single,36,1.0e-10,64
VQE_reduced_surrogate,73002,2459,1,0.0001220703125,685.0763437500191,671.7174999999997,not_in_gurobi_pool,,0000100001110001100,01100000010000000,000010000111000110001100000010000000,128,8192,25,152,true,single,36,1.0e-10,64
VQE_reduced_surrogate,73002,2312,1,0.0001220703125,663.7310937499976,671.7463999999998,not_in_gurobi_pool,,0100110001110001100,00000000010101000,010011000111000110000000000010101000,128,8192,25,152,true,single,36,1.0e-10,64
VQE_reduced_surrogate,73002,2383,1,0.0001220703125,674.4941687499957,671.8224000000001,not_in_gurobi_pool,,1100111110111110111,00000001000101001,110011111011111011100000001000101001,128,8192,25,152,true,single,36,1.0e-10,64
VQE_reduced_surrogate,73002,2386,1,0.0001220703125,674.6672687500004,671.9954999999998,not_in_gurobi_pool,,0000001011010100000,11000111110000000,000000101101010000011000111110000000,128,8192,25,152,true,single,36,1.0e-10,64
VQE_reduced_surrogate,73002,2249,1,0.0001220703125,653.3619187499974,672.0643000000002,not_in_gurobi_pool,,0110101111010100000,10000101010100000,011010111101010000010000101010100000,128,8192,25,152,true,single,36,1.0e-10,64
VQE_reduced_surrogate,73002,2317,1,0.0001220703125,664.3610937499993,672.3763999999999,not_in_gurobi_pool,,1100101111111100001,10000001000000000,110010111111110000110000001000000000,128,8192,25,152,true,single,36,1.0e-10,64
VQE_reduced_surrogate,73002,2318,1,0.0001220703125,664.3610937499966,672.3763999999999,not_in_gurobi_pool,,1100101111111100000,10000001000000000,110010111111110000010000001000000000,128,8192,25,152,true,single,36,1.0e-10,64
VQE_reduced_surrogate,73002,2319,1,0.0001220703125,664.4620937500031,672.4774,not_in_gurobi_pool,,1100101111111010001,10000001000000000,110010111111101000110000001000000000,128,8192,25,152,true,single,36,1.0e-10,64
VQE_reduced_surrogate,73002,2320,1,0.0001220703125,664.580993750003,672.5963,not_in_gurobi_pool,,0110111111011001001,10000101010110000,011011111101100100110000101010110000,128,8192,25,152,true,single,36,1.0e-10,64
VQE_reduced_surrogate,73002,2391,1,0.0001220703125,675.3211687499984,672.6494,not_in_gurobi_pool,,0100011110110100101,00000001000101000,010001111011010010100000001000101000,128,8192,25,152,true,single,36,1.0e-10,64
VQE_reduced_surrogate,73002,2392,1,0.0001220703125,675.3600687500079,672.6882999999997,not_in_gurobi_pool,,0110110101111010111,00000000010111101,011011010111101011100000000010111101,128,8192,25,152,true,single,36,1.0e-10,64
VQE_reduced_surrogate,73002,2465,1,0.0001220703125,686.4093437500137,673.0504999999998,not_in_gurobi_pool,,0000000001111001110,01100000010000110,000000000111100111001100000010000110,128,8192,25,152,true,single,36,1.0e-10,64
VQE_reduced_surrogate,73002,2398,1,0.0001220703125,675.8242687500192,673.1524999999999,not_in_gurobi_pool,,0000101010111001100,01000101000000000,000010101011100110001000101000000000,128,8192,25,152,true,single,36,1.0e-10,64
VQE_reduced_surrogate,73002,2399,1,0.0001220703125,675.8531687499976,673.1813999999997,not_in_gurobi_pool,,0100011110110001101,00000001000101000,010001111011000110100000001000101000,128,8192,25,152,true,single,36,1.0e-10,64
VQE_reduced_surrogate,73002,2400,1,0.0001220703125,676.0551687499915,673.3833999999999,not_in_gurobi_pool,,0100001111000001101,00000101110000000,010000111100000110100000101110000000,128,8192,25,152,true,single,36,1.0e-10,64
VQE_reduced_surrogate,73002,2262,1,0.0001220703125,654.7560187500014,673.4583999999998,not_in_gurobi_pool,,0100111011011010010,00000101110100101,010011101101101001000000101110100101,128,8192,25,152,true,single,36,1.0e-10,64
VQE_reduced_surrogate,73002,2182,1,0.0001220703125,644.2789437500019,673.6683999999998,not_in_gurobi_pool,,1100010111110000101,00000000010101000,110001011111000010100000000010101000,128,8192,25,152,true,single,36,1.0e-10,64
VQE_reduced_surrogate,73002,2406,1,0.0001220703125,676.6541687499971,673.9824000000001,not_in_gurobi_pool,,0100011110110100111,00000001000101011,010001111011010011100000001000101011,128,8192,25,152,true,single,36,1.0e-10,64
VQE_reduced_surrogate,73002,2408,1,0.0001220703125,676.7551687499972,674.0833999999998,not_in_gurobi_pool,,0100011110111010111,00000001000101101,010001111011101011100000001000101101,128,8192,25,152,true,single,36,1.0e-10,64
VQE_reduced_surrogate,73002,2409,1,0.0001220703125,676.755168749994,674.0833999999998,not_in_gurobi_pool,,0100111110111010110,00000001000101101,010011111011101011000000001000101101,128,8192,25,152,true,single,36,1.0e-10,64
VQE_reduced_surrogate,73002,2412,1,0.0001220703125,676.8561687499923,674.1844000000001,not_in_gurobi_pool,,0100001111000100111,00000101110000011,010000111100010011100000101110000011,128,8192,25,152,true,single,36,1.0e-10,64
VQE_reduced_surrogate,73002,2540,1,0.0001220703125,698.3024187500021,674.2565,not_in_gurobi_pool,,0000111111000010111,01000111110000101,000011111100001011101000111110000101,128,8192,25,152,true,single,36,1.0e-10,64
VQE_reduced_surrogate,73002,2626,1,0.0001220703125,709.3602937500045,674.6273,not_in_gurobi_pool,,0110110111011001100,00000000011110000,011011011101100110000000000011110000,128,8192,25,152,true,single,36,1.0e-10,64
VQE_reduced_surrogate,73002,2476,1,0.0001220703125,688.1787437499979,674.8198999999997,not_in_gurobi_pool,,0011101101011001110,00000111000000110,001110110101100111000000111000000110,128,8192,25,152,true,single,36,1.0e-10,64
VQE_reduced_surrogate,73002,2557,1,0.0001220703125,700.3602187500007,676.3142999999999,not_in_gurobi_pool,,0110101101111010100,00000000000100000,011010110111101010000000000000100000,128,8192,25,152,true,single,36,1.0e-10,64
VQE_reduced_surrogate,73002,2362,1,0.0001220703125,671.0100937500024,679.0253999999998,not_in_gurobi_pool,,0010011111011100101,00000111010100000,001001111101110010100000111010100000,128,8192,25,152,true,single,36,1.0e-10,64
VQE_reduced_surrogate,73002,2478,1,0.0001220703125,688.3749687500044,685.7031999999999,not_in_gurobi_pool,,1101110100000110001,10010001010100000,110111010000011000110010001010100000,128,8192,25,152,true,single,36,1.0e-10,64
VQE_reduced_surrogate,73002,2488,1,0.0001220703125,690.5459687500061,687.8741999999997,not_in_gurobi_pool,,0011000100001100000,10110100010000000,001100010000110000010110100010000000,128,8192,25,152,true,single,36,1.0e-10,64
VQE_reduced_surrogate,73002,2492,1,0.0001220703125,691.0669687499912,688.3951999999998,not_in_gurobi_pool,,0101000100001001001,10110001010000000,010100010000100100110110001010000000,128,8192,25,152,true,single,36,1.0e-10,64
VQE_reduced_surrogate,73002,2350,1,0.0001220703125,670.2303187499956,688.9326999999997,not_in_gurobi_pool,,1100110000100110001,10000000010101000,110011000010011000110000000010101000,128,8192,25,152,true,single,36,1.0e-10,64
VQE_reduced_surrogate,73002,2432,1,0.0001220703125,680.9173937499988,688.9326999999997,not_in_gurobi_pool,,1100100000100110000,10100000010000000,110010000010011000010100000010000000,128,8192,25,152,true,single,36,1.0e-10,64
VQE_reduced_surrogate,73002,2354,1,0.0001220703125,670.6613187499984,689.3636999999998,not_in_gurobi_pool,,1100110000100101000,10000000010101000,110011000010010100010000000010101000,128,8192,25,152,true,single,36,1.0e-10,64
VQE_reduced_surrogate,73002,2434,1,0.0001220703125,681.3483937499991,689.3636999999998,not_in_gurobi_pool,,1100000100100101000,10100000010000000,110000010010010100010100000010000000,128,8192,25,152,true,single,36,1.0e-10,64
VQE_reduced_surrogate,73002,2359,1,0.0001220703125,670.7623187499923,689.4646999999998,not_in_gurobi_pool,,1100010100100011001,10000000010101000,110001010010001100110000000010101000,128,8192,25,152,true,single,36,1.0e-10,64
VQE_reduced_surrogate,73002,2585,1,0.0001220703125,703.4060437499973,690.0471999999996,not_in_gurobi_pool,,0011000100001110011,00110100010000001,001100010000111001100110100010000001,128,8192,25,152,true,single,36,1.0e-10,64
VQE_reduced_surrogate,73002,2651,1,0.0001220703125,714.3730187499898,690.3270999999999,not_in_gurobi_pool,,1111110100010000001,10011000010110000,111111010001000000110011000010110000,128,8192,25,152,true,single,36,1.0e-10,64
VQE_reduced_surrogate,73002,2445,1,0.0001220703125,683.1582937499807,691.1736,not_in_gurobi_pool,,1110011000000010011,00010101010110101,111001100000001001100010101010110101,128,8192,25,152,true,single,36,1.0e-10,64
VQE_reduced_surrogate,73002,2446,1,0.0001220703125,683.1998937500002,691.2151999999996,not_in_gurobi_pool,,0101010100100100000,10000000000101000,010101010010010000010000000000101000,128,8192,25,152,true,single,36,1.0e-10,64
VQE_reduced_surrogate,73002,2447,1,0.0001220703125,683.2108937499956,691.2261999999996,not_in_gurobi_pool,,0011010100100100001,10000000000101000,001101010010010000110000000000101000,128,8192,25,152,true,single,36,1.0e-10,64
VQE_reduced_surrogate,73002,2448,1,0.0001220703125,683.2108937500025,691.2261999999996,not_in_gurobi_pool,,0011010100101100000,10000000000101000,001101010010110000010000000000101000,128,8192,25,152,true,single,36,1.0e-10,64
VQE_reduced_surrogate,73002,2510,1,0.0001220703125,693.8979687499993,691.2261999999996,not_in_gurobi_pool,,0011000100100100001,10100000000000000,001100010010010000110100000000000000,128,8192,25,152,true,single,36,1.0e-10,64
VQE_reduced_surrogate,73002,2509,1,0.0001220703125,693.8979687500007,691.2261999999997,not_in_gurobi_pool,,0011000100101100001,10100000000000000,001100010010110000110100000000000000,128,8192,25,152,true,single,36,1.0e-10,64
VQE_reduced_surrogate,73002,2511,1,0.0001220703125,693.9989687499999,691.3271999999996,not_in_gurobi_pool,,0011000100100010000,10100000000000000,001100010010001000010100000000000000,128,8192,25,152,true,single,36,1.0e-10,64
VQE_reduced_surrogate,73002,2601,1,0.0001220703125,706.1920437500078,692.8331999999998,not_in_gurobi_pool,,0011001000001100000,10010111000000000,001100100000110000010010111000000000,128,8192,25,152,true,single,36,1.0e-10,64
VQE_reduced_surrogate,73002,2517,1,0.0001220703125,695.6059687500033,692.9341999999997,not_in_gurobi_pool,,0011111000001010000,10010111000100000,001111100000101000010010111000100000,128,8192,25,152,true,single,36,1.0e-10,64
VQE_reduced_surrogate,73002,2518,1,0.0001220703125,695.7744687499978,693.1026999999999,not_in_gurobi_pool,,1100110000000011101,00010001011100000,110011000000001110100010001011100000,128,8192,25,152,true,single,36,1.0e-10,64
VQE_reduced_surrogate,73002,2380,1,0.0001220703125,674.4718187500027,693.1741999999998,not_in_gurobi_pool,,1101111000100100000,10000001000101000,110111100010010000010000001000101000,128,8192,25,152,true,single,36,1.0e-10,64
VQE_reduced_surrogate,73002,2381,1,0.0001220703125,674.4718187500014,693.1741999999999,not_in_gurobi_pool,,1101111000101100000,10000001000101000,110111100010110000010000001000101000,128,8192,25,152,true,single,36,1.0e-10,64
VQE_reduced_surrogate,73002,2382,1,0.0001220703125,674.4828187499986,693.1851999999999,not_in_gurobi_pool,,1011111000101100001,10000100000101000,101111100010110000110000100000101000,128,8192,25,152,true,single,36,1.0e-10,64
VQE_reduced_surrogate,73002,2384,1,0.0001220703125,674.5728187499997,693.2751999999998,not_in_gurobi_pool,,1101111000101010000,10000001000101000,110111100010101000010000001000101000,128,8192,25,152,true,single,36,1.0e-10,64
VQE_reduced_surrogate,73002,2385,1,0.0001220703125,674.5838187499987,693.2861999999998,not_in_gurobi_pool,,1011111000101010000,10000100000101000,101111100010101000010000100000101000,128,8192,25,152,true,single,36,1.0e-10,64
VQE_reduced_surrogate,73002,2522,1,0.0001220703125,695.9889687499854,693.3171999999998,not_in_gurobi_pool,,0101010010001000000,10001001010100000,010101001000100000010001001010100000,128,8192,25,152,true,single,36,1.0e-10,64
VQE_reduced_surrogate,73002,2388,1,0.0001220703125,674.8813187499925,693.5836999999999,not_in_gurobi_pool,,1100011000101001001,10000001000101000,110001100010100100110000001000101000,128,8192,25,152,true,single,36,1.0e-10,64
VQE_reduced_surrogate,73002,2608,1,0.0001220703125,707.3024437499955,693.9435999999998,not_in_gurobi_pool,,0110100100010100001,10110000011100000,011010010001010000110110000011100000,128,8192,25,152,true,single,36,1.0e-10,64
VQE_reduced_surrogate,73002,2462,1,0.0001220703125,686.0408937499981,694.0561999999998,not_in_gurobi_pool,,0101000110001100000,10100001010000000,010100011000110000010100001010000000,128,8192,25,152,true,single,36,1.0e-10,64
VQE_reduced_surrogate,73002,2397,1,0.0001220703125,675.5932187499907,694.2955999999996,not_in_gurobi_pool,,1110010000110100000,10000000010111000,111001000011010000010000000010111000,128,8192,25,152,true,single,36,1.0e-10,64
VQE_reduced_surrogate,73002,2612,1,0.0001220703125,707.7381437500039,694.3792999999997,not_in_gurobi_pool,,1001010010101100000,10000000000001000,100101001010110000010000000000001000,128,8192,25,152,true,single,36,1.0e-10,64
VQE_reduced_surrogate,73002,2613,1,0.0001220703125,707.7670437500074,694.4081999999997,not_in_gurobi_pool,,1101100110100100000,10100000000000000,110110011010010000010100000000000000,128,8192,25,152,true,single,36,1.0e-10,64
VQE_reduced_surrogate,73002,2614,1,0.0001220703125,707.7670437500051,694.4081999999997,not_in_gurobi_pool,,1101100110101100000,10100000000000000,110110011010110000010100000000000000,128,8192,25,152,true,single,36,1.0e-10,64
VQE_reduced_surrogate,73002,2615,1,0.0001220703125,707.7780437500046,694.4191999999997,not_in_gurobi_pool,,1011100110100100000,10100000000000000,101110011010010000010100000000000000,128,8192,25,152,true,single,36,1.0e-10,64
VQE_reduced_surrogate,73002,2616,1,0.0001220703125,707.8790437500038,694.5201999999996,not_in_gurobi_pool,,1011100110100010000,10100000000000000,101110011010001000010100000000000000,128,8192,25,152,true,single,36,1.0e-10,64
VQE_reduced_surrogate,73002,2530,1,0.0001220703125,697.386568750007,694.7147999999997,not_in_gurobi_pool,,0000100100011110001,11110101011000000,000010010001111000111110101011000000,128,8192,25,152,true,single,36,1.0e-10,64
VQE_reduced_surrogate,73002,2469,1,0.0001220703125,687.0803937500027,695.0956999999997,not_in_gurobi_pool,,1100100000110110000,10100000010000000,110010000011011000010100000010000000,128,8192,25,152,true,single,36,1.0e-10,64
VQE_reduced_surrogate,73002,2536,1,0.0001220703125,697.8464687500009,695.1747,not_in_gurobi_pool,,0100110000010101001,10010001011100000,010011000001010100110010001011100000,128,8192,25,152,true,single,36,1.0e-10,64
VQE_reduced_surrogate,73002,2537,1,0.0001220703125,697.969468749995,695.2976999999998,not_in_gurobi_pool,,1100100101000110001,10100001011000000,110010010100011000110100001011000000,128,8192,25,152,true,single,36,1.0e-10,64
VQE_reduced_surrogate,73002,2470,1,0.0001220703125,687.29039374999,695.3056999999999,not_in_gurobi_pool,,0100010010001011000,10000001011100000,010001001000101100010000001011100000,128,8192,25,152,true,single,36,1.0e-10,64
VQE_reduced_surrogate,73002,2538,1,0.0001220703125,697.9779687500009,695.3061999999995,not_in_gurobi_pool,,1101010100101010101,00000000000101000,110101010010101010100000000000101000,128,8192,25,152,true,single,36,1.0e-10,64
VQE_reduced_surrogate,73002,2623,1,0.0001220703125,708.6650437500036,695.3061999999995,not_in_gurobi_pool,,1101100100101010100,00100000000000000,110110010010101010000100000000000000,128,8192,25,152,true,single,36,1.0e-10,64
VQE_reduced_surrogate,73002,2688,1,0.0001220703125,719.7972187500031,695.7512999999998,not_in_gurobi_pool,,1001110110101011000,10000000000001000,100111011010101100010000000000001000,128,8192,25,152,true,single,36,1.0e-10,64
VQE_reduced_surrogate,73002,2543,1,0.0001220703125,698.5014687499895,695.8296999999998,not_in_gurobi_pool,,1100100001000011000,10100001011000000,110010000100001100010100001011000000,128,8192,25,152,true,single,36,1.0e-10,64
VQE_reduced_surrogate,73002,2627,1,0.0001220703125,709.4320437499955,696.0731999999998,not_in_gurobi_pool,,1101001000001000100,00010101100000000,110100100000100010000010101100000000,128,8192,25,152,true,single,36,1.0e-10,64
VQE_reduced_surrogate,73002,2544,1,0.0001220703125,699.2209687499992,696.5491999999997,not_in_gurobi_pool,,1011110000100100110,00000000000101011,101111000010010011000000000000101011,128,8192,25,152,true,single,36,1.0e-10,64
VQE_reduced_surrogate,73002,2698,1,0.0001220703125,720.7165187499954,696.6706,not_in_gurobi_pool,,1110010001000110011,00000000011110001,111001000100011001100000000011110001,128,8192,25,152,true,single,36,1.0e-10,64
VQE_reduced_surrogate,73002,2699,1,0.0001220703125,720.7261187500021,696.6801999999997,not_in_gurobi_pool,,0011110110101000000,10001000000101000,001111011010100000010001000000101000,128,8192,25,152,true,single,36,1.0e-10,64
VQE_reduced_surrogate,73002,2479,1,0.0001220703125,688.7488937499947,696.7642,not_in_gurobi_pool,,1011010001000110011,00000100010100001,101101000100011001100000100010100001,128,8192,25,152,true,single,36,1.0e-10,64
VQE_reduced_surrogate,73002,2628,1,0.0001220703125,710.1710437500014,696.8122000000001,not_in_gurobi_pool,,1101111000001100101,00010101100100000,110111100000110010100010101100100000,128,8192,25,152,true,single,36,1.0e-10,64
VQE_reduced_surrogate,73002,2550,1,0.0001220703125,699.7424687499695,697.0706999999998,not_in_gurobi_pool,,1100010001101000000,10001000010101000,110001000110100000010001000010101000,128,8192,25,152,true,single,36,1.0e-10,64
VQE_reduced_surrogate,73002,2551,1,0.0001220703125,699.805468749996,697.1336999999999,not_in_gurobi_pool,,1100101000010101001,10010101110000000,110010100001010100110010101110000000,128,8192,25,152,true,single,36,1.0e-10,64
VQE_reduced_surrogate,73002,2552,1,0.0001220703125,699.9285687500212,697.2567999999997,not_in_gurobi_pool,,0000100010101100000,11100000010000000,000010001010110000011100000010000000,128,8192,25,152,true,single,36,1.0e-10,64
VQE_reduced_surrogate,73002,2480,1,0.0001220703125,689.2813937500148,697.2966999999996,not_in_gurobi_pool,,0010100010100100000,10100000010000000,001010001010010000010100000010000000,128,8192,25,152,true,single,36,1.0e-10,64
VQE_reduced_surrogate,73002,2554,1,0.0001220703125,700.0295687500159,697.3577999999997,not_in_gurobi_pool,,0000100010100010000,11100000010000000,000010001010001000011100000010000000,128,8192,25,152,true,single,36,1.0e-10,64
VQE_reduced_surrogate,73002,2420,1,0.0001220703125,678.6812187500016,697.3835999999995,not_in_gurobi_pool,,0110110100101000100,00000000010111000,011011010010100010000000000010111000,128,8192,25,152,true,single,36,1.0e-10,64
VQE_reduced_surrogate,73002,2555,1,0.0001220703125,700.1509687499997,697.4791999999997,not_in_gurobi_pool,,0101000100110010000,10100000000000000,010100010011001000010100000000000000,128,8192,25,152,true,single,36,1.0e-10,64
VQE_reduced_surrogate,73002,2482,1,0.0001220703125,689.5758937499957,697.5911999999997,not_in_gurobi_pool,,0011000101000100000,10100100010000000,001100010100010000010100100010000000,128,8192,25,152,true,single,36,1.0e-10,64
VQE_reduced_surrogate,73002,2422,1,0.0001220703125,678.9168187499965,697.6191999999998,not_in_gurobi_pool,,0011111000101010011,00000100000101101,001111100010101001100000100000101101,128,8192,25,152,true,single,36,1.0e-10,64
VQE_reduced_surrogate,73002,2483,1,0.0001220703125,689.6768937499921,697.6921999999997,not_in_gurobi_pool,,0011000101001010000,10100100010000000,001100010100101000010100100010000000,128,8192,25,152,true,single,36,1.0e-10,64
VQE_reduced_surrogate,73002,2558,1,0.0001220703125,700.4605687500241,697.7887999999997,not_in_gurobi_pool,,0000100010100001000,11100000010000000,000010001010000100011100000010000000,128,8192,25,152,true,single,36,1.0e-10,64
VQE_reduced_surrogate,73002,2632,1,0.0001220703125,711.2621437499838,697.9032999999996,not_in_gurobi_pool,,1001010001100100000,10000000000001000,100101000110010000010000000000001000,128,8192,25,152,true,single,36,1.0e-10,64
VQE_reduced_surrogate,73002,2560,1,0.0001220703125,700.5819687499998,697.9101999999997,not_in_gurobi_pool,,0101000100110001001,10100000000000000,010100010011000100110100000000000000,128,8192,25,152,true,single,36,1.0e-10,64
VQE_reduced_surrogate,73002,2561,1,0.0001220703125,700.6084687500006,697.9366999999997,not_in_gurobi_pool,,1100100010010110000,10100001011000000,110010001001011000010100001011000000,128,8192,25,152,true,single,36,1.0e-10,64
VQE_reduced_surrogate,73002,2633,1,0.0001220703125,711.4234437500065,698.0645999999999,not_in_gurobi_pool,,1110100110001010100,00100000011100000,111010011000101010000100000011100000,128,8192,25,152,true,single,36,1.0e-10,64
VQE_reduced_surrogate,73002,2426,1,0.0001220703125,679.6159187500093,698.3182999999998,not_in_gurobi_pool,,0001111000100110011,00000101000001001,000111100010011001100000101000001001,128,8192,25,152,true,single,36,1.0e-10,64
VQE_reduced_surrogate,73002,2566,1,0.0001220703125,701.4725687499827,698.8008,not_in_gurobi_pool,,0000010001000011000,11000101011000000,000001000100001100011000101011000000,128,8192,25,152,true,single,36,1.0e-10,64
VQE_reduced_surrogate,73002,2638,1,0.0001220703125,712.2120437499925,698.8531999999997,not_in_gurobi_pool,,0011100110100010011,00100000000000101,001110011010001001100100000000000101,128,8192,25,152,true,single,36,1.0e-10,64
VQE_reduced_surrogate,73002,2567,1,0.0001220703125,701.5619687499966,698.8901999999997,not_in_gurobi_pool,,0011001100101011011,00000100000000100,001100110010101101100000100000000100,128,8192,25,152,true,single,36,1.0e-10,64
VQE_reduced_surrogate,73002,2491,1,0.0001220703125,690.9882937499967,699.0036000000001,not_in_gurobi_pool,,0110111000011010000,10010101010110000,011011100001101000010010101010110000,128,8192,25,152,true,single,36,1.0e-10,64
VQE_reduced_surrogate,73002,2640,1,0.0001220703125,712.4560437500056,699.0971999999999,not_in_gurobi_pool,,0011001100011010000,10010111000000000,001100110001101000010010111000000000,128,8192,25,152,true,single,36,1.0e-10,64
VQE_reduced_surrogate,73002,2568,1,0.0001220703125,701.7989687500065,699.1271999999999,not_in_gurobi_pool,,0011001110000010000,10000111000000000,001100111000001000010000111000000000,128,8192,25,152,true,single,36,1.0e-10,64
VQE_reduced_surrogate,73002,2570,1,0.0001220703125,701.955968749997,699.2841999999995,not_in_gurobi_pool,,0011110110101001010,00000000000101110,001111011010100101000000000000101110,128,8192,25,152,true,single,36,1.0e-10,64
VQE_reduced_surrogate,73002,2430,1,0.0001220703125,680.6869187499976,699.3892999999998,not_in_gurobi_pool,,1001110110000011101,00000101010000000,100111011000001110100000101010000000,128,8192,25,152,true,single,36,1.0e-10,64
VQE_reduced_surrogate,73002,2347,1,0.0001220703125,670.0272437499732,699.4166999999998,not_in_gurobi_pool,,1100011001000100001,10000101110100000,110001100100010000110000101110100000,128,8192,25,152,true,single,36,1.0e-10,64
VQE_reduced_surrogate,73002,2348,1,0.0001220703125,670.0498437500153,699.4392999999997,not_in_gurobi_pool,,1001101010101010000,10000101000000000,100110101010101000010000101000000000,128,8192,25,152,true,single,36,1.0e-10,64
VQE_reduced_surrogate,73002,2571,1,0.0001220703125,702.1304687499971,699.4586999999998,not_in_gurobi_pool,,0100100110100110011,00100000010000001,010010011010011001100100000010000001,128,8192,25,152,true,single,36,1.0e-10,64
VQE_reduced_surrogate,73002,2572,1,0.0001220703125,702.1414687499976,699.4696999999998,not_in_gurobi_pool,,0010100110100110011,00100000010000001,001010011010011001100100000010000001,128,8192,25,152,true,single,36,1.0e-10,64
VQE_reduced_surrogate,73002,2714,1,0.0001220703125,723.7067187500038,699.6607999999999,not_in_gurobi_pool,,0000011000000100100,01010111110000000,000001100000010010001010111110000000,128,8192,25,152,true,single,36,1.0e-10,64
VQE_reduced_surrogate,73002,2573,1,0.0001220703125,702.4484687500001,699.7766999999998,not_in_gurobi_pool,,1100001010100001000,10000001000000000,110000101010000100010000001000000000,128,8192,25,152,true,single,36,1.0e-10,64
VQE_reduced_surrogate,73002,2642,1,0.0001220703125,713.2196437500029,699.8607999999998,not_in_gurobi_pool,,0000000010100101011,01100000010000010,000000001010010101101100000010000010,128,8192,25,152,true,single,36,1.0e-10,64
VQE_reduced_surrogate,73002,2577,1,0.0001220703125,702.8359687500063,700.1641999999997,not_in_gurobi_pool,,1101001100100100100,00000001000000000,110100110010010010000000001000000000,128,8192,25,152,true,single,36,1.0e-10,64
VQE_reduced_surrogate,73002,2578,1,0.0001220703125,702.8359687500047,700.1641999999997,not_in_gurobi_pool,,1101101000101100100,00000001000000000,110110100010110010000000001000000000,128,8192,25,152,true,single,36,1.0e-10,64
VQE_reduced_surrogate,73002,2716,1,0.0001220703125,724.2405187499958,700.1945999999997,not_in_gurobi_pool,,0110010000011000100,00010000011110000,011001000001100010000010000011110000,128,8192,25,152,true,single,36,1.0e-10,64
VQE_reduced_surrogate,73002,2495,1,0.0001220703125,692.2148937500017,700.2301999999997,not_in_gurobi_pool,,0011000010010100001,10100100010000000,001100001001010000110100100010000000,128,8192,25,152,true,single,36,1.0e-10,64
VQE_reduced_surrogate,73002,2579,1,0.0001220703125,702.9679687499988,700.2961999999997,not_in_gurobi_pool,,0011000101001011011,00100100010000100,001100010100101101100100100010000100,128,8192,25,152,true,single,36,1.0e-10,64
VQE_reduced_surrogate,73002,2497,1,0.0001220703125,692.5213937499989,700.5366999999997,not_in_gurobi_pool,,1100100010101000101,00100000010000000,110010001010100010100100000010000000,128,8192,25,152,true,single,36,1.0e-10,64
VQE_reduced_surrogate,73002,2774,1,0.0001220703125,735.2705937500034,700.5376,not_in_gurobi_pool,,1110110100010101111,00010000011110010,111011010001010111100010000011110010,128,8192,25,152,true,single,36,1.0e-10,64
VQE_reduced_surrogate,73002,2498,1,0.0001220703125,692.5713937499988,700.5867,not_in_gurobi_pool,,1100111000111011000,10000001000101000,110011100011101100010000001000101000,128,8192,25,152,true,single,36,1.0e-10,64
VQE_reduced_surrogate,73002,2649,1,0.0001220703125,713.9755437500064,700.6166999999997,not_in_gurobi_pool,,1100101110101011000,10000001000000000,110010111010101100010000001000000000,128,8192,25,152,true,single,36,1.0e-10,64
VQE_reduced_surrogate,73002,2583,1,0.0001220703125,703.3425687499994,700.6707999999998,not_in_gurobi_pool,,0000100100111111011,01100000010000000,000010010011111101101100000010000000,128,8192,25,152,true,single,36,1.0e-10,64
VQE_reduced_surrogate,73002,2499,1,0.0001220703125,692.6953937500007,700.7106999999997,not_in_gurobi_pool,,0010000100111111011,00100000010000000,001000010011111101100100000010000000,128,8192,25,152,true,single,36,1.0e-10,64
VQE_reduced_surrogate,73002,2584,1,0.0001220703125,703.3945687499804,700.7227999999998,not_in_gurobi_pool,,1000010011001010000,11000101011000000,100001001100101000011000101011000000,128,8192,25,152,true,single,36,1.0e-10,64
VQE_reduced_surrogate,73002,2587,1,0.0001220703125,703.5535687500021,700.8817999999997,not_in_gurobi_pool,,0000100001101010000,11100000010000000,000010000110101000011100000010000000,128,8192,25,152,true,single,36,1.0e-10,64
VQE_reduced_surrogate,73002,2722,1,0.0001220703125,725.0095187500042,700.9635999999997,not_in_gurobi_pool,,0110110110001100100,00000000011110000,011011011000110010000000000011110000,128,8192,25,152,true,single,36,1.0e-10,64
VQE_reduced_surrogate,73002,2500,1,0.0001220703125,693.1673937499877,701.1826999999998,not_in_gurobi_pool,,1100010011001001001,10000001011100000,110001001100100100110000001011100000,128,8192,25,152,true,single,36,1.0e-10,64
VQE_reduced_surrogate,73002,2501,1,0.0001220703125,693.2603937500046,701.2756999999997,not_in_gurobi_pool,,1100110110101100100,00000000010101000,110011011010110010000000000010101000,128,8192,25,152,true,single,36,1.0e-10,64
VQE_reduced_surrogate,73002,2502,1,0.0001220703125,693.260393750006,701.2756999999997,not_in_gurobi_pool,,1100010110101100101,00000000010101000,110001011010110010100000000010101000,128,8192,25,152,true,single,36,1.0e-10,64
VQE_reduced_surrogate,73002,2590,1,0.0001220703125,703.947468750006,701.2756999999997,not_in_gurobi_pool,,1100100110100100100,00100000010000000,110010011010010010000100000010000000,128,8192,25,152,true,single,36,1.0e-10,64
VQE_reduced_surrogate,73002,2653,1,0.0001220703125,714.8291437499997,701.4702999999995,not_in_gurobi_pool,,1001000110101010101,00100000000000000,100100011010101010100100000000000000,128,8192,25,152,true,single,36,1.0e-10,64
VQE_reduced_surrogate,73002,2504,1,0.0001220703125,693.4912937499917,701.5066000000002,not_in_gurobi_pool,,0110101100010101011,00010101010100010,011010110001010101100010101010100010,128,8192,25,152,true,single,36,1.0e-10,64
VQE_reduced_surrogate,73002,2443,1,0.0001220703125,682.8089187500098,701.5112999999997,not_in_gurobi_pool,,1001101110100110010,00000101000000001,100110111010011001000000101000000001,128,8192,25,152,true,single,36,1.0e-10,64
VQE_reduced_surrogate,73002,2591,1,0.0001220703125,704.269968750001,701.5981999999997,not_in_gurobi_pool,,1101101100101010110,00000001000000101,110110110010101011000000001000000101,128,8192,25,152,true,single,36,1.0e-10,64
VQE_reduced_surrogate,73002,2723,1,0.0001220703125,725.7471187499993,701.7011999999997,not_in_gurobi_pool,,0011001000011011011,00010111000000100,001100100001101101100010111000000100,128,8192,25,152,true,single,36,1.0e-10,64
VQE_reduced_surrogate,73002,2724,1,0.0001220703125,725.8172187499895,701.7712999999999,not_in_gurobi_pool,,0001011001001000001,10001111100000000,000101100100100000110001111100000000,128,8192,25,152,true,single,36,1.0e-10,64
VQE_reduced_surrogate,73002,2506,1,0.0001220703125,693.7923937500029,701.8076999999996,not_in_gurobi_pool,,1100110110101001100,00000000010101000,110011011010100110000000000010101000,128,8192,25,152,true,single,36,1.0e-10,64
VQE_reduced_surrogate,73002,2449,1,0.0001220703125,683.2399187500055,701.9422999999998,not_in_gurobi_pool,,1001101010101101011,00000101000000010,100110101010110101100000101000000010,128,8192,25,152,true,single,36,1.0e-10,64
VQE_reduced_surrogate,73002,2654,1,0.0001220703125,715.3885437499871,702.0296999999998,not_in_gurobi_pool,,1100011101101000000,10001001000101000,110001110110100000010001001000101000,128,8192,25,152,true,single,36,1.0e-10,64
VQE_reduced_surrogate,73002,2512,1,0.0001220703125,694.0263937499976,702.0416999999998,not_in_gurobi_pool,,1100100101001000110,00100001011000111,110010010100100011000100001011000111,128,8192,25,152,true,single,36,1.0e-10,64
VQE_reduced_surrogate,73002,2656,1,0.0001220703125,715.6240437500051,702.2651999999997,not_in_gurobi_pool,,0101100101100100011,00100000000000011,010110010110010001100100000000000011,128,8192,25,152,true,single,36,1.0e-10,64
VQE_reduced_surrogate,73002,2657,1,0.0001220703125,715.6684437499946,702.3096000000003,not_in_gurobi_pool,,0110100110010110011,00100000011100001,011010011001011001100100000011100001,128,8192,25,152,true,single,36,1.0e-10,64
VQE_reduced_surrogate,73002,2513,1,0.0001220703125,694.3218937500073,702.3371999999997,not_in_gurobi_pool,,0101001100110100000,10000001000000000,010100110011010000010000001000000000,128,8192,25,152,true,single,36,1.0e-10,64
VQE_reduced_surrogate,73002,2661,1,0.0001220703125,715.7246437500019,702.3658,not_in_gurobi_pool,,0000101100001011111,01010111110000100,000010110000101111101010111110000100,128,8192,25,152,true,single,36,1.0e-10,64
VQE_reduced_surrogate,73002,2597,1,0.0001220703125,705.0749687499945,702.4031999999996,not_in_gurobi_pool,,0011100110010110011,00100100010000001,001110011001011001100100100010000001,128,8192,25,152,true,single,36,1.0e-10,64
VQE_reduced_surrogate,73002,2599,1,0.0001220703125,705.3119687499905,702.6401999999998,not_in_gurobi_pool,,0101001101001010000,10000101100000000,010100110100101000010000101100000000,128,8192,25,152,true,single,36,1.0e-10,64
VQE_reduced_surrogate,73002,2664,1,0.0001220703125,716.0994437499967,702.7406000000003,not_in_gurobi_pool,,0110100010010101011,00100000011100010,011010001001010101100100000011100010,128,8192,25,152,true,single,36,1.0e-10,64
VQE_reduced_surrogate,73002,2665,1,0.0001220703125,716.2416437499896,702.8827999999999,not_in_gurobi_pool,,0000100011001000001,11101101011000000,000010001100100000111101101011000000,128,8192,25,152,true,single,36,1.0e-10,64
VQE_reduced_surrogate,73002,2515,1,0.0001220703125,694.978393750001,702.9936999999999,not_in_gurobi_pool,,0010110101100110010,00000000010101001,001011010110011001000000000010101001,128,8192,25,152,true,single,36,1.0e-10,64
VQE_reduced_surrogate,73002,2667,1,0.0001220703125,716.5414437500087,703.1825999999999,not_in_gurobi_pool,,0110101100101010100,00000000000100000,011010110010101010000000000000100000,128,8192,25,152,true,single,36,1.0e-10,64
VQE_reduced_surrogate,73002,2668,1,0.0001220703125,716.592043750002,703.2331999999998,not_in_gurobi_pool,,1101000000111001110,00100000000000110,110100000011100111000100000000000110,128,8192,25,152,true,single,36,1.0e-10,64
VQE_reduced_surrogate,73002,2669,1,0.0001220703125,716.6030437500008,703.2441999999999,not_in_gurobi_pool,,1011000100111001110,00100000000000110,101100010011100111000100000000000110,128,8192,25,152,true,single,36,1.0e-10,64
VQE_reduced_surrogate,73002,2456,1,0.0001220703125,684.71631875,703.4186999999997,not_in_gurobi_pool,,1100110100110110110,00000000010101001,110011010011011011000000000010101001,128,8192,25,152,true,single,36,1.0e-10,64
VQE_reduced_surrogate,73002,2457,1,0.0001220703125,684.7573187500077,703.4596999999997,not_in_gurobi_pool,,0010010010110100000,10000000010101000,001001001011010000010000000010101000,128,8192,25,152,true,single,36,1.0e-10,64
VQE_reduced_surrogate,73002,2378,1,0.0001220703125,674.0872437499952,703.4766999999999,not_in_gurobi_pool,,1100111010000000110,00000101110100111,110011101000000011000000101110100111,128,8192,25,152,true,single,36,1.0e-10,64
VQE_reduced_surrogate,73002,2600,1,0.0001220703125,706.1864687499897,703.5146999999998,not_in_gurobi_pool,,0100000001101011011,00100000010000100,010000000110101101100100000010000100,128,8192,25,152,true,single,36,1.0e-10,64
VQE_reduced_surrogate,73002,2736,1,0.0001220703125,727.5641187500084,703.5182,not_in_gurobi_pool,,1011001100011001100,00010111000000000,101100110001100110000010111000000000,128,8192,25,152,true,single,36,1.0e-10,64
VQE_reduced_surrogate,73002,2516,1,0.0001220703125,695.5583937499971,703.5736999999998,not_in_gurobi_pool,,0100111000101001101,00000001000101000,010011100010100110100000001000101000,128,8192,25,152,true,single,36,1.0e-10,64
VQE_reduced_surrogate,73002,2603,1,0.0001220703125,706.3919687500036,703.7201999999999,not_in_gurobi_pool,,0011101100111011000,10000100000000000,001110110011101100010000100000000000,128,8192,25,152,true,single,36,1.0e-10,64
VQE_reduced_surrogate,73002,2519,1,0.0001220703125,695.8343937499983,703.8496999999998,not_in_gurobi_pool,,1100100100111101110,00100000010000010,110010010011110111000100000010000010,128,8192,25,152,true,single,36,1.0e-10,64
VQE_reduced_surrogate,73002,2521,1,0.0001220703125,695.8698937499992,703.8851999999998,not_in_gurobi_pool,,0011110111000010000,10000100010100000,001111011100001000010000100010100000,128,8192,25,152,true,single,36,1.0e-10,64
VQE_reduced_surrogate,73002,2604,1,0.0001220703125,706.6150687499955,703.9432999999997,not_in_gurobi_pool,,1001100100111101110,00100000000000010,100110010011110111000100000000000010,128,8192,25,152,true,single,36,1.0e-10,64
VQE_reduced_surrogate,73002,2523,1,0.0001220703125,696.0052937500072,704.0206,not_in_gurobi_pool,,0110110110110001000,10000000010111000,011011011011000100010000000010111000,128,8192,25,152,true,single,36,1.0e-10,64
VQE_reduced_surrogate,73002,2605,1,0.0001220703125,706.8260687499987,704.1542999999995,not_in_gurobi_pool,,1001100001101000101,00100000000000000,100110000110100010100100000000000000,128,8192,25,152,true,single,36,1.0e-10,64
VQE_reduced_surrogate,73002,2460,1,0.0001220703125,685.4998187499993,704.2021999999998,not_in_gurobi_pool,,0101011100111001011,00000001000101110,010101110011100101100000001000101110,128,8192,25,152,true,single,36,1.0e-10,64
VQE_reduced_surrogate,73002,2739,1,0.0001220703125,728.2927187500004,704.2467999999997,not_in_gurobi_pool,,0000010010100100101,01000000010001000,000001001010010010101000000010001000,128,8192,25,152,true,single,36,1.0e-10,64
VQE_reduced_surrogate,73002,2461,1,0.0001220703125,685.6842187500001,704.3865999999998,not_in_gurobi_pool,,0110000100110010101,00100000010100000,011000010011001010100100000010100000,128,8192,25,152,true,single,36,1.0e-10,64
VQE_reduced_surrogate,73002,2607,1,0.0001220703125,707.0894687500049,704.4176999999999,not_in_gurobi_pool,,0100111110100110011,00000001000101001,010011111010011001100000001000101001,128,8192,25,152,true,single,36,1.0e-10,64
VQE_reduced_surrogate,73002,2742,1,0.0001220703125,728.4735187499996,704.4275999999999,not_in_gurobi_pool,,0110111100110110011,00000000000111001,011011110011011001100000000000111001,128,8192,25,152,true,single,36,1.0e-10,64
VQE_reduced_surrogate,73002,2525,1,0.0001220703125,696.4453937499968,704.4606999999999,not_in_gurobi_pool,,0100110001010110000,10000001011100000,010011000101011000010000001011100000,128,8192,25,152,true,single,36,1.0e-10,64
VQE_reduced_surrogate,73002,2675,1,0.0001220703125,718.150643750012,704.7917999999999,not_in_gurobi_pool,,0000100110111011000,11100000010000000,000010011011101100011100000010000000,128,8192,25,152,true,single,36,1.0e-10,64
VQE_reduced_surrogate,73002,2676,1,0.0001220703125,718.1506437500163,704.7917999999999,not_in_gurobi_pool,,0000000010111011000,11100000010000000,000000001011101100011100000010000000,128,8192,25,152,true,single,36,1.0e-10,64
VQE_reduced_surrogate,73002,2609,1,0.0001220703125,707.4714687499923,704.7996999999996,not_in_gurobi_pool,,1100000101100100100,00100000010000000,110000010110010010000100000010000000,128,8192,25,152,true,single,36,1.0e-10,64
VQE_reduced_surrogate,73002,2526,1,0.0001220703125,696.7843937500063,704.7996999999997,not_in_gurobi_pool,,1100010101101100101,00000000010101000,110001010110110010100000000010101000,128,8192,25,152,true,single,36,1.0e-10,64
VQE_reduced_surrogate,73002,2463,1,0.0001220703125,686.1152187500097,704.8175999999999,not_in_gurobi_pool,,0110100100111001100,00100000010100000,011010010011100110000100000010100000,128,8192,25,152,true,single,36,1.0e-10,64
VQE_reduced_surrogate,73002,2610,1,0.0001220703125,707.503468750011,704.8316999999998,not_in_gurobi_pool,,0010000110111011000,10100000010000000,001000011011101100010100000010000000,128,8192,25,152,true,single,36,1.0e-10,64
VQE_reduced_surrogate,73002,2611,1,0.0001220703125,707.5204687500004,704.8486999999999,not_in_gurobi_pool,,0100111110100101011,00000001000101010,010011111010010101100000001000101010,128,8192,25,152,true,single,36,1.0e-10,64
VQE_reduced_surrogate,73002,2527,1,0.0001220703125,696.9578937500034,704.9731999999998,not_in_gurobi_pool,,0011110000110000110,00000000000101111,001111000011000011000000000000101111,128,8192,25,152,true,single,36,1.0e-10,64
VQE_reduced_surrogate,73002,2464,1,0.0001220703125,686.3839187500078,705.0862999999998,not_in_gurobi_pool,,0001110001010011000,10000101010000000,000111000101001100010000101010000000,128,8192,25,152,true,single,36,1.0e-10,64
VQE_reduced_surrogate,73002,2528,1,0.0001220703125,697.0978937499997,705.1131999999998,not_in_gurobi_pool,,0011110001000001100,00000100010100000,001111000100000110000000100010100000,128,8192,25,152,true,single,36,1.0e-10,64
VQE_reduced_surrogate,73002,2617,1,0.0001220703125,707.9619687500099,705.2901999999999,not_in_gurobi_pool,,0011001110010010000,10000111000000000,001100111001001000010000111000000000,128,8192,25,152,true,single,36,1.0e-10,64
VQE_reduced_surrogate,73002,2531,1,0.0001220703125,697.4433937500023,705.4586999999999,not_in_gurobi_pool,,1100010010011011101,00000001011100000,110001001001101110100000001011100000,128,8192,25,152,true,single,36,1.0e-10,64
VQE_reduced_surrogate,73002,2618,1,0.0001220703125,708.1595687500092,705.4877999999997,not_in_gurobi_pool,,0000100100111101101,01100000010000000,000010010011110110101100000010000000,128,8192,25,152,true,single,36,1.0e-10,64
VQE_reduced_surrogate,73002,2619,1,0.0001220703125,708.2019687500053,705.5301999999998,not_in_gurobi_pool,,1101001110110100000,10000001000000000,110100111011010000010000001000000000,128,8192,25,152,true,single,36,1.0e-10,64
VQE_reduced_surrogate,73002,2620,1,0.0001220703125,708.2129687500076,705.5411999999998,not_in_gurobi_pool,,1011001110110100000,10000100000000000,101100111011010000010000100000000000,128,8192,25,152,true,single,36,1.0e-10,64
VQE_reduced_surrogate,73002,2401,1,0.0001220703125,676.1902437499762,705.5796999999998,not_in_gurobi_pool,,1100011001010100000,10000101110100000,110001100101010000010000101110100000,128,8192,25,152,true,single,36,1.0e-10,64
VQE_reduced_surrogate,73002,2467,1,0.0001220703125,686.8999187500106,705.6023,not_in_gurobi_pool,,1001111010111010000,10000101000001000,100111101011101000010000101000001000,128,8192,25,152,true,single,36,1.0e-10,64
VQE_reduced_surrogate,73002,2621,1,0.0001220703125,708.293468749998,705.6216999999998,not_in_gurobi_pool,,0100100010110110011,00100000010000001,010010001011011001100100000010000001,128,8192,25,152,true,single,36,1.0e-10,64
VQE_reduced_surrogate,73002,2533,1,0.0001220703125,697.7244937500038,705.7397999999997,not_in_gurobi_pool,,0000101001100100001,11000101000000000,000010100110010000111000101000000000,128,8192,25,152,true,single,36,1.0e-10,64
VQE_reduced_surrogate,73002,2534,1,0.0001220703125,697.7244937500097,705.7397999999997,not_in_gurobi_pool,,0000101001100100000,11000101000000000,000010100110010000011000101000000000,128,8192,25,152,true,single,36,1.0e-10,64
VQE_reduced_surrogate,73002,2403,1,0.0001220703125,676.3526437499936,705.7420999999999,not_in_gurobi_pool,,1111101101011100000,10000101000100000,111110110101110000010000101000100000,128,8192,25,152,true,single,36,1.0e-10,64
VQE_reduced_surrogate,73002,2622,1,0.0001220703125,708.4294687500012,705.7576999999998,not_in_gurobi_pool,,0010101000101011111,00000100000000100,001010100010101111100000100000000100,128,8192,25,152,true,single,36,1.0e-10,64
VQE_reduced_surrogate,73002,2684,1,0.0001220703125,719.1935437499981,705.8346999999997,not_in_gurobi_pool,,0010100111000110011,00100100011000001,001010011100011001100100100011000001,128,8192,25,152,true,single,36,1.0e-10,64
VQE_reduced_surrogate,73002,2535,1,0.0001220703125,697.8254937500053,705.8407999999997,not_in_gurobi_pool,,0000101001101010000,11000101000000000,000010100110101000011000101000000000,128,8192,25,152,true,single,36,1.0e-10,64
VQE_reduced_surrogate,73002,2539,1,0.0001220703125,698.0483937500012,706.0636999999996,not_in_gurobi_pool,,0010110010110101011,00000000010101010,001011001011010101100000000010101010,128,8192,25,152,true,single,36,1.0e-10,64
VQE_reduced_surrogate,73002,2407,1,0.0001220703125,676.7222437499863,706.1116999999999,not_in_gurobi_pool,,1100011001010001001,10000101110100000,110001100101000100110000101110100000,128,8192,25,152,true,single,36,1.0e-10,64
VQE_reduced_surrogate,73002,2624,1,0.0001220703125,708.8254687499923,706.1537,not_in_gurobi_pool,,0100000010110011011,00100000010000100,010000001011001101100100000010000100,128,8192,25,152,true,single,36,1.0e-10,64
VQE_reduced_surrogate,73002,2625,1,0.0001220703125,708.9844687500047,706.3127,not_in_gurobi_pool,,0100100101001001110,00100001011000110,010010010100100111000100001011000110,128,8192,25,152,true,single,36,1.0e-10,64
VQE_reduced_surrogate,73002,2542,1,0.0001220703125,698.3693937499979,706.3847000000001,not_in_gurobi_pool,,0100011100011001100,00010101110100000,010001110001100110000010101110100000,128,8192,25,152,true,single,36,1.0e-10,64
VQE_reduced_surrogate,73002,2473,1,0.0001220703125,687.7123187499944,706.4147,not_in_gurobi_pool,,0100111010001001101,00000101110100000,010011101000100110100000101110100000,128,8192,25,152,true,single,36,1.0e-10,64
VQE_reduced_surrogate,73002,2693,1,0.0001220703125,720.1385437500062,706.7796999999997,not_in_gurobi_pool,,1100101110110011000,10000001000000000,110010111011001100010000001000000000,128,8192,25,152,true,single,36,1.0e-10,64
VQE_reduced_surrogate,73002,2474,1,0.0001220703125,688.0963187499995,706.7986999999998,not_in_gurobi_pool,,1100011000111000111,00000001000101111,110001100011100011100000001000101111,128,8192,25,152,true,single,36,1.0e-10,64
VQE_reduced_surrogate,73002,2696,1,0.0001220703125,720.5456437499997,707.1868,not_in_gurobi_pool,,0000111110001100110,01000111110000011,000011111000110011001000111110000011,128,8192,25,152,true,single,36,1.0e-10,64
VQE_reduced_surrogate,73002,2545,1,0.0001220703125,699.2532937499996,707.2686000000002,not_in_gurobi_pool,,0110111110010110011,00000101010110001,011011111001011001100000101010110001,128,8192,25,152,true,single,36,1.0e-10,64
VQE_reduced_surrogate,73002,2546,1,0.0001220703125,699.2713937499946,707.2867000000001,not_in_gurobi_pool,,0100111000011010110,00010101110100101,010011100001101011000010101110100101,128,8192,25,152,true,single,36,1.0e-10,64
VQE_reduced_surrogate,73002,2700,1,0.0001220703125,720.7686437500156,707.4097999999997,not_in_gurobi_pool,,1000100010110100100,01100000010000000,100010001011010010001100000010000000,128,8192,25,152,true,single,36,1.0e-10,64
VQE_reduced_surrogate,73002,2701,1,0.0001220703125,720.9395437499982,707.5806999999999,not_in_gurobi_pool,,1100001010110110011,00000001000000001,110000101011011001100000001000000001,128,8192,25,152,true,single,36,1.0e-10,64
VQE_reduced_surrogate,73002,2547,1,0.0001220703125,699.6842937499923,707.6995999999998,not_in_gurobi_pool,,0110111110010101011,00000101010110010,011011111001010101100000101010110010,128,8192,25,152,true,single,36,1.0e-10,64
VQE_reduced_surrogate,73002,2549,1,0.0001220703125,699.7023937499946,707.7177000000001,not_in_gurobi_pool,,0100111000011001110,00010101110100110,010011100001100111000010101110100110,128,8192,25,152,true,single,36,1.0e-10,64
VQE_reduced_surrogate,73002,2758,1,0.0001220703125,731.8481187499992,707.8021999999999,not_in_gurobi_pool,,0011001110111000001,10001100000000000,001100111011100000110001100000000000,128,8192,25,152,true,single,36,1.0e-10,64
VQE_reduced_surrogate,73002,2553,1,0.0001220703125,699.9952937500072,708.0106,not_in_gurobi_pool,,1110100110110001100,00100000010100000,111010011011000110000100000010100000,128,8192,25,152,true,single,36,1.0e-10,64
VQE_reduced_surrogate,73002,2481,1,0.0001220703125,689.4609187499973,708.1632999999999,not_in_gurobi_pool,,1001111000111001110,00000101000001110,100111100011100111000000101000001110,128,8192,25,152,true,single,36,1.0e-10,64
VQE_reduced_surrogate,73002,2703,1,0.0001220703125,721.5250437499963,708.1661999999999,not_in_gurobi_pool,,1011100110110000110,00100000000000111,101110011011000011000100000000000111,128,8192,25,152,true,single,36,1.0e-10,64
VQE_reduced_surrogate,73002,2556,1,0.0001220703125,700.3293937500009,708.3446999999998,not_in_gurobi_pool,,0100010101111011001,10000000010101000,010001010111101100110000000010101000,128,8192,25,152,true,single,36,1.0e-10,64
VQE_reduced_surrogate,73002,2761,1,0.0001220703125,732.3931187499995,708.3471999999997,not_in_gurobi_pool,,1011101111000101011,00000111000000010,101110111100010101100000111000000010,128,8192,25,152,true,single,36,1.0e-10,64
VQE_reduced_surrogate,73002,2629,1,0.0001220703125,711.1165687500043,708.4447999999996,not_in_gurobi_pool,,0000101001101011011,01000101000000100,000010100110101101101000101000000100,128,8192,25,152,true,single,36,1.0e-10,64
VQE_reduced_surrogate,73002,2630,1,0.0001220703125,711.1414687500092,708.4696999999999,not_in_gurobi_pool,,0010000010011011101,00100100011000000,001000001001101110100100100011000000,128,8192,25,152,true,single,36,1.0e-10,64
VQE_reduced_surrogate,73002,2631,1,0.0001220703125,711.1674687500042,708.4956999999996,not_in_gurobi_pool,,0100001110101000100,00000001000000000,010000111010100010000000001000000000,128,8192,25,152,true,single,36,1.0e-10,64
VQE_reduced_surrogate,73002,2559,1,0.0001220703125,700.4933937500016,708.5086999999999,not_in_gurobi_pool,,0100111010111010001,10000001000101000,010011101011101000110000001000101000,128,8192,25,152,true,single,36,1.0e-10,64
VQE_reduced_surrogate,73002,2486,1,0.0001220703125,690.0182187499968,708.7206,not_in_gurobi_pool,,0110111001011010000,10000101010110000,011011100101101000010000101010110000,128,8192,25,152,true,single,36,1.0e-10,64
VQE_reduced_surrogate,73002,2562,1,0.0001220703125,700.7563937500015,708.7716999999998,not_in_gurobi_pool,,1100110010111100110,00000000010101011,110011001011110011000000000010101011,128,8192,25,152,true,single,36,1.0e-10,64
VQE_reduced_surrogate,73002,2705,1,0.0001220703125,722.3190437499984,708.9601999999996,not_in_gurobi_pool,,0101000001111001011,00100000000000110,010100000111100101100100000000000110,128,8192,25,152,true,single,36,1.0e-10,64
VQE_reduced_surrogate,73002,2563,1,0.0001220703125,701.0468937499995,709.0621999999998,not_in_gurobi_pool,,0101111110111001001,10000001000101000,010111111011100100110000001000101000,128,8192,25,152,true,single,36,1.0e-10,64
VQE_reduced_surrogate,73002,2564,1,0.0001220703125,701.069893749996,709.0852,not_in_gurobi_pool,,0011010010011001111,00000100010100110,001101001001100111100000100010100110,128,8192,25,152,true,single,36,1.0e-10,64
VQE_reduced_surrogate,73002,2764,1,0.0001220703125,733.1497187500074,709.1037999999998,not_in_gurobi_pool,,0000110101100100110,01000000010001011,000011010110010011001000000010001011,128,8192,25,152,true,single,36,1.0e-10,64
VQE_reduced_surrogate,73002,2706,1,0.0001220703125,722.4756437500052,709.1167999999997,not_in_gurobi_pool,,0000100001110110011,01100000010000001,000010000111011001101100000010000001,128,8192,25,152,true,single,36,1.0e-10,64
VQE_reduced_surrogate,73002,2487,1,0.0001220703125,690.4492187499973,709.1516,not_in_gurobi_pool,,0110111001011001001,10000101010110000,011011100101100100110000101010110000,128,8192,25,152,true,single,36,1.0e-10,64
VQE_reduced_surrogate,73002,2636,1,0.0001220703125,711.8475687500118,709.1757999999998,not_in_gurobi_pool,,0000011000110100100,01000101000001000,000001100011010010001000101000001000,128,8192,25,152,true,single,36,1.0e-10,64
VQE_reduced_surrogate,73002,2565,1,0.0001220703125,701.1893937499958,709.2046999999998,not_in_gurobi_pool,,0100011000110100101,00000001000101000,010001100011010010100000001000101000,128,8192,25,152,true,single,36,1.0e-10,64
VQE_reduced_surrogate,73002,2637,1,0.0001220703125,711.9169687500021,709.2451999999998,not_in_gurobi_pool,,0011001101010001001,10000111000000000,001100110101000100110000111000000000,128,8192,25,152,true,single,36,1.0e-10,64
VQE_reduced_surrogate,73002,2489,1,0.0001220703125,690.8053187499925,709.5076999999999,not_in_gurobi_pool,,0100111001000010100,00000101110100000,010011100100001010000000101110100000,128,8192,25,152,true,single,36,1.0e-10,64
VQE_reduced_surrogate,73002,2490,1,0.0001220703125,690.8053187499977,709.5076999999999,not_in_gurobi_pool,,0100011101001010101,00000101110100000,010001110100101010100000101110100000,128,8192,25,152,true,single,36,1.0e-10,64
VQE_reduced_surrogate,73002,2708,1,0.0001220703125,723.1096437500048,709.7507999999997,not_in_gurobi_pool,,0000111110111011000,11000101000001000,000011111011101100011000101000001000,128,8192,25,152,true,single,36,1.0e-10,64
VQE_reduced_surrogate,73002,2709,1,0.0001220703125,723.1255437499981,709.7666999999997,not_in_gurobi_pool,,0100001110101001101,00000001000000000,010000111010100110100000001000000000,128,8192,25,152,true,single,36,1.0e-10,64
VQE_reduced_surrogate,73002,2710,1,0.0001220703125,723.1365437500117,709.7776999999996,not_in_gurobi_pool,,0010101110101001100,00000100000000000,001010111010100110000000100000000000,128,8192,25,152,true,single,36,1.0e-10,64
VQE_reduced_surrogate,73002,2569,1,0.0001220703125,701.9233937499957,709.9386999999997,not_in_gurobi_pool,,0100001001001001100,00000101110000000,010000100100100110000000101110000000,128,8192,25,152,true,single,36,1.0e-10,64
VQE_reduced_surrogate,73002,2641,1,0.0001220703125,712.6469687499969,709.9751999999995,not_in_gurobi_pool,,0011001110110010011,00000100000000101,001100111011001001100000100000000101,128,8192,25,152,true,single,36,1.0e-10,64
VQE_reduced_surrogate,73002,2643,1,0.0001220703125,713.2235687500004,710.5517999999996,not_in_gurobi_pool,,0000001010110110011,01000101000000001,000000101011011001101000101000000001,128,8192,25,152,true,single,36,1.0e-10,64
VQE_reduced_surrogate,73002,2715,1,0.0001220703125,723.9265437500021,710.5676999999998,not_in_gurobi_pool,,0100101110100100110,00000001000000011,010010111010010011000000001000000011,128,8192,25,152,true,single,36,1.0e-10,64
VQE_reduced_surrogate,73002,2574,1,0.0001220703125,702.5613937499888,710.5766999999998,not_in_gurobi_pool,,0100111100111011101,00000001000101000,010011110011101110100000001000101000,128,8192,25,152,true,single,36,1.0e-10,64
VQE_reduced_surrogate,73002,2770,1,0.0001220703125,734.666518749995,710.6206000000001,not_in_gurobi_pool,,0110101010111110011,00000000000100001,011010101011111001100000000000100001,128,8192,25,152,true,single,36,1.0e-10,64
VQE_reduced_surrogate,73002,2576,1,0.0001220703125,702.6233937499933,710.6386999999997,not_in_gurobi_pool,,0100011000111010111,00000001000101101,010001100011101011100000001000101101,128,8192,25,152,true,single,36,1.0e-10,64
VQE_reduced_surrogate,73002,2575,1,0.0001220703125,702.6233937499978,710.6387,not_in_gurobi_pool,,0100111000110010110,00000001000101101,010011100011001011000000001000101101,128,8192,25,152,true,single,36,1.0e-10,64
VQE_reduced_surrogate,73002,2644,1,0.0001220703125,713.3124687499958,710.6406999999999,not_in_gurobi_pool,,0100110011000100101,00000001011100000,010011001100010010100000001011100000,128,8192,25,152,true,single,36,1.0e-10,64
VQE_reduced_surrogate,73002,2645,1,0.0001220703125,713.3859687499905,710.7141999999998,not_in_gurobi_pool,,0011111110111110011,00000100000101001,001111111011111001100000100000101001,128,8192,25,152,true,single,36,1.0e-10,64
VQE_reduced_surrogate,73002,2646,1,0.0001220703125,713.5579687500053,710.8861999999997,not_in_gurobi_pool,,0011111101010110011,00000111000100001,001111110101011001100000111000100001,128,8192,25,152,true,single,36,1.0e-10,64
VQE_reduced_surrogate,73002,2496,1,0.0001220703125,692.3303187499994,711.0326999999999,not_in_gurobi_pool,,0100010110111000110,00000000010101111,010001011011100011000000000010101111,128,8192,25,152,true,single,36,1.0e-10,64
VQE_reduced_surrogate,73002,2581,1,0.0001220703125,703.0653937500012,711.0806999999998,not_in_gurobi_pool,,0010011100111001110,00000100000101110,001001110011100111000000100000101110,128,8192,25,152,true,single,36,1.0e-10,64
VQE_reduced_surrogate,73002,2580,1,0.0001220703125,703.0653937500047,711.0807,not_in_gurobi_pool,,0010111000110001110,00000100000101110,001011100011000111000000100000101110,128,8192,25,152,true,single,36,1.0e-10,64
VQE_reduced_surrogate,73002,2718,1,0.0001220703125,724.4630437499995,711.1041999999998,not_in_gurobi_pool,,0011110110110001100,00000000000101000,001111011011000110000000000000101000,128,8192,25,152,true,single,36,1.0e-10,64
VQE_reduced_surrogate,73002,2648,1,0.0001220703125,713.9179687499861,711.2461999999995,not_in_gurobi_pool,,0011111110111011011,00000100000101100,001111111011101101100000100000101100,128,8192,25,152,true,single,36,1.0e-10,64
VQE_reduced_surrogate,73002,2720,1,0.0001220703125,724.676043750007,711.3172,not_in_gurobi_pool,,0011001001011101011,00000111000000010,001100100101110101100000111000000010,128,8192,25,152,true,single,36,1.0e-10,64
VQE_reduced_surrogate,73002,2586,1,0.0001220703125,703.4793937499956,711.4946999999997,not_in_gurobi_pool,,1100010001111001100,00000000010101000,110001000111100110000000000010101000,128,8192,25,152,true,single,36,1.0e-10,64
VQE_reduced_surrogate,73002,2650,1,0.0001220703125,714.2954687500107,711.6237000000001,not_in_gurobi_pool,,1100111101101001111,00000001000101110,110011110110100111100000001000101110,128,8192,25,152,true,single,36,1.0e-10,64
VQE_reduced_surrogate,73002,2588,1,0.0001220703125,703.6343937499853,711.6496999999999,not_in_gurobi_pool,,1100101110010101110,00000101110000010,110010111001010111000000101110000010,128,8192,25,152,true,single,36,1.0e-10,64
VQE_reduced_surrogate,73002,2778,1,0.0001220703125,735.8277187499959,711.7817999999997,not_in_gurobi_pool,,0000010110111011101,01000000010001000,000001011011101110101000000010001000,128,8192,25,152,true,single,36,1.0e-10,64
VQE_reduced_surrogate,73002,2652,1,0.0001220703125,714.472968749998,711.8012,not_in_gurobi_pool,,0101000011011001011,00100001010000110,010100001101100101100100001010000110,128,8192,25,152,true,single,36,1.0e-10,64
VQE_reduced_surrogate,73002,2589,1,0.0001220703125,703.845393749994,711.8607,not_in_gurobi_pool,,1100101011001000101,00000101110000000,110010101100100010100000101110000000,128,8192,25,152,true,single,36,1.0e-10,64
VQE_reduced_surrogate,73002,2781,1,0.0001220703125,736.0411187499906,711.9951999999996,not_in_gurobi_pool,,0101100110110010111,00100000000000101,010110011011001011100100000000000101,128,8192,25,152,true,single,36,1.0e-10,64
VQE_reduced_surrogate,73002,2503,1,0.0001220703125,693.3323187500011,712.0346999999999,not_in_gurobi_pool,,0010111101011111011,00000111010100000,001011110101111101100000111010100000,128,8192,25,152,true,single,36,1.0e-10,64
VQE_reduced_surrogate,73002,2592,1,0.0001220703125,704.4223937499992,712.4376999999997,not_in_gurobi_pool,,0010110111111000001,10001000010101000,001011011111100000110001000010101000,128,8192,25,152,true,single,36,1.0e-10,64
VQE_reduced_surrogate,73002,2593,1,0.0001220703125,704.4593937499997,712.4746999999998,not_in_gurobi_pool,,0010111001111001001,10000100000101000,001011100111100100110000100000101000,128,8192,25,152,true,single,36,1.0e-10,64
VQE_reduced_surrogate,73002,2788,1,0.0001220703125,737.0155187500059,712.9696,not_in_gurobi_pool,,1110101010111001100,00000000000100000,111010101011100110000000000000100000,128,8192,25,152,true,single,36,1.0e-10,64
VQE_reduced_surrogate,73002,2726,1,0.0001220703125,726.3726437499872,713.0137999999997,not_in_gurobi_pool,,0000100110111101111,01100000010000010,000010011011110111101100000010000010,128,8192,25,152,true,single,36,1.0e-10,64
VQE_reduced_surrogate,73002,2659,1,0.0001220703125,715.714468749984,713.0426999999999,not_in_gurobi_pool,,0100100110111101111,00100000010000010,010010011011110111100100000010000010,128,8192,25,152,true,single,36,1.0e-10,64
VQE_reduced_surrogate,73002,2663,1,0.0001220703125,715.7969687499904,713.1251999999997,not_in_gurobi_pool,,1011101110111000110,00000100000000111,101110111011100011000000100000000111,128,8192,25,152,true,single,36,1.0e-10,64
VQE_reduced_surrogate,73002,2451,1,0.0001220703125,683.7742437499944,713.1637000000001,not_in_gurobi_pool,,1100111001011000110,00000101110100111,110011100101100011000000101110100111,128,8192,25,152,true,single,36,1.0e-10,64
VQE_reduced_surrogate,73002,2598,1,0.0001220703125,705.1704937500142,713.1858,not_in_gurobi_pool,,0000000101011101110,01100101011000010,000000010101110111001100101011000010,128,8192,25,152,true,single,36,1.0e-10,64
VQE_reduced_surrogate,73002,2729,1,0.0001220703125,726.5876437500015,713.2288000000001,not_in_gurobi_pool,,0000110111011111011,01000101011000000,000011011101111101101000101011000000,128,8192,25,152,true,single,36,1.0e-10,64
VQE_reduced_surrogate,73002,2514,1,0.0001220703125,694.6819187500037,713.3842999999997,not_in_gurobi_pool,,0001101101101001101,00000101000000000,000110110110100110100000101000000000,128,8192,25,152,true,single,36,1.0e-10,64
VQE_reduced_surrogate,73002,2670,1,0.0001220703125,716.7054687500049,714.0337,not_in_gurobi_pool,,1100001111001010111,00000101110000101,110000111100101011100000101110000101,128,8192,25,152,true,single,36,1.0e-10,64
VQE_reduced_surrogate,73002,2671,1,0.0001220703125,716.7070687499997,714.0352999999998,not_in_gurobi_pool,,1001101101010011101,00000111100000000,100110110101001110100000111100000000,128,8192,25,152,true,single,36,1.0e-10,64
VQE_reduced_surrogate,73002,2733,1,0.0001220703125,727.4230437499975,714.0641999999996,not_in_gurobi_pool,,1101101101011011101,00000101100000000,110110110101101110100000101100000000,128,8192,25,152,true,single,36,1.0e-10,64
VQE_reduced_surrogate,73002,2734,1,0.0001220703125,727.4505437499995,714.0916999999998,not_in_gurobi_pool,,0100101001100100111,00000001000000011,010010100110010011100000001000000011,128,8192,25,152,true,single,36,1.0e-10,64
VQE_reduced_surrogate,73002,2672,1,0.0001220703125,716.7764687500026,714.1046999999998,not_in_gurobi_pool,,0100111001111110011,00000001000101001,010011100111111001100000001000101001,128,8192,25,152,true,single,36,1.0e-10,64
VQE_reduced_surrogate,73002,2520,1,0.0001220703125,695.854318749999,714.5566999999996,not_in_gurobi_pool,,0100010001111000111,00000000010101111,010001000111100011100000000010101111,128,8192,25,152,true,single,36,1.0e-10,64
VQE_reduced_surrogate,73002,2673,1,0.0001220703125,717.3409687499941,714.6691999999997,not_in_gurobi_pool,,0011111101111101011,00000100000101010,001111110111110101100000100000101010,128,8192,25,152,true,single,36,1.0e-10,64
VQE_reduced_surrogate,73002,2797,1,0.0001220703125,738.7445187500027,714.6985999999998,not_in_gurobi_pool,,0110111110111000100,00000000000111000,011011111011100010000000000000111000,128,8192,25,152,true,single,36,1.0e-10,64
VQE_reduced_surrogate,73002,2524,1,0.0001220703125,696.0149187500019,714.7173,not_in_gurobi_pool,,0001101101101001111,00000101000000110,000110110110100111100000101000000110,128,8192,25,152,true,single,36,1.0e-10,64
VQE_reduced_surrogate,73002,2740,1,0.0001220703125,728.326143750005,714.9673,not_in_gurobi_pool,,0001011111010010000,10000111100000000,000101111101001000010000111100000000,128,8192,25,152,true,single,36,1.0e-10,64
VQE_reduced_surrogate,73002,2606,1,0.0001220703125,707.0799937499753,715.0953,not_in_gurobi_pool,,1001111110111101111,00000101000001010,100111111011110111100000101000001010,128,8192,25,152,true,single,36,1.0e-10,64
VQE_reduced_surrogate,73002,2799,1,0.0001220703125,739.6297187500002,715.5837999999997,not_in_gurobi_pool,,0000111111011110000,11000111110000000,000011111101111000011000111110000000,128,8192,25,152,true,single,36,1.0e-10,64
VQE_reduced_surrogate,73002,2743,1,0.0001220703125,728.99104375,715.6321999999999,not_in_gurobi_pool,,0011101110111010100,00000100000000000,001110111011101010000000100000000000,128,8192,25,152,true,single,36,1.0e-10,64
VQE_reduced_surrogate,73002,2744,1,0.0001220703125,729.2885437500108,715.9296999999998,not_in_gurobi_pool,,0100001010110001100,00000001000000000,010000101011000110000000001000000000,128,8192,25,152,true,single,36,1.0e-10,64
VQE_reduced_surrogate,73002,2682,1,0.0001220703125,718.6345687500009,715.9627999999997,not_in_gurobi_pool,,0000111110111000110,01000101000001111,000011111011100011001000101000001111,128,8192,25,152,true,single,36,1.0e-10,64
VQE_reduced_surrogate,73002,2529,1,0.0001220703125,697.3209187500147,716.0232999999998,not_in_gurobi_pool,,0001101010111001100,00000101000000000,000110101011100110000000101000000000,128,8192,25,152,true,single,36,1.0e-10,64
VQE_reduced_surrogate,73002,2746,1,0.0001220703125,729.4220437500073,716.0631999999999,not_in_gurobi_pool,,0011101110110001100,00000100000000000,001110111011000110000000100000000000,128,8192,25,152,true,single,36,1.0e-10,64
VQE_reduced_surrogate,73002,2683,1,0.0001220703125,718.869968749998,716.1981999999996,not_in_gurobi_pool,,0011000111011000101,00100100010000000,001100011101100010100100100010000000,128,8192,25,152,true,single,36,1.0e-10,64
VQE_reduced_surrogate,73002,2685,1,0.0001220703125,719.320968749995,716.6491999999998,not_in_gurobi_pool,,1011101001111000111,00000100000000111,101110100111100011100000100000000111,128,8192,25,152,true,single,36,1.0e-10,64
VQE_reduced_surrogate,73002,2873,1,0.0001220703125,751.503593749992,716.7706,not_in_gurobi_pool,,0110111110111100111,00000000000111011,011011111011110011100000000000111011,128,8192,25,152,true,single,36,1.0e-10,64
VQE_reduced_surrogate,73002,2541,1,0.0001220703125,698.3123187500041,717.0147,not_in_gurobi_pool,,0010011001011010111,00000111010100101,001001100101101011100000111010100101,128,8192,25,152,true,single,36,1.0e-10,64
VQE_reduced_surrogate,73002,2691,1,0.0001220703125,719.9264687500047,717.2546999999997,not_in_gurobi_pool,,1100111001111100111,00000001000101011,110011100111110011100000001000101011,128,8192,25,152,true,single,36,1.0e-10,64
VQE_reduced_surrogate,73002,2690,1,0.0001220703125,719.9264687500029,717.2547000000002,not_in_gurobi_pool,,1100111001110100111,00000001000101011,110011100111010011100000001000101011,128,8192,25,152,true,single,36,1.0e-10,64
VQE_reduced_surrogate,73002,2694,1,0.0001220703125,720.4584687500021,717.7866999999999,not_in_gurobi_pool,,1100111001110001111,00000001000101110,110011100111000111100000001000101110,128,8192,25,152,true,single,36,1.0e-10,64
VQE_reduced_surrogate,73002,2755,1,0.0001220703125,731.4326437499797,718.0737999999999,not_in_gurobi_pool,,0000111110111011111,01000101000001100,000011111011101111101000101000001100,128,8192,25,152,true,single,36,1.0e-10,64
VQE_reduced_surrogate,73002,2707,1,0.0001220703125,722.8684687499976,720.1967,not_in_gurobi_pool,,1100101011011010110,00000101110000101,110010101101101011000000101110000101,128,8192,25,152,true,single,36,1.0e-10,64
VQE_reduced_surrogate,73002,2711,1,0.0001220703125,723.299468749995,720.6277,not_in_gurobi_pool,,1100101011011001110,00000101110000110,110010101101100111000000101110000110,128,8192,25,152,true,single,36,1.0e-10,64
VQE_reduced_surrogate,73002,2712,1,0.0001220703125,723.4114687499916,720.7397,not_in_gurobi_pool,,0010101111111101011,00000100000000010,001010111111110101100000100000000010,128,8192,25,152,true,single,36,1.0e-10,64
VQE_reduced_surrogate,73002,2898,1,0.0001220703125,755.5595937499988,720.8266,not_in_gurobi_pool,,0110111101110001111,00000000000111110,011011110111000111100000000000111110,128,8192,25,152,true,single,36,1.0e-10,64
VQE_reduced_surrogate,73002,2777,1,0.0001220703125,735.6246437500113,722.2657999999997,not_in_gurobi_pool,,0000001011010001100,01000111110000000,000000101101000110001000111110000000,128,8192,25,152,true,single,36,1.0e-10,64
VQE_reduced_surrogate,73002,2815,1,0.0001220703125,742.2413437500038,728.8825,not_in_gurobi_pool,,1101100100001101001,10110001010000000,110110010000110100110110001010000000,128,8192,25,152,true,single,36,1.0e-10,64
VQE_reduced_surrogate,73002,2826,1,0.0001220703125,744.291843750003,730.9329999999998,not_in_gurobi_pool,,1100100100001111011,00110001011000000,110010010000111101100110001011000000,128,8192,25,152,true,single,36,1.0e-10,64
VQE_reduced_surrogate,73002,2658,1,0.0001220703125,715.7105187499906,734.4128999999997,not_in_gurobi_pool,,0110010100101001001,10000000010111000,011001010010100100110000000010111000,128,8192,25,152,true,single,36,1.0e-10,64
VQE_reduced_surrogate,73002,2596,1,0.0001220703125,705.0234437499944,734.4128999999998,not_in_gurobi_pool,,0110000000101001000,10100000010100000,011000000010100100010100000010100000,128,8192,25,152,true,single,36,1.0e-10,64
VQE_reduced_surrogate,73002,2790,1,0.0001220703125,737.5947687499906,734.9229999999998,not_in_gurobi_pool,,1100010000010101000,10010001011100000,110001000001010100010010001011100000,128,8192,25,152,true,single,36,1.0e-10,64
VQE_reduced_surrogate,73002,2792,1,0.0001220703125,737.666868750011,734.9950999999996,not_in_gurobi_pool,,1000100100011011000,11110101011000000,100010010001101100011110101011000000,128,8192,25,152,true,single,36,1.0e-10,64
VQE_reduced_surrogate,73002,2793,1,0.0001220703125,737.7548687500275,735.0830999999997,not_in_gurobi_pool,,0000100100100101000,11100000010000000,000010010010010100011100000010000000,128,8192,25,152,true,single,36,1.0e-10,64
VQE_reduced_surrogate,73002,2666,1,0.0001220703125,716.5216187499973,735.2239999999997,not_in_gurobi_pool,,0010010000101011000,10000000010101000,001001000010101100010000000010101000,128,8192,25,152,true,single,36,1.0e-10,64
VQE_reduced_surrogate,73002,2853,1,0.0001220703125,749.2098437500026,735.8509999999999,not_in_gurobi_pool,,1100100000000011101,00110001011000000,110010000000001110100110001011000000,128,8192,25,152,true,single,36,1.0e-10,64
VQE_reduced_surrogate,73002,2674,1,0.0001220703125,717.3515187499988,736.0538999999998,not_in_gurobi_pool,,0110100100100110011,00100000010100001,011010010010011001100100000010100001,128,8192,25,152,true,single,36,1.0e-10,64
VQE_reduced_surrogate,73002,2865,1,0.0001220703125,750.1817437499801,736.8228999999998,not_in_gurobi_pool,,0110010010000010000,10000000011110000,011001001000001000010000000011110000,128,8192,25,152,true,single,36,1.0e-10,64
VQE_reduced_surrogate,73002,2798,1,0.0001220703125,739.5452687500092,736.8734999999997,not_in_gurobi_pool,,0011000000001000100,00110100010000000,001100000000100010000110100010000000,128,8192,25,152,true,single,36,1.0e-10,64
VQE_reduced_surrogate,73002,2677,1,0.0001220703125,718.331618749994,737.0339999999998,not_in_gurobi_pool,,1100010010101100000,10000000010101000,110001001010110000010000000010101000,128,8192,25,152,true,single,36,1.0e-10,64
VQE_reduced_surrogate,73002,2678,1,0.0001220703125,718.4326187499923,737.1349999999996,not_in_gurobi_pool,,1100010010101010001,10000000010101000,110001001010101000110000000010101000,128,8192,25,152,true,single,36,1.0e-10,64
VQE_reduced_surrogate,73002,2679,1,0.0001220703125,718.4725187499985,737.1748999999998,not_in_gurobi_pool,,1110100110100010001,10100000010100000,111010011010001000110100000010100000,128,8192,25,152,true,single,36,1.0e-10,64
VQE_reduced_surrogate,73002,2802,1,0.0001220703125,739.8557687499995,737.1839999999997,not_in_gurobi_pool,,1100110000001011110,00010001011100100,110011000000101111000010001011100100,128,8192,25,152,true,single,36,1.0e-10,64
VQE_reduced_surrogate,73002,2930,1,0.0001220703125,761.2698187499843,737.2238999999998,not_in_gurobi_pool,,0110010000010001001,10010000011110000,011001000001000100110010000011110000,128,8192,25,152,true,single,36,1.0e-10,64
VQE_reduced_surrogate,73002,2680,1,0.0001220703125,718.5650187499989,737.2673999999996,not_in_gurobi_pool,,1111110100111010000,10000000000111000,111111010011101000010000000000111000,128,8192,25,152,true,single,36,1.0e-10,64
VQE_reduced_surrogate,73002,2681,1,0.0001220703125,718.5752187500023,737.2775999999999,not_in_gurobi_pool,,1001100100001011111,00110101010000100,100110010000101111100110101010000100,128,8192,25,152,true,single,36,1.0e-10,64
VQE_reduced_surrogate,73002,2808,1,0.0001220703125,740.7257687499914,738.0539999999999,not_in_gurobi_pool,,0100000110000011000,10100001011000000,010000011000001100010100001011000000,128,8192,25,152,true,single,36,1.0e-10,64
VQE_reduced_surrogate,73002,3010,1,0.0001220703125,772.7968937500052,738.0639,not_in_gurobi_pool,,0110110100011011000,10010000011110000,011011010001101100010010000011110000,128,8192,25,152,true,single,36,1.0e-10,64
VQE_reduced_surrogate,73002,3012,1,0.0001220703125,772.8338937499866,738.1008999999996,not_in_gurobi_pool,,0110111000101000001,10001000000111000,011011100010100000110001000000111000,128,8192,25,152,true,single,36,1.0e-10,64
VQE_reduced_surrogate,73002,2874,1,0.0001220703125,751.5533437499951,738.1944999999996,not_in_gurobi_pool,,0011001000101000001,10001100000000000,001100100010100000110001100000000000,128,8192,25,152,true,single,36,1.0e-10,64
VQE_reduced_surrogate,73002,2689,1,0.0001220703125,719.868218749988,738.5705999999998,not_in_gurobi_pool,,1001010001000101000,10000101010000000,100101000100010100010000101010000000,128,8192,25,152,true,single,36,1.0e-10,64
VQE_reduced_surrogate,73002,2811,1,0.0001220703125,741.4217687500022,738.75,not_in_gurobi_pool,,0100110100000101101,00010001011100000,010011010000010110100010001011100000,128,8192,25,152,true,single,36,1.0e-10,64
VQE_reduced_surrogate,73002,2692,1,0.0001220703125,720.1000187500015,738.8024000000003,not_in_gurobi_pool,,1111100101001010011,00100000010100101,111110010100101001100100000010100101,128,8192,25,152,true,single,36,1.0e-10,64
VQE_reduced_surrogate,73002,2752,1,0.0001220703125,731.188593749999,739.2038999999996,not_in_gurobi_pool,,1110010000100100111,00000000010111011,111001000010010011100000000010111011,128,8192,25,152,true,single,36,1.0e-10,64
VQE_reduced_surrogate,73002,2695,1,0.0001220703125,720.5015187500069,739.2038999999997,not_in_gurobi_pool,,1110000100101100111,00100000010100011,111000010010110011100100000010100011,128,8192,25,152,true,single,36,1.0e-10,64
VQE_reduced_surrogate,73002,2753,1,0.0001220703125,731.1916937500062,739.2069999999998,not_in_gurobi_pool,,1100110010101110010,00000000010101001,110011001010111001000000000010101001,128,8192,25,152,true,single,36,1.0e-10,64
VQE_reduced_surrogate,73002,2754,1,0.0001220703125,731.1916937500057,739.2069999999998,not_in_gurobi_pool,,1100010010101110011,00000000010101001,110001001010111001100000000010101001,128,8192,25,152,true,single,36,1.0e-10,64
VQE_reduced_surrogate,73002,2697,1,0.0001220703125,720.5626187499931,739.2649999999996,not_in_gurobi_pool,,1100010000101010110,00000000010101101,110001000010101011000000000010101101,128,8192,25,152,true,single,36,1.0e-10,64
VQE_reduced_surrogate,73002,2816,1,0.0001220703125,742.3097687499962,739.6379999999996,not_in_gurobi_pool,,1100000010100101011,00100000010000010,110000001010010101100100000010000010,128,8192,25,152,true,single,36,1.0e-10,64
VQE_reduced_surrogate,73002,2756,1,0.0001220703125,731.6226937500057,739.6379999999998,not_in_gurobi_pool,,1100110010100101011,00000000010101010,110011001010010101100000000010101010,128,8192,25,152,true,single,36,1.0e-10,64
VQE_reduced_surrogate,73002,2817,1,0.0001220703125,742.3496687500078,739.6778999999998,not_in_gurobi_pool,,1110110110100101011,00000000010111010,111011011010010101100000000010111010,128,8192,25,152,true,single,36,1.0e-10,64
VQE_reduced_surrogate,73002,2757,1,0.0001220703125,731.7205937500066,739.7358999999998,not_in_gurobi_pool,,1110010100101001111,00000000010111110,111001010010100111100000000010111110,128,8192,25,152,true,single,36,1.0e-10,64
VQE_reduced_surrogate,73002,2882,1,0.0001220703125,753.469743750004,740.1109,not_in_gurobi_pool,,0110101100101101000,10000000000100000,011010110010110100010000000000100000,128,8192,25,152,true,single,36,1.0e-10,64
VQE_reduced_surrogate,73002,2760,1,0.0001220703125,732.2101937500029,740.2254999999996,not_in_gurobi_pool,,0011110000101000100,00000000000101000,001111000010100010000000000000101000,128,8192,25,152,true,single,36,1.0e-10,64
VQE_reduced_surrogate,73002,2818,1,0.0001220703125,742.940268750003,740.2684999999997,not_in_gurobi_pool,,0011110110101010000,10000000000101000,001111011010101000010000000000101000,128,8192,25,152,true,single,36,1.0e-10,64
VQE_reduced_surrogate,73002,2704,1,0.0001220703125,721.9566187499659,740.6589999999997,not_in_gurobi_pool,,1100010001100010000,10000000010101000,110001000110001000010000000010101000,128,8192,25,152,true,single,36,1.0e-10,64
VQE_reduced_surrogate,73002,2762,1,0.0001220703125,732.7556937499958,740.7709999999997,not_in_gurobi_pool,,1100111000001100110,00010101110100011,110011100000110011000010101110100011,128,8192,25,152,true,single,36,1.0e-10,64
VQE_reduced_surrogate,73002,2886,1,0.0001220703125,754.136743749981,740.7778999999997,not_in_gurobi_pool,,0110010001001001001,10000000011110000,011001000100100100110000000011110000,128,8192,25,152,true,single,36,1.0e-10,64
VQE_reduced_surrogate,73002,2820,1,0.0001220703125,743.4868687500195,740.8150999999997,not_in_gurobi_pool,,0000100100110110000,11100000010000000,000010010011011000011100000010000000,128,8192,25,152,true,single,36,1.0e-10,64
VQE_reduced_surrogate,73002,2965,1,0.0001220703125,764.8910187500046,740.8450999999998,not_in_gurobi_pool,,0000010110101110000,11000000010001000,000001011010111000011000000010001000,128,8192,25,152,true,single,36,1.0e-10,64
VQE_reduced_surrogate,73002,2887,1,0.0001220703125,754.3123437500046,740.9534999999996,not_in_gurobi_pool,,0101000100100100101,00100000000000000,010100010010010010100100000000000000,128,8192,25,152,true,single,36,1.0e-10,64
VQE_reduced_surrogate,73002,2821,1,0.0001220703125,743.6362687500009,740.9644999999996,not_in_gurobi_pool,,0011010100100100101,00000000000101000,001101010010010010100000000000101000,128,8192,25,152,true,single,36,1.0e-10,64
VQE_reduced_surrogate,73002,2888,1,0.0001220703125,754.3833437499891,741.0245,not_in_gurobi_pool,,0101011110000000001,10001101100100000,010101111000000000110001101100100000,128,8192,25,152,true,single,36,1.0e-10,64
VQE_reduced_surrogate,73002,2889,1,0.0001220703125,754.4243437499993,741.0654999999996,not_in_gurobi_pool,,0011100100101010101,00100000000000000,001110010010101010100100000000000000,128,8192,25,152,true,single,36,1.0e-10,64
VQE_reduced_surrogate,73002,2765,1,0.0001220703125,733.2706937500091,741.2859999999997,not_in_gurobi_pool,,0010100100110101001,10100000010000000,001010010011010100110100000010000000,128,8192,25,152,true,single,36,1.0e-10,64
VQE_reduced_surrogate,73002,2766,1,0.0001220703125,733.2986937499995,741.3139999999999,not_in_gurobi_pool,,1010111000001001110,00010111010100110,101011100000100111000010111010100110,128,8192,25,152,true,single,36,1.0e-10,64
VQE_reduced_surrogate,73002,2822,1,0.0001220703125,744.0188687500215,741.3470999999997,not_in_gurobi_pool,,0000100100110011000,11100000010000000,000010010011001100011100000010000000,128,8192,25,152,true,single,36,1.0e-10,64
VQE_reduced_surrogate,73002,2823,1,0.0001220703125,744.0581687500003,741.3863999999999,not_in_gurobi_pool,,1111101000110000000,10001000000100000,111110100011000000010001000000100000,128,8192,25,152,true,single,36,1.0e-10,64
VQE_reduced_surrogate,73002,2639,1,0.0001220703125,712.3525437499827,741.7419999999997,not_in_gurobi_pool,,0100011010000010000,10000101110100000,010001101000001000010000101110100000,128,8192,25,152,true,single,36,1.0e-10,64
VQE_reduced_surrogate,73002,2896,1,0.0001220703125,755.3917437499993,742.0328999999998,not_in_gurobi_pool,,1110101010100100001,10000000000100000,111010101010010000110000000000100000,128,8192,25,152,true,single,36,1.0e-10,64
VQE_reduced_surrogate,73002,2897,1,0.0001220703125,755.4729437500034,742.1140999999998,not_in_gurobi_pool,,1000001100000011111,01010111110000100,100000110000001111101010111110000100,128,8192,25,152,true,single,36,1.0e-10,64
VQE_reduced_surrogate,73002,2713,1,0.0001220703125,723.4711187500006,742.1734999999998,not_in_gurobi_pool,,1101111000101000101,00000001000101000,110111100010100010100000001000101000,128,8192,25,152,true,single,36,1.0e-10,64
VQE_reduced_surrogate,73002,2969,1,0.0001220703125,766.2240187499958,742.1780999999995,not_in_gurobi_pool,,0000010010100110011,01000000010001001,000001001010011001101000000010001001,128,8192,25,152,true,single,36,1.0e-10,64
VQE_reduced_surrogate,73002,2769,1,0.0001220703125,734.2015937500016,742.2169,not_in_gurobi_pool,,0110110000110110011,00000000010111001,011011000011011001100000000010111001,128,8192,25,152,true,single,36,1.0e-10,64
VQE_reduced_surrogate,73002,2829,1,0.0001220703125,745.0702687499922,742.3984999999998,not_in_gurobi_pool,,0011110000101010111,00000000000101101,001111000010101011100000000000101101,128,8192,25,152,true,single,36,1.0e-10,64
VQE_reduced_surrogate,73002,2971,1,0.0001220703125,766.464818749997,742.4188999999998,not_in_gurobi_pool,,0110110001000110010,00000000011110001,011011000100011001000000000011110001,128,8192,25,152,true,single,36,1.0e-10,64
VQE_reduced_surrogate,73002,2830,1,0.0001220703125,745.1496687499962,742.4778999999997,not_in_gurobi_pool,,0110111000000100101,00010101010110000,011011100000010010100010101010110000,128,8192,25,152,true,single,36,1.0e-10,64
VQE_reduced_surrogate,73002,2972,1,0.0001220703125,766.6550187500054,742.6090999999996,not_in_gurobi_pool,,0000110010100101011,01000000010001010,000011001010010101101000000010001010,128,8192,25,152,true,single,36,1.0e-10,64
VQE_reduced_surrogate,73002,2974,1,0.0001220703125,766.7184187500186,742.6724999999997,not_in_gurobi_pool,,0011101000001010100,00010111000000000,001110100000101010000010111000000000,128,8192,25,152,true,single,36,1.0e-10,64
VQE_reduced_surrogate,73002,2771,1,0.0001220703125,734.7266937500024,742.7419999999996,not_in_gurobi_pool,,1010010001101110011,00000000010101001,101001000110111001100000000010101001,128,8192,25,152,true,single,36,1.0e-10,64
VQE_reduced_surrogate,73002,2772,1,0.0001220703125,734.8971937500035,742.9124999999998,not_in_gurobi_pool,,1101111000100100101,00000001000101000,110111100010010010100000001000101000,128,8192,25,152,true,single,36,1.0e-10,64
VQE_reduced_surrogate,73002,2773,1,0.0001220703125,734.9081937499998,742.9234999999998,not_in_gurobi_pool,,1011111000100100101,00000100000101000,101111100010010010100000100000101000,128,8192,25,152,true,single,36,1.0e-10,64
VQE_reduced_surrogate,73002,2834,1,0.0001220703125,745.6446687500011,742.9728999999998,not_in_gurobi_pool,,0110100110001000100,00100000011100000,011010011000100010000100000011100000,128,8192,25,152,true,single,36,1.0e-10,64
VQE_reduced_surrogate,73002,2717,1,0.0001220703125,724.3115187499884,743.0139,not_in_gurobi_pool,,0110011110000100011,00000101010110011,011001111000010001100000101010110011,128,8192,25,152,true,single,36,1.0e-10,64
VQE_reduced_surrogate,73002,2719,1,0.0001220703125,724.6355187499978,743.3378999999998,not_in_gurobi_pool,,1110000110110010001,10100000010100000,111000011011001000110100000010100000,128,8192,25,152,true,single,36,1.0e-10,64
VQE_reduced_surrogate,73002,2776,1,0.0001220703125,735.4291937500002,743.4444999999998,not_in_gurobi_pool,,1101111100101001100,00000001000101000,110111110010100110000000001000101000,128,8192,25,152,true,single,36,1.0e-10,64
VQE_reduced_surrogate,73002,2839,1,0.0001220703125,746.3013687499961,743.6295999999996,not_in_gurobi_pool,,0001100100101011111,00100000000000100,000110010010101111100100000000000100,128,8192,25,152,true,single,36,1.0e-10,64
VQE_reduced_surrogate,73002,2903,1,0.0001220703125,757.0183437500013,743.6594999999998,not_in_gurobi_pool,,1101101101000011000,10000101100000000,110110110100001100010000101100000000,128,8192,25,152,true,single,36,1.0e-10,64
VQE_reduced_surrogate,73002,2840,1,0.0001220703125,746.3632687499978,743.6914999999997,not_in_gurobi_pool,,0011110101100100000,10000000000101000,001111010110010000010000000000101000,128,8192,25,152,true,single,36,1.0e-10,64
VQE_reduced_surrogate,73002,2904,1,0.0001220703125,757.1343437500166,743.7754999999997,not_in_gurobi_pool,,0011100100011100100,00110100010000000,001110010001110010000110100010000000,128,8192,25,152,true,single,36,1.0e-10,64
VQE_reduced_surrogate,73002,2780,1,0.0001220703125,736.0216937500065,744.0369999999998,not_in_gurobi_pool,,1100110110110110001,10000000010101000,110011011011011000110000000010101000,128,8192,25,152,true,single,36,1.0e-10,64
VQE_reduced_surrogate,73002,2983,1,0.0001220703125,768.1924187500031,744.1464999999997,not_in_gurobi_pool,,1101100110100100101,00100000000000000,110110011010010010100100000000000000,128,8192,25,152,true,single,36,1.0e-10,64
VQE_reduced_surrogate,73002,2910,1,0.0001220703125,757.6173437499954,744.2584999999996,not_in_gurobi_pool,,1011110110101010101,00000000000101000,101111011010101010100000000000101000,128,8192,25,152,true,single,36,1.0e-10,64
VQE_reduced_surrogate,73002,2783,1,0.0001220703125,736.4526937500043,744.4679999999998,not_in_gurobi_pool,,1100110110110101000,10000000010101000,110011011011010100010000000010101000,128,8192,25,152,true,single,36,1.0e-10,64
VQE_reduced_surrogate,73002,2784,1,0.0001220703125,736.4526937500038,744.4679999999998,not_in_gurobi_pool,,1100110110110101001,10000000010101000,110011011011010100110000000010101000,128,8192,25,152,true,single,36,1.0e-10,64
VQE_reduced_surrogate,73002,2844,1,0.0001220703125,747.240768750007,744.5689999999998,not_in_gurobi_pool,,1100100010111011000,10100000010000000,110010001011101100010100000010000000,128,8192,25,152,true,single,36,1.0e-10,64
VQE_reduced_surrogate,73002,2912,1,0.0001220703125,758.0214437500088,744.6625999999998,not_in_gurobi_pool,,1001100010111011000,10100000000000000,100110001011101100010100000000000000,128,8192,25,152,true,single,36,1.0e-10,64
VQE_reduced_surrogate,73002,2786,1,0.0001220703125,736.7780937500079,744.7933999999997,not_in_gurobi_pool,,1111110110111010011,00000000000111101,111111011011101001100000000000111101,128,8192,25,152,true,single,36,1.0e-10,64
VQE_reduced_surrogate,73002,2725,1,0.0001220703125,726.1322187499925,744.8345999999998,not_in_gurobi_pool,,1001010001010011000,10000101010000000,100101000101001100010000101010000000,128,8192,25,152,true,single,36,1.0e-10,64
VQE_reduced_surrogate,73002,2989,1,0.0001220703125,768.9464187499921,744.9004999999997,not_in_gurobi_pool,,1101101001101000001,10001001000000000,110110100110100000110001001000000000,128,8192,25,152,true,single,36,1.0e-10,64
VQE_reduced_surrogate,73002,2787,1,0.0001220703125,736.9276937499965,744.943,not_in_gurobi_pool,,0100110110001101101,00000001011100000,010011011000110110100000001011100000,128,8192,25,152,true,single,36,1.0e-10,64
VQE_reduced_surrogate,73002,2846,1,0.0001220703125,747.6647687499901,744.9929999999997,not_in_gurobi_pool,,0100001010100100001,10000001000000000,010000101010010000110000001000000000,128,8192,25,152,true,single,36,1.0e-10,64
VQE_reduced_surrogate,73002,2847,1,0.0001220703125,747.6746687499997,745.0028999999997,not_in_gurobi_pool,,0110001000110100000,10000000000100000,011000100011010000010000000000100000,128,8192,25,152,true,single,36,1.0e-10,64
VQE_reduced_surrogate,73002,2728,1,0.0001220703125,726.56261875,745.2649999999998,not_in_gurobi_pool,,1100110000110101101,00000000010101000,110011000011010110100000000010101000,128,8192,25,152,true,single,36,1.0e-10,64
VQE_reduced_surrogate,73002,2789,1,0.0001220703125,737.3506937500056,745.3659999999996,not_in_gurobi_pool,,1100100000111011100,00100000010000000,110010000011101110000100000010000000,128,8192,25,152,true,single,36,1.0e-10,64
VQE_reduced_surrogate,73002,2848,1,0.0001220703125,748.1696687500046,745.4978999999996,not_in_gurobi_pool,,0110100010111000000,10101000010100000,011010001011100000010101000010100000,128,8192,25,152,true,single,36,1.0e-10,64
VQE_reduced_surrogate,73002,2791,1,0.0001220703125,737.6241937500001,745.6394999999999,not_in_gurobi_pool,,1101111101100100000,10000001000101000,110111110110010000010000001000101000,128,8192,25,152,true,single,36,1.0e-10,64
VQE_reduced_surrogate,73002,2730,1,0.0001220703125,727.0296187499998,745.7319999999997,not_in_gurobi_pool,,1100011110001010100,00000101110100000,110001111000101010000000101110100000,128,8192,25,152,true,single,36,1.0e-10,64
VQE_reduced_surrogate,73002,2916,1,0.0001220703125,759.1253437500015,745.7664999999997,not_in_gurobi_pool,,1101101110010110000,10000101100000000,110110111001011000010000101100000000,128,8192,25,152,true,single,36,1.0e-10,64
VQE_reduced_surrogate,73002,2995,1,0.0001220703125,769.8705187500043,745.8245999999998,not_in_gurobi_pool,,0001110001100110011,00000000000001001,000111000110011001100000000000001001,128,8192,25,152,true,single,36,1.0e-10,64
VQE_reduced_surrogate,73002,2998,1,0.0001220703125,769.9060187500015,745.8600999999998,not_in_gurobi_pool,,1000010110100001110,01000000010001110,100001011010000111001000000010001110,128,8192,25,152,true,single,36,1.0e-10,64
VQE_reduced_surrogate,73002,2731,1,0.0001220703125,727.1965187500057,745.8988999999999,not_in_gurobi_pool,,1110000000110001110,00100000010100110,111000000011000111000100000010100110,128,8192,25,152,true,single,36,1.0e-10,64
VQE_reduced_surrogate,73002,2850,1,0.0001220703125,748.6202687499995,745.9484999999997,not_in_gurobi_pool,,0011110000011110111,00010100010100001,001111000001111011100010100010100001,128,8192,25,152,true,single,36,1.0e-10,64
VQE_reduced_surrogate,73002,2732,1,0.0001220703125,727.2822187500035,745.9845999999997,not_in_gurobi_pool,,0001111000101010101,00000101000001000,000111100010101010100000101000001000,128,8192,25,152,true,single,36,1.0e-10,64
VQE_reduced_surrogate,73002,2735,1,0.0001220703125,727.4606187499971,746.1629999999998,not_in_gurobi_pool,,1100011110001001100,00000101110100000,110001111000100110000000101110100000,128,8192,25,152,true,single,36,1.0e-10,64
VQE_reduced_surrogate,73002,2917,1,0.0001220703125,759.7247437499941,746.3658999999999,not_in_gurobi_pool,,0110001110101100011,00000000000100011,011000111010110001100000000000100011,128,8192,25,152,true,single,36,1.0e-10,64
VQE_reduced_surrogate,73002,2737,1,0.0001220703125,727.6816187499962,746.3839999999998,not_in_gurobi_pool,,0100111000101000111,00000001000101111,010011100010100011100000001000101111,128,8192,25,152,true,single,36,1.0e-10,64
VQE_reduced_surrogate,73002,2795,1,0.0001220703125,738.4116937500012,746.4269999999999,not_in_gurobi_pool,,0100111010101010011,00000001000101101,010011101010101001100000001000101101,128,8192,25,152,true,single,36,1.0e-10,64
VQE_reduced_surrogate,73002,2918,1,0.0001220703125,759.7903437500051,746.4314999999997,not_in_gurobi_pool,,0011000110111010000,10100000000000000,001100011011101000010100000000000000,128,8192,25,152,true,single,36,1.0e-10,64
VQE_reduced_surrogate,73002,2796,1,0.0001220703125,738.4557937499978,746.4710999999998,not_in_gurobi_pool,,0000100011000010000,11100101011000000,000010001100001000011100101011000000,128,8192,25,152,true,single,36,1.0e-10,64
VQE_reduced_surrogate,73002,2920,1,0.0001220703125,760.2213437499997,746.8624999999997,not_in_gurobi_pool,,0011100110110001001,10100000000000000,001110011011000100110100000000000000,128,8192,25,152,true,single,36,1.0e-10,64
VQE_reduced_surrogate,73002,2855,1,0.0001220703125,749.5437687499987,746.8719999999998,not_in_gurobi_pool,,1100101000010101101,00010101110000000,110010100001010110100010101110000000,128,8192,25,152,true,single,36,1.0e-10,64
VQE_reduced_surrogate,73002,2741,1,0.0001220703125,728.3422187500078,747.0446,not_in_gurobi_pool,,1001111001101010011,00000101000001101,100111100110101001100000101000001101,128,8192,25,152,true,single,36,1.0e-10,64
VQE_reduced_surrogate,73002,2857,1,0.0001220703125,749.7788687500072,747.1070999999998,not_in_gurobi_pool,,0000111000110110010,01000101000001001,000011100011011001001000101000001001,128,8192,25,152,true,single,36,1.0e-10,64
VQE_reduced_surrogate,73002,2858,1,0.0001220703125,749.7822687500031,747.1105,not_in_gurobi_pool,,1011111010010110011,00000111000100001,101111101001011001100000111000100001,128,8192,25,152,true,single,36,1.0e-10,64
VQE_reduced_surrogate,73002,2921,1,0.0001220703125,760.4753437500137,747.1164999999996,not_in_gurobi_pool,,0101000000110100100,00100000000000000,010100000011010010000100000000000000,128,8192,25,152,true,single,36,1.0e-10,64
VQE_reduced_surrogate,73002,2859,1,0.0001220703125,749.7947687500014,747.1229999999997,not_in_gurobi_pool,,0100001000101100110,00000001000000011,010000100010110011000000001000000011,128,8192,25,152,true,single,36,1.0e-10,64
VQE_reduced_surrogate,73002,2860,1,0.0001220703125,749.8077687500008,747.1359999999996,not_in_gurobi_pool,,0010000110101010101,00100000010000000,001000011010101010100100000010000000,128,8192,25,152,true,single,36,1.0e-10,64
VQE_reduced_surrogate,73002,2861,1,0.0001220703125,749.8447687500038,747.1729999999998,not_in_gurobi_pool,,0010101100101011101,00000100000000000,001010110010101110100000100000000000,128,8192,25,152,true,single,36,1.0e-10,64
VQE_reduced_surrogate,73002,2863,1,0.0001220703125,749.8807687499875,747.2089999999998,not_in_gurobi_pool,,0100000001010110000,10100001011000000,010000000101011000010100001011000000,128,8192,25,152,true,single,36,1.0e-10,64
VQE_reduced_surrogate,73002,2922,1,0.0001220703125,760.6583437499937,747.2994999999995,not_in_gurobi_pool,,0011101110101110011,00000100000000001,001110111010111001100000100000000001,128,8192,25,152,true,single,36,1.0e-10,64
VQE_reduced_surrogate,73002,2864,1,0.0001220703125,750.1022687499969,747.4304999999997,not_in_gurobi_pool,,0011000101000010101,00100100010000000,001100010100001010100100100010000000,128,8192,25,152,true,single,36,1.0e-10,64
VQE_reduced_surrogate,73002,2866,1,0.0001220703125,750.232768749999,747.5609999999998,not_in_gurobi_pool,,1100100001111110001,10100000010000000,110010000111111000110100000010000000,128,8192,25,152,true,single,36,1.0e-10,64
VQE_reduced_surrogate,73002,2926,1,0.0001220703125,761.0084437500191,747.6495999999995,not_in_gurobi_pool,,0001100110100001100,00100000000000000,000110011010000110000100000000000000,128,8192,25,152,true,single,36,1.0e-10,64
VQE_reduced_surrogate,73002,2867,1,0.0001220703125,750.3312687500002,747.6594999999998,not_in_gurobi_pool,,0011010000111001101,00000000000101000,001101000011100110100000000000101000,128,8192,25,152,true,single,36,1.0e-10,64
VQE_reduced_surrogate,73002,2868,1,0.0001220703125,750.3312687500036,747.6594999999998,not_in_gurobi_pool,,0011010100111001100,00000000000101000,001101010011100110000000000000101000,128,8192,25,152,true,single,36,1.0e-10,64
VQE_reduced_surrogate,73002,3005,1,0.0001220703125,771.7408187499955,747.6949000000001,not_in_gurobi_pool,,0110111100101001111,00000000000111110,011011110010100111100000000000111110,128,8192,25,152,true,single,36,1.0e-10,64
VQE_reduced_surrogate,73002,2928,1,0.0001220703125,761.1009437500024,747.7420999999999,not_in_gurobi_pool,,0000110111001011000,11000101011000000,000011011100101100011000101011000000,128,8192,25,152,true,single,36,1.0e-10,64
VQE_reduced_surrogate,73002,2800,1,0.0001220703125,739.7360937499889,747.7513999999999,not_in_gurobi_pool,,1111101001010000000,10001101000100000,111110100101000000010001101000100000,128,8192,25,152,true,single,36,1.0e-10,64
VQE_reduced_surrogate,73002,2929,1,0.0001220703125,761.1903437499902,747.8314999999997,not_in_gurobi_pool,,0011101110101011011,00000100000000100,001110111010101101100000100000000100,128,8192,25,152,true,single,36,1.0e-10,64
VQE_reduced_surrogate,73002,2869,1,0.0001220703125,750.5222687500079,747.8504999999998,not_in_gurobi_pool,,0101100101000001100,00100001010000000,010110010100000110000100001010000000,128,8192,25,152,true,single,36,1.0e-10,64
VQE_reduced_surrogate,73002,2935,1,0.0001220703125,761.6557437500037,748.2968999999998,not_in_gurobi_pool,,1110001010111010001,10000000000100000,111000101011101000110000000000100000,128,8192,25,152,true,single,36,1.0e-10,64
VQE_reduced_surrogate,73002,2870,1,0.0001220703125,751.0287687499997,748.3569999999997,not_in_gurobi_pool,,0100100010100100111,00100000010000011,010010001010010011100100000010000011,128,8192,25,152,true,single,36,1.0e-10,64
VQE_reduced_surrogate,73002,2747,1,0.0001220703125,729.6556187499912,748.3579999999997,not_in_gurobi_pool,,1100011111000100001,10000101110100000,110001111100010000110000101110100000,128,8192,25,152,true,single,36,1.0e-10,64
VQE_reduced_surrogate,73002,2748,1,0.0001220703125,729.6655187499948,748.3679000000001,not_in_gurobi_pool,,1110011101010100001,10000101010110000,111001110101010000110000101010110000,128,8192,25,152,true,single,36,1.0e-10,64
VQE_reduced_surrogate,73002,2749,1,0.0001220703125,729.7566187499949,748.4589999999998,not_in_gurobi_pool,,1100011111001010000,10000101110100000,110001111100101000010000101110100000,128,8192,25,152,true,single,36,1.0e-10,64
VQE_reduced_surrogate,73002,2937,1,0.0001220703125,761.818443750001,748.4595999999996,not_in_gurobi_pool,,0001110000111011100,00000000000001000,000111000011101110000000000000001000,128,8192,25,152,true,single,36,1.0e-10,64
VQE_reduced_surrogate,73002,2936,1,0.0001220703125,761.8184437499988,748.4595999999997,not_in_gurobi_pool,,0001110000110011101,00000000000001000,000111000011001110100000000000001000,128,8192,25,152,true,single,36,1.0e-10,64
VQE_reduced_surrogate,73002,2805,1,0.0001220703125,740.4516937500027,748.4669999999999,not_in_gurobi_pool,,0100110101000101101,00000001011100000,010011010100010110100000001011100000,128,8192,25,152,true,single,36,1.0e-10,64
VQE_reduced_surrogate,73002,2871,1,0.0001220703125,751.2108687500042,748.5391,not_in_gurobi_pool,,0000110101001011101,01000101011000000,000011010100101110101000101011000000,128,8192,25,152,true,single,36,1.0e-10,64
VQE_reduced_surrogate,73002,2806,1,0.0001220703125,740.5857937500098,748.6010999999999,not_in_gurobi_pool,,0000100101001010110,01100101011000101,000010010100101011001100101011000101,128,8192,25,152,true,single,36,1.0e-10,64
VQE_reduced_surrogate,73002,2939,1,0.0001220703125,762.0933437500005,748.7344999999998,not_in_gurobi_pool,,0011111000011100101,00010111000100000,001111100001110010100010111000100000,128,8192,25,152,true,single,36,1.0e-10,64
VQE_reduced_surrogate,73002,3013,1,0.0001220703125,772.8980187500042,748.8520999999998,not_in_gurobi_pool,,1000110001100100111,01000000010001011,100011000110010011101000000010001011,128,8192,25,152,true,single,36,1.0e-10,64
VQE_reduced_surrogate,73002,2940,1,0.0001220703125,762.3513437500058,748.9924999999996,not_in_gurobi_pool,,0011100000111001110,00100000000000110,001110000011100111000100000000000110,128,8192,25,152,true,single,36,1.0e-10,64
VQE_reduced_surrogate,73002,2809,1,0.0001220703125,741.0167937500144,749.0320999999999,not_in_gurobi_pool,,0000100101001001110,01100101011000110,000010010100100111001100101011000110,128,8192,25,152,true,single,36,1.0e-10,64
VQE_reduced_surrogate,73002,2941,1,0.0001220703125,762.3943437499913,749.0354999999996,not_in_gurobi_pool,,0011110110110011011,00000000000101100,001111011011001101100000000000101100,128,8192,25,152,true,single,36,1.0e-10,64
VQE_reduced_surrogate,73002,2943,1,0.0001220703125,762.442843750006,749.0839999999996,not_in_gurobi_pool,,1100001110101010100,00000001000000000,110000111010101010000000001000000000,128,8192,25,152,true,single,36,1.0e-10,64
VQE_reduced_surrogate,73002,2875,1,0.0001220703125,751.7757687499964,749.104,not_in_gurobi_pool,,0100010011001011011,00000001011100100,010001001100101101100000001011100100,128,8192,25,152,true,single,36,1.0e-10,64
VQE_reduced_surrogate,73002,2687,1,0.0001220703125,719.7651437500124,749.1545999999998,not_in_gurobi_pool,,0001100101001001110,00100101010000110,000110010100100111000100101010000110,128,8192,25,152,true,single,36,1.0e-10,64
VQE_reduced_surrogate,73002,2810,1,0.0001220703125,741.162693750003,749.1779999999997,not_in_gurobi_pool,,0010100100111110110,00100000010000001,001010010011111011000100000010000001,128,8192,25,152,true,single,36,1.0e-10,64
VQE_reduced_surrogate,73002,2945,1,0.0001220703125,762.6253437500004,749.2665,not_in_gurobi_pool,,0011111100011001100,00010111000100000,001111110001100110000010111000100000,128,8192,25,152,true,single,36,1.0e-10,64
VQE_reduced_surrogate,73002,2946,1,0.0001220703125,762.628443750011,749.2695999999999,not_in_gurobi_pool,,0001111010011011000,10000111100000000,000111101001101100010000111100000000,128,8192,25,152,true,single,36,1.0e-10,64
VQE_reduced_surrogate,73002,2949,1,0.0001220703125,762.655343750004,749.2964999999997,not_in_gurobi_pool,,0011001110000001101,00000111000000000,001100111000000110100000111000000000,128,8192,25,152,true,single,36,1.0e-10,64
VQE_reduced_surrogate,73002,2950,1,0.0001220703125,762.6553437500224,749.2964999999997,not_in_gurobi_pool,,0011101010000001100,00000111000000000,001110101000000110000000111000000000,128,8192,25,152,true,single,36,1.0e-10,64
VQE_reduced_surrogate,73002,2812,1,0.0001220703125,741.524693749999,749.5399999999997,not_in_gurobi_pool,,1100010010011011110,00000001011100100,110001001001101111000000001011100100,128,8192,25,152,true,single,36,1.0e-10,64
VQE_reduced_surrogate,73002,3020,1,0.0001220703125,773.6758187500125,749.6299,not_in_gurobi_pool,,1110111010110010011,00000000000111101,111011101011001001100000000000111101,128,8192,25,152,true,single,36,1.0e-10,64
VQE_reduced_surrogate,73002,2750,1,0.0001220703125,730.9846187499927,749.6869999999999,not_in_gurobi_pool,,1100111001001001100,00000101110100000,110011100100100110000000101110100000,128,8192,25,152,true,single,36,1.0e-10,64
VQE_reduced_surrogate,73002,2751,1,0.0001220703125,731.106618749993,749.8089999999996,not_in_gurobi_pool,,0100110001101000101,00000000010101000,010011000110100010100000000010101000,128,8192,25,152,true,single,36,1.0e-10,64
VQE_reduced_surrogate,73002,2877,1,0.0001220703125,752.5938687500029,749.9220999999998,not_in_gurobi_pool,,0000111001101010011,01000101000001101,000011100110101001101000101000001101,128,8192,25,152,true,single,36,1.0e-10,64
VQE_reduced_surrogate,73002,2878,1,0.0001220703125,752.7466687499962,750.0749,not_in_gurobi_pool,,0110111000011010111,00010101010110101,011011100001101011100010101010110101,128,8192,25,152,true,single,36,1.0e-10,64
VQE_reduced_surrogate,73002,2879,1,0.0001220703125,753.0248687500066,750.3530999999998,not_in_gurobi_pool,,0000111001101001011,01000101000001110,000011100110100101101000101000001110,128,8192,25,152,true,single,36,1.0e-10,64
VQE_reduced_surrogate,73002,2880,1,0.0001220703125,753.0607687499905,750.3889999999997,not_in_gurobi_pool,,1100110011000100100,00000001011100000,110011001100010010000000001011100000,128,8192,25,152,true,single,36,1.0e-10,64
VQE_reduced_surrogate,73002,2954,1,0.0001220703125,763.7758437499999,750.4169999999999,not_in_gurobi_pool,,1100001010100010111,00000001000000101,110000101010001011100000001000000101,128,8192,25,152,true,single,36,1.0e-10,64
VQE_reduced_surrogate,73002,2955,1,0.0001220703125,763.7803437500011,750.4214999999996,not_in_gurobi_pool,,1011010110110010100,00000000000101000,101101011011001010000000000000101000,128,8192,25,152,true,single,36,1.0e-10,64
VQE_reduced_surrogate,73002,2759,1,0.0001220703125,731.8866187499948,750.5889999999997,not_in_gurobi_pool,,1100011101000010110,00000101110100101,110001110100001011000000101110100101,128,8192,25,152,true,single,36,1.0e-10,64
VQE_reduced_surrogate,73002,2881,1,0.0001220703125,753.3207687499998,750.6489999999997,not_in_gurobi_pool,,0100100101101010101,00100000010000000,010010010110101010100100000010000000,128,8192,25,152,true,single,36,1.0e-10,64
VQE_reduced_surrogate,73002,2957,1,0.0001220703125,764.1014437500003,750.7425999999996,not_in_gurobi_pool,,0001100101101010101,00100000000000000,000110010110101010100100000000000000,128,8192,25,152,true,single,36,1.0e-10,64
VQE_reduced_surrogate,73002,2960,1,0.0001220703125,764.2068437499993,750.8479999999998,not_in_gurobi_pool,,1100101110101001110,00000001000000110,110010111010100111000000001000000110,128,8192,25,152,true,single,36,1.0e-10,64
VQE_reduced_surrogate,73002,2819,1,0.0001220703125,743.2286937500057,751.2439999999998,not_in_gurobi_pool,,0100111110101000100,00000001000101000,010011111010100010000000001000101000,128,8192,25,152,true,single,36,1.0e-10,64
VQE_reduced_surrogate,73002,2883,1,0.0001220703125,753.961268750001,751.2894999999999,not_in_gurobi_pool,,0011001110111100001,10000100000000000,001100111011110000110000100000000000,128,8192,25,152,true,single,36,1.0e-10,64
VQE_reduced_surrogate,73002,2884,1,0.0001220703125,753.9777687499923,751.306,not_in_gurobi_pool,,0100101100011011110,00010101110000100,010010110001101111000010101110000100,128,8192,25,152,true,single,36,1.0e-10,64
VQE_reduced_surrogate,73002,2885,1,0.0001220703125,754.0622687500017,751.3904999999995,not_in_gurobi_pool,,0011101010111010001,10000100000000000,001110101011101000110000100000000000,128,8192,25,152,true,single,36,1.0e-10,64
VQE_reduced_surrogate,73002,2964,1,0.0001220703125,764.8503437500049,751.4914999999996,not_in_gurobi_pool,,0011101111000100000,10000111000000000,001110111100010000010000111000000000,128,8192,25,152,true,single,36,1.0e-10,64
VQE_reduced_surrogate,73002,2890,1,0.0001220703125,754.4932687500116,751.8214999999996,not_in_gurobi_pool,,0011001110111001000,10000100000000000,001100111011100100010000100000000000,128,8192,25,152,true,single,36,1.0e-10,64
VQE_reduced_surrogate,73002,3025,1,0.0001220703125,776.0388187499984,751.9928999999998,not_in_gurobi_pool,,0110111000110100101,00000000000111000,011011100011010010100000000000111000,128,8192,25,152,true,single,36,1.0e-10,64
VQE_reduced_surrogate,73002,2767,1,0.0001220703125,733.4656187499979,752.1679999999997,not_in_gurobi_pool,,0100111001011110001,10000101110100000,010011100101111000110000101110100000,128,8192,25,152,true,single,36,1.0e-10,64
VQE_reduced_surrogate,73002,3026,1,0.0001220703125,776.2204187500006,752.1744999999999,not_in_gurobi_pool,,1101000010110001111,00100000000000110,110100001011000111100100000000000110,128,8192,25,152,true,single,36,1.0e-10,64
VQE_reduced_surrogate,73002,2824,1,0.0001220703125,744.159693749993,752.1749999999997,not_in_gurobi_pool,,1100010111110000000,10001000010101000,110001011111000000010001000010101000,128,8192,25,152,true,single,36,1.0e-10,64
VQE_reduced_surrogate,73002,2825,1,0.0001220703125,744.1966937499981,752.212,not_in_gurobi_pool,,1100111001110001001,10000001000101000,110011100111000100110000001000101000,128,8192,25,152,true,single,36,1.0e-10,64
VQE_reduced_surrogate,73002,2891,1,0.0001220703125,754.9602687500028,752.2884999999997,not_in_gurobi_pool,,0011111101001100101,00000111000100000,001111110100110010100000111000100000,128,8192,25,152,true,single,36,1.0e-10,64
VQE_reduced_surrogate,73002,2892,1,0.0001220703125,754.9602687500033,752.2884999999997,not_in_gurobi_pool,,0011111101000100100,00000111000100000,001111110100010010000000111000100000,128,8192,25,152,true,single,36,1.0e-10,64
VQE_reduced_surrogate,73002,2966,1,0.0001220703125,765.6473437500122,752.2884999999999,not_in_gurobi_pool,,0011101001000100100,00000111000000000,001110100100010010000000111000000000,128,8192,25,152,true,single,36,1.0e-10,64
VQE_reduced_surrogate,73002,2827,1,0.0001220703125,744.5836937499942,752.5989999999999,not_in_gurobi_pool,,0100001101010101000,10000101110000000,010000110101010100010000101110000000,128,8192,25,152,true,single,36,1.0e-10,64
VQE_reduced_surrogate,73002,2893,1,0.0001220703125,755.2902687500123,752.6184999999998,not_in_gurobi_pool,,0011001100111001100,00000100000000000,001100110011100110000000100000000000,128,8192,25,152,true,single,36,1.0e-10,64
VQE_reduced_surrogate,73002,2894,1,0.0001220703125,755.2902687500182,752.6184999999998,not_in_gurobi_pool,,0011001100110001100,00000100000000000,001100110011000110000000100000000000,128,8192,25,152,true,single,36,1.0e-10,64
VQE_reduced_surrogate,73002,2895,1,0.0001220703125,755.3262687500078,752.6544999999996,not_in_gurobi_pool,,1101000001011110111,00100001010000001,110100000101111011100100001010000001,128,8192,25,152,true,single,36,1.0e-10,64
VQE_reduced_surrogate,73002,2768,1,0.0001220703125,734.0086187500028,752.7109999999998,not_in_gurobi_pool,,0010011101011011000,10000111010100000,001001110101101100010000111010100000,128,8192,25,152,true,single,36,1.0e-10,64
VQE_reduced_surrogate,73002,2828,1,0.0001220703125,744.9476937500019,752.963,not_in_gurobi_pool,,1100010001011101110,00000001011100010,110001000101110111000000001011100010,128,8192,25,152,true,single,36,1.0e-10,64
VQE_reduced_surrogate,73002,2970,1,0.0001220703125,766.3978437499975,753.0389999999998,not_in_gurobi_pool,,1100101001100001100,00000001000000000,110010100110000110000000001000000000,128,8192,25,152,true,single,36,1.0e-10,64
VQE_reduced_surrogate,73002,2831,1,0.0001220703125,745.1506937500001,753.1659999999997,not_in_gurobi_pool,,1100101110010011100,00000101110000000,110010111001001110000000101110000000,128,8192,25,152,true,single,36,1.0e-10,64
VQE_reduced_surrogate,73002,2832,1,0.0001220703125,745.1506937500008,753.1659999999997,not_in_gurobi_pool,,1100101010011011100,00000101110000000,110010101001101110000000101110000000,128,8192,25,152,true,single,36,1.0e-10,64
VQE_reduced_surrogate,73002,2833,1,0.0001220703125,745.1716937500057,753.1869999999997,not_in_gurobi_pool,,0100010010111100100,00000000010101000,010001001011110010000000000010101000,128,8192,25,152,true,single,36,1.0e-10,64
VQE_reduced_surrogate,73002,2973,1,0.0001220703125,766.6878437499925,753.3289999999996,not_in_gurobi_pool,,0100001010110110011,00000001000000001,010000101011011001100000001000000001,128,8192,25,152,true,single,36,1.0e-10,64
VQE_reduced_surrogate,73002,2975,1,0.0001220703125,766.7469437499992,753.3880999999997,not_in_gurobi_pool,,0000111110101010111,01000101000001101,000011111010101011101000101000001101,128,8192,25,152,true,single,36,1.0e-10,64
VQE_reduced_surrogate,73002,2900,1,0.0001220703125,756.0887687500001,753.4169999999997,not_in_gurobi_pool,,0100111110101010111,00000001000101101,010011111010101011100000001000101101,128,8192,25,152,true,single,36,1.0e-10,64
VQE_reduced_surrogate,73002,2835,1,0.0001220703125,745.7036937500045,753.7189999999998,not_in_gurobi_pool,,0100010010110001100,00000000010101000,010001001011000110000000000010101000,128,8192,25,152,true,single,36,1.0e-10,64
VQE_reduced_surrogate,73002,2836,1,0.0001220703125,745.703693750005,753.7189999999998,not_in_gurobi_pool,,0100010010111001100,00000000010101000,010001001011100110000000000010101000,128,8192,25,152,true,single,36,1.0e-10,64
VQE_reduced_surrogate,73002,2977,1,0.0001220703125,767.1988437500013,753.8399999999998,not_in_gurobi_pool,,1100101101101100110,00000001000000011,110010110110110011000000001000000011,128,8192,25,152,true,single,36,1.0e-10,64
VQE_reduced_surrogate,73002,2978,1,0.0001220703125,767.3533437499909,753.9944999999997,not_in_gurobi_pool,,0011001110111011011,00000100000000100,001100111011101101100000100000000100,128,8192,25,152,true,single,36,1.0e-10,64
VQE_reduced_surrogate,73002,2837,1,0.0001220703125,746.0122937500062,754.0275999999999,not_in_gurobi_pool,,0001110111010011000,10000101010000000,000111011101001100010000101010000000,128,8192,25,152,true,single,36,1.0e-10,64
VQE_reduced_surrogate,73002,2979,1,0.0001220703125,767.3929437500015,754.0341000000001,not_in_gurobi_pool,,0000101011001011011,01000111110000100,000010101100101101101000111110000100,128,8192,25,152,true,single,36,1.0e-10,64
VQE_reduced_surrogate,73002,2775,1,0.0001220703125,735.3742187500002,754.0765999999999,not_in_gurobi_pool,,0001010111001000111,00000101010000111,000101011100100011100000101010000111,128,8192,25,152,true,single,36,1.0e-10,64
VQE_reduced_surrogate,73002,3033,1,0.0001220703125,778.1414187499961,754.0954999999999,not_in_gurobi_pool,,0011101111001101011,00000111000000010,001110111100110101100000111000000010,128,8192,25,152,true,single,36,1.0e-10,64
VQE_reduced_surrogate,73002,2902,1,0.0001220703125,756.9557687500103,754.2839999999995,not_in_gurobi_pool,,1100011101110101011,00000001000101010,110001110111010101100000001000101010,128,8192,25,152,true,single,36,1.0e-10,64
VQE_reduced_surrogate,73002,2721,1,0.0001220703125,724.958543750012,754.3479999999997,not_in_gurobi_pool,,1100010111110010011,00000000010101101,110001011111001001100000000010101101,128,8192,25,152,true,single,36,1.0e-10,64
VQE_reduced_surrogate,73002,2905,1,0.0001220703125,757.2643687499944,754.5925999999997,not_in_gurobi_pool,,1001101010011011110,00000111100000100,100110101001101111000000111100000100,128,8192,25,152,true,single,36,1.0e-10,64
VQE_reduced_surrogate,73002,2982,1,0.0001220703125,767.9734437500022,754.6145999999997,not_in_gurobi_pool,,1001111011010100000,10000111100000000,100111101101010000010000111100000000,128,8192,25,152,true,single,36,1.0e-10,64
VQE_reduced_surrogate,73002,2842,1,0.0001220703125,746.6137937500057,754.6290999999997,not_in_gurobi_pool,,0000101000111011110,01000101000000100,000010100011101111001000101000000100,128,8192,25,152,true,single,36,1.0e-10,64
VQE_reduced_surrogate,73002,2779,1,0.0001220703125,735.9306187500008,754.633,not_in_gurobi_pool,,1010111011010010000,10000111010100000,101011101101001000010000111010100000,128,8192,25,152,true,single,36,1.0e-10,64
VQE_reduced_surrogate,73002,2843,1,0.0001220703125,746.6867937500131,754.7021,not_in_gurobi_pool,,0000000101011011100,01100101011000000,000000010101101110001100101011000000,128,8192,25,152,true,single,36,1.0e-10,64
VQE_reduced_surrogate,73002,2906,1,0.0001220703125,757.3738687500038,754.7021,not_in_gurobi_pool,,0000010001011011100,01000101011000000,000001000101101110001000101011000000,128,8192,25,152,true,single,36,1.0e-10,64
VQE_reduced_surrogate,73002,2782,1,0.0001220703125,736.1222187500027,754.8245999999997,not_in_gurobi_pool,,0001110001011011100,00000101010000000,000111000101101110000000101010000000,128,8192,25,152,true,single,36,1.0e-10,64
VQE_reduced_surrogate,73002,2907,1,0.0001220703125,757.5272687500008,754.8554999999999,not_in_gurobi_pool,,0011110111000100111,00000100010100011,001111011100010011100000100010100011,128,8192,25,152,true,single,36,1.0e-10,64
VQE_reduced_surrogate,73002,2909,1,0.0001220703125,757.5862687500007,754.9144999999999,not_in_gurobi_pool,,0011101001111010000,10000100000000000,001110100111101000010000100000000000,128,8192,25,152,true,single,36,1.0e-10,64
VQE_reduced_surrogate,73002,2984,1,0.0001220703125,768.3819437500119,755.0230999999997,not_in_gurobi_pool,,0000100010111001110,01100000010000110,000010001011100111001100000010000110,128,8192,25,152,true,single,36,1.0e-10,64
VQE_reduced_surrogate,73002,2911,1,0.0001220703125,757.7347687500069,755.0629999999996,not_in_gurobi_pool,,0010100010111001110,00100000010000110,001010001011100111000100000010000110,128,8192,25,152,true,single,36,1.0e-10,64
VQE_reduced_surrogate,73002,2985,1,0.0001220703125,768.504443750006,755.1455999999996,not_in_gurobi_pool,,0001100010111001110,00100000000000110,000110001011100111000100000000000110,128,8192,25,152,true,single,36,1.0e-10,64
VQE_reduced_surrogate,73002,2845,1,0.0001220703125,747.2442937500086,755.2595999999998,not_in_gurobi_pool,,0001010011010101011,00000101010000010,000101001101010101100000101010000010,128,8192,25,152,true,single,36,1.0e-10,64
VQE_reduced_surrogate,73002,2785,1,0.0001220703125,736.6635187500008,755.3659,not_in_gurobi_pool,,0110001010011001101,00000101010100000,011000101001100110100000101010100000,128,8192,25,152,true,single,36,1.0e-10,64
VQE_reduced_surrogate,73002,2913,1,0.0001220703125,758.0592687499945,755.3875,not_in_gurobi_pool,,0011110111000001111,00000100010100110,001111011100000111100000100010100110,128,8192,25,152,true,single,36,1.0e-10,64
VQE_reduced_surrogate,73002,2988,1,0.0001220703125,768.8369437500048,755.4780999999998,not_in_gurobi_pool,,0000111101101100101,01000101000001000,000011110110110010101000101000001000,128,8192,25,152,true,single,36,1.0e-10,64
VQE_reduced_surrogate,73002,2914,1,0.0001220703125,758.6818687500131,756.0100999999997,not_in_gurobi_pool,,0000101101101001100,01000101000000000,000010110110100110001000101000000000,128,8192,25,152,true,single,36,1.0e-10,64
VQE_reduced_surrogate,73002,2915,1,0.0001220703125,758.7078687499945,756.0360999999998,not_in_gurobi_pool,,0000101110010101101,01000111110000000,000010111001010110101000111110000000,128,8192,25,152,true,single,36,1.0e-10,64
VQE_reduced_surrogate,73002,2996,1,0.0001220703125,769.8768437499957,756.5179999999996,not_in_gurobi_pool,,1100101110110011101,00000001000000000,110010111011001110100000001000000000,128,8192,25,152,true,single,36,1.0e-10,64
VQE_reduced_surrogate,73002,2997,1,0.0001220703125,769.8768437499944,756.5179999999997,not_in_gurobi_pool,,1100101110111011100,00000001000000000,110010111011101110000000001000000000,128,8192,25,152,true,single,36,1.0e-10,64
VQE_reduced_surrogate,73002,2851,1,0.0001220703125,748.674693749999,756.6899999999996,not_in_gurobi_pool,,1100101101010011100,00000101110000000,110010110101001110000000101110000000,128,8192,25,152,true,single,36,1.0e-10,64
VQE_reduced_surrogate,73002,2999,1,0.0001220703125,770.15134375,756.7924999999998,not_in_gurobi_pool,,0011101010011001110,00000111000000110,001110101001100111000000111000000110,128,8192,25,152,true,single,36,1.0e-10,64
VQE_reduced_surrogate,73002,2852,1,0.0001220703125,748.8076937499989,756.8229999999996,not_in_gurobi_pool,,0010010001111010100,00000000010101000,001001000111101010000000000010101000,128,8192,25,152,true,single,36,1.0e-10,64
VQE_reduced_surrogate,73002,2854,1,0.0001220703125,749.2675937500014,757.2828999999999,not_in_gurobi_pool,,0110100101110001101,00100000010100000,011010010111000110100100000010100000,128,8192,25,152,true,single,36,1.0e-10,64
VQE_reduced_surrogate,73002,2856,1,0.0001220703125,749.6861937500012,757.7014999999997,not_in_gurobi_pool,,0101011101011000101,00000101100100000,010101110101100010100000101100100000,128,8192,25,152,true,single,36,1.0e-10,64
VQE_reduced_surrogate,73002,2862,1,0.0001220703125,749.8576937499984,757.8729999999998,not_in_gurobi_pool,,1100101111110100001,10000001000000000,110010111111010000110000001000000000,128,8192,25,152,true,single,36,1.0e-10,64
VQE_reduced_surrogate,73002,2923,1,0.0001220703125,760.6658687500023,757.9940999999997,not_in_gurobi_pool,,1000001101011011110,01000111110000100,100000110101101111001000111110000100,128,8192,25,152,true,single,36,1.0e-10,64
VQE_reduced_surrogate,73002,2924,1,0.0001220703125,760.817768749999,758.146,not_in_gurobi_pool,,0100111010110100101,00000001000101000,010011101011010010100000001000101000,128,8192,25,152,true,single,36,1.0e-10,64
VQE_reduced_surrogate,73002,2801,1,0.0001220703125,739.8156187500081,758.5179999999995,not_in_gurobi_pool,,0100110111111101011,00000000010101010,010011011111110101100000000010101010,128,8192,25,152,true,single,36,1.0e-10,64
VQE_reduced_surrogate,73002,2931,1,0.0001220703125,761.3497687500007,758.6779999999997,not_in_gurobi_pool,,0100011110111001100,00000001000101000,010001111011100110000000001000101000,128,8192,25,152,true,single,36,1.0e-10,64
VQE_reduced_surrogate,73002,2932,1,0.0001220703125,761.3607687500062,758.6889999999996,not_in_gurobi_pool,,0010011110111001100,00000100000101000,001001111011100110000000100000101000,128,8192,25,152,true,single,36,1.0e-10,64
VQE_reduced_surrogate,73002,2933,1,0.0001220703125,761.4832687499907,758.8114999999996,not_in_gurobi_pool,,0011111110110001101,00000100000101000,001111111011000110100000100000101000,128,8192,25,152,true,single,36,1.0e-10,64
VQE_reduced_surrogate,73002,2934,1,0.0001220703125,761.6552687499984,758.9834999999998,not_in_gurobi_pool,,0011111001011001101,00000111000100000,001111100101100110100000111000100000,128,8192,25,152,true,single,36,1.0e-10,64
VQE_reduced_surrogate,73002,3009,1,0.0001220703125,772.3423437500089,758.9834999999998,not_in_gurobi_pool,,0011001001011001101,00000111000000000,001100100101100110100000111000000000,128,8192,25,152,true,single,36,1.0e-10,64
VQE_reduced_surrogate,73002,3053,1,0.0001220703125,783.3320187499978,759.2860999999998,not_in_gurobi_pool,,0000110101111101110,01000000010001010,000011010111110111001000000010001010,128,8192,25,152,true,single,36,1.0e-10,64
VQE_reduced_surrogate,73002,2807,1,0.0001220703125,740.6046187500185,759.307,not_in_gurobi_pool,,1100111111110010011,00000001000101101,110011111111001001100000001000101101,128,8192,25,152,true,single,36,1.0e-10,64
VQE_reduced_surrogate,73002,3055,1,0.0001220703125,783.45451874999,759.4085999999998,not_in_gurobi_pool,,0001110101111101110,00000000000001010,000111010111110111000000000000001010,128,8192,25,152,true,single,36,1.0e-10,64
VQE_reduced_surrogate,73002,3057,1,0.0001220703125,783.6980187499992,759.6520999999998,not_in_gurobi_pool,,0000011111000100111,01000111110000011,000001111100010011101000111110000011,128,8192,25,152,true,single,36,1.0e-10,64
VQE_reduced_surrogate,73002,3017,1,0.0001220703125,773.2998437499928,759.9409999999996,not_in_gurobi_pool,,1100101101110101101,00000001000000000,110010110111010110100000001000000000,128,8192,25,152,true,single,36,1.0e-10,64
VQE_reduced_surrogate,73002,2948,1,0.0001220703125,762.6538687500124,759.9821,not_in_gurobi_pool,,0000001010111001110,01000101000000110,000000101011100111001000101000000110,128,8192,25,152,true,single,36,1.0e-10,64
VQE_reduced_surrogate,73002,2876,1,0.0001220703125,752.2075937500017,760.2228999999999,not_in_gurobi_pool,,0110111001011001111,00000101010110110,011011100101100111100000101010110110,128,8192,25,152,true,single,36,1.0e-10,64
VQE_reduced_surrogate,73002,2813,1,0.0001220703125,741.5252187500093,760.2275999999997,not_in_gurobi_pool,,0001101111111000000,10001101000000000,000110111111100000010001101000000000,128,8192,25,152,true,single,36,1.0e-10,64
VQE_reduced_surrogate,73002,2814,1,0.0001220703125,742.141718750006,760.8440999999998,not_in_gurobi_pool,,0000101111111100000,11000101000000000,000010111111110000011000101000000000,128,8192,25,152,true,single,36,1.0e-10,64
VQE_reduced_surrogate,73002,3022,1,0.0001220703125,774.9999437499998,761.6410999999998,not_in_gurobi_pool,,0000111001110100101,01000101000001000,000011100111010010101000101000001000,128,8192,25,152,true,single,36,1.0e-10,64
VQE_reduced_surrogate,73002,2763,1,0.0001220703125,733.0111437500052,762.4005999999997,not_in_gurobi_pool,,0001111111111010011,00000101000001101,000111111111101001100000101000001101,128,8192,25,152,true,single,36,1.0e-10,64
VQE_reduced_surrogate,73002,2967,1,0.0001220703125,765.6747687499999,763.0029999999999,not_in_gurobi_pool,,0100111001111100111,00000001000101011,010011100111110011100000001000101011,128,8192,25,152,true,single,36,1.0e-10,64
VQE_reduced_surrogate,73002,2987,1,0.0001220703125,768.6277687500042,765.9560000000001,not_in_gurobi_pool,,0010101011011010110,00000111010000101,001010101101101011000000111010000101,128,8192,25,152,true,single,36,1.0e-10,64
VQE_reduced_surrogate,73002,2990,1,0.0001220703125,769.0477687499947,766.3759999999997,not_in_gurobi_pool,,0100101011011001110,00000101110000110,010010101101100111000000101110000110,128,8192,25,152,true,single,36,1.0e-10,64
VQE_reduced_surrogate,73002,2901,1,0.0001220703125,756.2589187499839,774.9612999999997,not_in_gurobi_pool,,1100010000100011000,10000000010101000,110001000010001100010000000010101000,128,8192,25,152,true,single,36,1.0e-10,64
VQE_reduced_surrogate,73002,2838,1,0.0001220703125,746.2272437499948,775.6167,not_in_gurobi_pool,,1111100100101001011,00100000000100110,111110010010100101100100000000100110,128,8192,25,152,true,single,36,1.0e-10,64
VQE_reduced_surrogate,73002,2986,1,0.0001220703125,768.5529937499919,776.5682999999997,not_in_gurobi_pool,,1100011100001011000,10010101110100000,110001110000101100010010101110100000,128,8192,25,152,true,single,36,1.0e-10,64
VQE_reduced_surrogate,73002,3102,1,0.0001220703125,791.131143750004,777.7722999999996,not_in_gurobi_pool,,1100100100010011000,10110001011000000,110010010001001100010110001011000000,128,8192,25,152,true,single,36,1.0e-10,64
VQE_reduced_surrogate,73002,3043,1,0.0001220703125,780.739068749989,778.0672999999999,not_in_gurobi_pool,,1100010000000110101,00010001011100000,110001000000011010100010001011100000,128,8192,25,152,true,single,36,1.0e-10,64
VQE_reduced_surrogate,73002,2919,1,0.0001220703125,759.9794187499992,778.6817999999998,not_in_gurobi_pool,,1011011100100100001,10000100000101000,101101110010010000110000100000101000,128,8192,25,152,true,single,36,1.0e-10,64
VQE_reduced_surrogate,73002,3108,1,0.0001220703125,792.243643749996,778.8847999999997,not_in_gurobi_pool,,0101000100100110011,00100000000000001,010100010010011001100100000000000001,128,8192,25,152,true,single,36,1.0e-10,64
VQE_reduced_surrogate,73002,3109,1,0.0001220703125,792.2546437499968,778.8957999999997,not_in_gurobi_pool,,0011000100100110011,00100000000000001,001100010010011001100100000000000001,128,8192,25,152,true,single,36,1.0e-10,64
VQE_reduced_surrogate,73002,2938,1,0.0001220703125,761.8899187499903,780.5922999999997,not_in_gurobi_pool,,1100010000110110000,10000000010101000,110001000011011000010000000010101000,128,8192,25,152,true,single,36,1.0e-10,64
VQE_reduced_surrogate,73002,3054,1,0.0001220703125,783.3430687499967,780.6713,not_in_gurobi_pool,,0100010000010101000,10010001011100000,010001000001010100010010001011100000,128,8192,25,152,true,single,36,1.0e-10,64
VQE_reduced_surrogate,73002,3011,1,0.0001220703125,772.8284937500089,780.8438000000001,not_in_gurobi_pool,,1101111000100110011,00000001000101001,110111100010011001100000001000101001,128,8192,25,152,true,single,36,1.0e-10,64
VQE_reduced_surrogate,73002,2942,1,0.0001220703125,762.4219187499932,781.1242999999997,not_in_gurobi_pool,,1100010000110011000,10000000010101000,110001000011001100010000000010101000,128,8192,25,152,true,single,36,1.0e-10,64
VQE_reduced_surrogate,73002,3133,1,0.0001220703125,794.9470437499974,781.5881999999996,not_in_gurobi_pool,,0110111000101100000,10000000000111000,011011100010110000010000000000111000,128,8192,25,152,true,single,36,1.0e-10,64
VQE_reduced_surrogate,73002,3018,1,0.0001220703125,773.6664937500032,781.6817999999996,not_in_gurobi_pool,,0011001000100100001,10000100000000000,001100100010010000110000100000000000,128,8192,25,152,true,single,36,1.0e-10,64
VQE_reduced_surrogate,73002,3059,1,0.0001220703125,784.3655687500025,781.6937999999998,not_in_gurobi_pool,,0011010100001100111,00010100010100011,001101010000110011100010100010100011,128,8192,25,152,true,single,36,1.0e-10,64
VQE_reduced_surrogate,73002,3201,1,0.0001220703125,806.1237187500049,782.0777999999999,not_in_gurobi_pool,,1101100110100110011,00100000000000001,110110011010011001100100000000000001,128,8192,25,152,true,single,36,1.0e-10,64
VQE_reduced_surrogate,73002,3137,1,0.0001220703125,795.4790437499976,782.1201999999997,not_in_gurobi_pool,,0110111000101001000,10000000000111000,011011100010100100010000000000111000,128,8192,25,152,true,single,36,1.0e-10,64
VQE_reduced_surrogate,73002,3063,1,0.0001220703125,784.9989687499985,782.3272000000001,not_in_gurobi_pool,,1110011100000010101,00010101010110000,111001110000001010100010101010110000,128,8192,25,152,true,single,36,1.0e-10,64
VQE_reduced_surrogate,73002,3203,1,0.0001220703125,806.5547187500031,782.5088,not_in_gurobi_pool,,1101100110100101011,00100000000000010,110110011010010101100100000000000010,128,8192,25,152,true,single,36,1.0e-10,64
VQE_reduced_surrogate,73002,3139,1,0.0001220703125,795.9660437499883,782.6071999999994,not_in_gurobi_pool,,1110010101101000001,10001000010111000,111001010110100000110001000010111000,128,8192,25,152,true,single,36,1.0e-10,64
VQE_reduced_surrogate,73002,2956,1,0.0001220703125,764.0909187500015,782.7932999999998,not_in_gurobi_pool,,0010010010101100000,10000000010101000,001001001010110000010000000010101000,128,8192,25,152,true,single,36,1.0e-10,64
VQE_reduced_surrogate,73002,3021,1,0.0001220703125,774.8068937500045,782.8221999999997,not_in_gurobi_pool,,0110110110100100000,10000000010111000,011011011010010000010000000010111000,128,8192,25,152,true,single,36,1.0e-10,64
VQE_reduced_surrogate,73002,3140,1,0.0001220703125,796.2031437499966,782.8443,not_in_gurobi_pool,,0100100100011111011,00110001011000000,010010010001111101100110001011000000,128,8192,25,152,true,single,36,1.0e-10,64
VQE_reduced_surrogate,73002,2958,1,0.0001220703125,764.1809187499907,782.8832999999995,not_in_gurobi_pool,,0100010010101010000,10000000010101000,010001001010101000010000000010101000,128,8192,25,152,true,single,36,1.0e-10,64
VQE_reduced_surrogate,73002,2959,1,0.0001220703125,764.1919187499971,782.8942999999995,not_in_gurobi_pool,,0010010010101010000,10000000010101000,001001001010101000010000000010101000,128,8192,25,152,true,single,36,1.0e-10,64
VQE_reduced_surrogate,73002,3065,1,0.0001220703125,785.7255687499992,783.0537999999998,not_in_gurobi_pool,,0011101100101011001,10000100000000000,001110110010101100110000100000000000,128,8192,25,152,true,single,36,1.0e-10,64
VQE_reduced_surrogate,73002,2961,1,0.0001220703125,764.4134187499963,783.1157999999998,not_in_gurobi_pool,,0011011100100010011,00000100000101101,001101110010001001100000100000101101,128,8192,25,152,true,single,36,1.0e-10,64
VQE_reduced_surrogate,73002,2962,1,0.0001220703125,764.5918187499908,783.2941999999999,not_in_gurobi_pool,,1110011010000001011,00000101010110110,111001101000000101100000101010110110,128,8192,25,152,true,single,36,1.0e-10,64
VQE_reduced_surrogate,73002,3068,1,0.0001220703125,786.111568749985,783.4397999999995,not_in_gurobi_pool,,1011110001100100000,10000000000101000,101111000110010000010000000000101000,128,8192,25,152,true,single,36,1.0e-10,64
VQE_reduced_surrogate,73002,3142,1,0.0001220703125,796.798643749989,783.4397999999995,not_in_gurobi_pool,,1011000101100100001,10100000000000000,101100010110010000110100000000000000,128,8192,25,152,true,single,36,1.0e-10,64
VQE_reduced_surrogate,73002,3143,1,0.0001220703125,796.8886437499875,783.5297999999997,not_in_gurobi_pool,,1101100001101010000,10100000000000000,110110000110101000010100000000000000,128,8192,25,152,true,single,36,1.0e-10,64
VQE_reduced_surrogate,73002,2963,1,0.0001220703125,764.8444187500024,783.5467999999997,not_in_gurobi_pool,,0011111000101001010,00000100000101110,001111100010100101000000100000101110,128,8192,25,152,true,single,36,1.0e-10,64
VQE_reduced_surrogate,73002,3024,1,0.0001220703125,775.6038937500032,783.6191999999995,not_in_gurobi_pool,,0110110000100100100,00000000010111000,011011000010010010000000000010111000,128,8192,25,152,true,single,36,1.0e-10,64
VQE_reduced_surrogate,73002,3071,1,0.0001220703125,786.5265687499993,783.8547999999995,not_in_gurobi_pool,,0011001000101110011,00000100000000001,001100100010111001100000100000000001,128,8192,25,152,true,single,36,1.0e-10,64
VQE_reduced_surrogate,73002,3277,1,0.0001220703125,818.7451937499902,784.0121999999998,not_in_gurobi_pool,,1110011000111000001,10001000000111000,111001100011100000110001000000111000,128,8192,25,152,true,single,36,1.0e-10,64
VQE_reduced_surrogate,73002,3145,1,0.0001220703125,797.484243750009,784.1253999999998,not_in_gurobi_pool,,0000000110101011000,11100000010000000,000000011010101100011100000010000000,128,8192,25,152,true,single,36,1.0e-10,64
VQE_reduced_surrogate,73002,3146,1,0.0001220703125,797.4935437499967,784.1346999999997,not_in_gurobi_pool,,1111111100111000001,10001000000111000,111111110011100000110001000000111000,128,8192,25,152,true,single,36,1.0e-10,64
VQE_reduced_surrogate,73002,3074,1,0.0001220703125,786.9575687500042,784.2857999999995,not_in_gurobi_pool,,0011001100100101011,00000100000000010,001100110010010101100000100000000010,128,8192,25,152,true,single,36,1.0e-10,64
VQE_reduced_surrogate,73002,3213,1,0.0001220703125,808.3391187499965,784.2932,not_in_gurobi_pool,,0110111000101011011,00000000000111100,011011100010101101100000000000111100,128,8192,25,152,true,single,36,1.0e-10,64
VQE_reduced_surrogate,73002,3147,1,0.0001220703125,797.6976437499893,784.3387999999997,not_in_gurobi_pool,,0101000110101010011,00100000000000101,010100011010101001100100000000000101,128,8192,25,152,true,single,36,1.0e-10,64
VQE_reduced_surrogate,73002,3075,1,0.0001220703125,787.1645687500111,784.4928,not_in_gurobi_pool,,0011111000010100000,10010111000100000,001111100001010000010010111000100000,128,8192,25,152,true,single,36,1.0e-10,64
VQE_reduced_surrogate,73002,3076,1,0.0001220703125,787.1835687499988,784.5117999999998,not_in_gurobi_pool,,0101001010001100000,10000101100000000,010100101000110000010000101100000000,128,8192,25,152,true,single,36,1.0e-10,64
VQE_reduced_surrogate,73002,3028,1,0.0001220703125,776.5074937500106,784.5228,not_in_gurobi_pool,,0011111010000100000,10000111000100000,001111101000010000010000111000100000,128,8192,25,152,true,single,36,1.0e-10,64
VQE_reduced_surrogate,73002,2968,1,0.0001220703125,765.8278187500007,784.5302,not_in_gurobi_pool,,0110111010001010000,10000101010110000,011011101000101000010000101010110000,128,8192,25,152,true,single,36,1.0e-10,64
VQE_reduced_surrogate,73002,3151,1,0.0001220703125,798.1396437499989,784.7807999999997,not_in_gurobi_pool,,0011100110101001010,00100000000000110,001110011010100101000100000000000110,128,8192,25,152,true,single,36,1.0e-10,64
VQE_reduced_surrogate,73002,3029,1,0.0001220703125,776.7769937499968,784.7922999999998,not_in_gurobi_pool,,1100010110000011101,00000001011100000,110001011000001110100000001011100000,128,8192,25,152,true,single,36,1.0e-10,64
VQE_reduced_surrogate,73002,3077,1,0.0001220703125,787.5465687500073,784.8747999999997,not_in_gurobi_pool,,1011001110100100000,10000100000000000,101100111010010000010000100000000000,128,8192,25,152,true,single,36,1.0e-10,64
VQE_reduced_surrogate,73002,2899,1,0.0001220703125,755.7872437499966,785.1767,not_in_gurobi_pool,,1111101101000010000,10000101000100000,111110110100001000010000101000100000,128,8192,25,152,true,single,36,1.0e-10,64
VQE_reduced_surrogate,73002,3154,1,0.0001220703125,798.9602437500196,785.6014,not_in_gurobi_pool,,0000001000010101000,11010111110000000,000000100001010100011010111110000000,128,8192,25,152,true,single,36,1.0e-10,64
VQE_reduced_surrogate,73002,3155,1,0.0001220703125,799.0827437500243,785.7239,not_in_gurobi_pool,,0001101100010101000,10010111100000000,000110110001010100010010111100000000,128,8192,25,152,true,single,36,1.0e-10,64
VQE_reduced_surrogate,73002,3219,1,0.0001220703125,809.910718750009,785.8647999999996,not_in_gurobi_pool,,0011101100011011000,10010111000000000,001110110001101100010010111000000000,128,8192,25,152,true,single,36,1.0e-10,64
VQE_reduced_surrogate,73002,3086,1,0.0001220703125,788.941568749992,786.2697999999998,not_in_gurobi_pool,,1101100011000100000,10100001010000000,110110001100010000010100001010000000,128,8192,25,152,true,single,36,1.0e-10,64
VQE_reduced_surrogate,73002,2980,1,0.0001220703125,767.6783187499962,786.3806999999997,not_in_gurobi_pool,,1111100001011010001,10100000010100000,111110000101101000110100000010100000,128,8192,25,152,true,single,36,1.0e-10,64
VQE_reduced_surrogate,73002,3087,1,0.0001220703125,789.1845687500065,786.5127999999997,not_in_gurobi_pool,,0101010000010100100,00010001010100000,010101000001010010000010001010100000,128,8192,25,152,true,single,36,1.0e-10,64
VQE_reduced_surrogate,73002,3091,1,0.0001220703125,789.4810687500017,786.8092999999997,not_in_gurobi_pool,,1100101100101101100,00000001000000000,110010110010110110000000001000000000,128,8192,25,152,true,single,36,1.0e-10,64
VQE_reduced_surrogate,73002,3092,1,0.0001220703125,789.5820687500036,786.9102999999998,not_in_gurobi_pool,,1100001100101011101,00000001000000000,110000110010101110100000001000000000,128,8192,25,152,true,single,36,1.0e-10,64
VQE_reduced_surrogate,73002,2908,1,0.0001220703125,757.5684437500174,786.9578999999998,not_in_gurobi_pool,,0001000110010101000,10100101010000000,000100011001010100010100101010000000,128,8192,25,152,true,single,36,1.0e-10,64
VQE_reduced_surrogate,73002,3095,1,0.0001220703125,789.7665687499971,787.0947999999996,not_in_gurobi_pool,,0101011100111000001,10001001000101000,010101110011100000110001001000101000,128,8192,25,152,true,single,36,1.0e-10,64
VQE_reduced_surrogate,73002,3159,1,0.0001220703125,800.4556437499971,787.0967999999998,not_in_gurobi_pool,,0011111100010101011,00010111000100010,001111110001010101100010111000100010,128,8192,25,152,true,single,36,1.0e-10,64
VQE_reduced_surrogate,73002,3160,1,0.0001220703125,800.4856437499986,787.1268,not_in_gurobi_pool,,0011001010001101011,00000111000000010,001100101000110101100000111000000010,128,8192,25,152,true,single,36,1.0e-10,64
VQE_reduced_surrogate,73002,3036,1,0.0001220703125,779.2889937500022,787.3042999999997,not_in_gurobi_pool,,1100110010100001100,00000000010101000,110011001010000110000000000010101000,128,8192,25,152,true,single,36,1.0e-10,64
VQE_reduced_surrogate,73002,3096,1,0.0001220703125,789.9760687500043,787.3042999999997,not_in_gurobi_pool,,1100000110101001100,00100000010000000,110000011010100110000100000010000000,128,8192,25,152,true,single,36,1.0e-10,64
VQE_reduced_surrogate,73002,3163,1,0.0001220703125,800.9386437500013,787.5797999999994,not_in_gurobi_pool,,1011001110101011011,00000100000000100,101100111010101101100000100000000100,128,8192,25,152,true,single,36,1.0e-10,64
VQE_reduced_surrogate,73002,3038,1,0.0001220703125,779.7259937499964,787.7412999999998,not_in_gurobi_pool,,0100011110100100001,10000001000101000,010001111010010000110000001000101000,128,8192,25,152,true,single,36,1.0e-10,64
VQE_reduced_surrogate,73002,3099,1,0.0001220703125,790.5715687499987,787.8997999999997,not_in_gurobi_pool,,0011000010010110011,00100100010000001,001100001001011001100100100010000001,128,8192,25,152,true,single,36,1.0e-10,64
VQE_reduced_surrogate,73002,2991,1,0.0001220703125,769.2508187499868,787.9531999999998,not_in_gurobi_pool,,0110111001000100001,10000101010110000,011011100100010000110000101010110000,128,8192,25,152,true,single,36,1.0e-10,64
VQE_reduced_surrogate,73002,2992,1,0.0001220703125,769.3518187499906,788.0541999999999,not_in_gurobi_pool,,0110111001001010000,10000101010110000,011011100100101000010000101010110000,128,8192,25,152,true,single,36,1.0e-10,64
VQE_reduced_surrogate,73002,3100,1,0.0001220703125,790.7770687500033,788.1052999999997,not_in_gurobi_pool,,1100100110100100110,00100000010000011,110010011010010011000100000010000011,128,8192,25,152,true,single,36,1.0e-10,64
VQE_reduced_surrogate,73002,3167,1,0.0001220703125,801.4657437500025,788.1068999999995,not_in_gurobi_pool,,1001010000110101101,00000000000001000,100101000011010110100000000000001000,128,8192,25,152,true,single,36,1.0e-10,64
VQE_reduced_surrogate,73002,3101,1,0.0001220703125,790.8270687499944,788.1552999999998,not_in_gurobi_pool,,1100101100110111011,00000001000000000,110010110011011101100000001000000000,128,8192,25,152,true,single,36,1.0e-10,64
VQE_reduced_surrogate,73002,3041,1,0.0001220703125,780.1909937500056,788.2062999999997,not_in_gurobi_pool,,1100110110101010110,00000000010101101,110011011010101011000000000010101101,128,8192,25,152,true,single,36,1.0e-10,64
VQE_reduced_surrogate,73002,3303,1,0.0001220703125,823.0617937500035,788.3287999999995,not_in_gurobi_pool,,0101000010111000000,10101000000000000,010100001011100000010101000000000000,128,8192,25,152,true,single,36,1.0e-10,64
VQE_reduced_surrogate,73002,3304,1,0.0001220703125,823.072793749998,788.3397999999995,not_in_gurobi_pool,,0011000010111000001,10101000000000000,001100001011100000110101000000000000,128,8192,25,152,true,single,36,1.0e-10,64
VQE_reduced_surrogate,73002,3042,1,0.0001220703125,780.4034937499925,788.4187999999999,not_in_gurobi_pool,,0011010010000001111,00000100010100110,001101001000000111100000100010100110,128,8192,25,152,true,single,36,1.0e-10,64
VQE_reduced_surrogate,73002,2993,1,0.0001220703125,769.7575187499967,788.4598999999998,not_in_gurobi_pool,,1001011101101010000,10000101000001000,100101110110101000010000101000001000,128,8192,25,152,true,single,36,1.0e-10,64
VQE_reduced_surrogate,73002,2994,1,0.0001220703125,769.7828187499915,788.4852,not_in_gurobi_pool,,0110111001001001001,10000101010110000,011011100100100100110000101010110000,128,8192,25,152,true,single,36,1.0e-10,64
VQE_reduced_surrogate,73002,3103,1,0.0001220703125,791.2361687499968,788.5643999999998,not_in_gurobi_pool,,0000010110000110110,01000101011000001,000001011000011011001000101011000001,128,8192,25,152,true,single,36,1.0e-10,64
VQE_reduced_surrogate,73002,3239,1,0.0001220703125,812.7177187500006,788.6717999999995,not_in_gurobi_pool,,1101100110110101010,00100000000000010,110110011011010101000100000000000010,128,8192,25,152,true,single,36,1.0e-10,64
VQE_reduced_surrogate,73002,3172,1,0.0001220703125,802.324243750013,788.9653999999998,not_in_gurobi_pool,,0000110000010101110,01010101011000010,000011000001010111001010101011000010,128,8192,25,152,true,single,36,1.0e-10,64
VQE_reduced_surrogate,73002,3104,1,0.0001220703125,791.6660687500039,788.9942999999998,not_in_gurobi_pool,,0100110000010101110,00010001011100010,010011000001010111000010001011100010,128,8192,25,152,true,single,36,1.0e-10,64
VQE_reduced_surrogate,73002,3105,1,0.0001220703125,791.6806687500052,789.0088999999996,not_in_gurobi_pool,,1001100000110110110,00100000000000001,100110000011011011000100000000000001,128,8192,25,152,true,single,36,1.0e-10,64
VQE_reduced_surrogate,73002,3044,1,0.0001220703125,781.0549937500016,789.0702999999997,not_in_gurobi_pool,,0100111000101001100,00000001000101000,010011100010100110000000001000101000,128,8192,25,152,true,single,36,1.0e-10,64
VQE_reduced_surrogate,73002,3000,1,0.0001220703125,770.3838187500082,789.0861999999997,not_in_gurobi_pool,,0110100010111010000,10100000010100000,011010001011101000010100000010100000,128,8192,25,152,true,single,36,1.0e-10,64
VQE_reduced_surrogate,73002,3046,1,0.0001220703125,781.0810937499989,789.0963999999997,not_in_gurobi_pool,,0000100010001011111,01100101011000100,000010001000101111101100101011000100,128,8192,25,152,true,single,36,1.0e-10,64
VQE_reduced_surrogate,73002,3174,1,0.0001220703125,802.5876437499994,789.2287999999996,not_in_gurobi_pool,,0011100000011011111,00110100010000100,001110000001101111100110100010000100,128,8192,25,152,true,single,36,1.0e-10,64
VQE_reduced_surrogate,73002,3106,1,0.0001220703125,791.9695687499948,789.2977999999995,not_in_gurobi_pool,,0101001110101010011,00000001000000101,010100111010101001100000001000000101,128,8192,25,152,true,single,36,1.0e-10,64
VQE_reduced_surrogate,73002,3107,1,0.0001220703125,792.0610687499941,789.3893000000002,not_in_gurobi_pool,,1100100110111111011,00100000010000000,110010011011111101100100000010000000,128,8192,25,152,true,single,36,1.0e-10,64
VQE_reduced_surrogate,73002,3002,1,0.0001220703125,770.814818749998,789.5171999999998,not_in_gurobi_pool,,0110100110110001001,10100000010100000,011010011011000100110100000010100000,128,8192,25,152,true,single,36,1.0e-10,64
VQE_reduced_surrogate,73002,3177,1,0.0001220703125,802.9961437499953,789.6372999999999,not_in_gurobi_pool,,1100001101101011000,10000001000000000,110000110110101100010000001000000000,128,8192,25,152,true,single,36,1.0e-10,64
VQE_reduced_surrogate,73002,3110,1,0.0001220703125,792.3645687499877,789.6927999999996,not_in_gurobi_pool,,1101010001111010000,10000000000101000,110101000111101000010000000000101000,128,8192,25,152,true,single,36,1.0e-10,64
VQE_reduced_surrogate,73002,3111,1,0.0001220703125,792.4115687499966,789.7397999999995,not_in_gurobi_pool,,0011001110101001011,00000100000000110,001100111010100101100000100000000110,128,8192,25,152,true,single,36,1.0e-10,64
VQE_reduced_surrogate,73002,3048,1,0.0001220703125,781.7650937500125,789.7803999999998,not_in_gurobi_pool,,0000101100100101101,01000101000000000,000010110010010110101000101000000000,128,8192,25,152,true,single,36,1.0e-10,64
VQE_reduced_surrogate,73002,3178,1,0.0001220703125,803.3656437499965,790.0067999999997,not_in_gurobi_pool,,0011110110100010101,00000000000101000,001111011010001010100000000000101000,128,8192,25,152,true,single,36,1.0e-10,64
VQE_reduced_surrogate,73002,3112,1,0.0001220703125,792.762568750009,790.0907999999998,not_in_gurobi_pool,,0011100001011110000,10100100010000000,001110000101111000010100100010000000,128,8192,25,152,true,single,36,1.0e-10,64
VQE_reduced_surrogate,73002,3246,1,0.0001220703125,814.1823187500045,790.1363999999999,not_in_gurobi_pool,,1000011010111000001,11001101000001000,100001101011100000111001101000001000,128,8192,25,152,true,single,36,1.0e-10,64
VQE_reduced_surrogate,73002,3179,1,0.0001220703125,803.5241437499963,790.1652999999999,not_in_gurobi_pool,,1100011010110000001,10001001000101000,110001101011000000110001001000101000,128,8192,25,152,true,single,36,1.0e-10,64
VQE_reduced_surrogate,73002,3180,1,0.0001220703125,803.5241437499981,790.1652999999999,not_in_gurobi_pool,,1100011010110000000,10001001000101000,110001101011000000010001001000101000,128,8192,25,152,true,single,36,1.0e-10,64
VQE_reduced_surrogate,73002,3248,1,0.0001220703125,814.3213187500014,790.2753999999996,not_in_gurobi_pool,,0000010010101001101,01000000010001000,000001001010100110101000000010001000,128,8192,25,152,true,single,36,1.0e-10,64
VQE_reduced_surrogate,73002,3004,1,0.0001220703125,771.6163187499928,790.3186999999998,not_in_gurobi_pool,,1111101010011101011,00000101000100010,111110101001110101100000101000100010,128,8192,25,152,true,single,36,1.0e-10,64
VQE_reduced_surrogate,73002,3250,1,0.0001220703125,814.3827187499971,790.3368,not_in_gurobi_pool,,1101001100011001110,00010101100000110,110100110001100111000010101100000110,128,8192,25,152,true,single,36,1.0e-10,64
VQE_reduced_surrogate,73002,3113,1,0.0001220703125,793.038568749997,790.3667999999998,not_in_gurobi_pool,,1101111110001001110,00000101100100110,110111111000100111000000101100100110,128,8192,25,152,true,single,36,1.0e-10,64
VQE_reduced_surrogate,73002,3252,1,0.0001220703125,814.4311187499945,790.3852,not_in_gurobi_pool,,0110101110100101011,00000000000100010,011010111010010101100000000000100010,128,8192,25,152,true,single,36,1.0e-10,64
VQE_reduced_surrogate,73002,3182,1,0.0001220703125,803.7697437500153,790.4108999999997,not_in_gurobi_pool,,0001100010111011000,10100000000000000,000110001011101100010100000000000000,128,8192,25,152,true,single,36,1.0e-10,64
VQE_reduced_surrogate,73002,3183,1,0.0001220703125,803.787043750008,790.4282000000001,not_in_gurobi_pool,,0110100101011101000,10100000011100000,011010010101110100010100000011100000,128,8192,25,152,true,single,36,1.0e-10,64
VQE_reduced_surrogate,73002,3114,1,0.0001220703125,793.1940687499971,790.5223000000001,not_in_gurobi_pool,,1100101000010110110,00010101110000001,110010100001011011000010101110000001,128,8192,25,152,true,single,36,1.0e-10,64
VQE_reduced_surrogate,73002,3050,1,0.0001220703125,782.541893750003,790.5572000000001,not_in_gurobi_pool,,0110111001001101011,00000101010110010,011011100100110101100000101010110010,128,8192,25,152,true,single,36,1.0e-10,64
VQE_reduced_surrogate,73002,3006,1,0.0001220703125,771.8799187500031,790.5822999999996,not_in_gurobi_pool,,0100110100110110100,00000000010101000,010011010011011010000000000010101000,128,8192,25,152,true,single,36,1.0e-10,64
VQE_reduced_surrogate,73002,3051,1,0.0001220703125,782.5669937500018,790.5822999999997,not_in_gurobi_pool,,0100100100110110101,00100000010000000,010010010011011010100100000010000000,128,8192,25,152,true,single,36,1.0e-10,64
VQE_reduced_surrogate,73002,3116,1,0.0001220703125,793.386568749987,790.7148,not_in_gurobi_pool,,0011000111000010011,00100100010000101,001100011100001001100100100010000101,128,8192,25,152,true,single,36,1.0e-10,64
VQE_reduced_surrogate,73002,3052,1,0.0001220703125,782.8389937499985,790.8543,not_in_gurobi_pool,,1100010010011101100,00000001011100000,110001001001110110000000001011100000,128,8192,25,152,true,single,36,1.0e-10,64
VQE_reduced_surrogate,73002,3185,1,0.0001220703125,804.2281437499969,790.8692999999997,not_in_gurobi_pool,,1100001001100101011,00000001000000010,110000100110010101100000001000000010,128,8192,25,152,true,single,36,1.0e-10,64
VQE_reduced_surrogate,73002,3118,1,0.0001220703125,793.6045687500016,790.9328,not_in_gurobi_pool,,0101010010111001011,00000000000101110,010101001011100101100000000000101110,128,8192,25,152,true,single,36,1.0e-10,64
VQE_reduced_surrogate,73002,3186,1,0.0001220703125,804.3026437500002,790.9437999999997,not_in_gurobi_pool,,0011000010110001011,00100000000000110,001100001011000101100100000000000110,128,8192,25,152,true,single,36,1.0e-10,64
VQE_reduced_surrogate,73002,3119,1,0.0001220703125,793.6155687499988,790.9438,not_in_gurobi_pool,,0011010010111001011,00000000000101110,001101001011100101100000000000101110,128,8192,25,152,true,single,36,1.0e-10,64
VQE_reduced_surrogate,73002,3120,1,0.0001220703125,793.6250687499937,790.9533000000001,not_in_gurobi_pool,,1100101100010101110,00010101110000010,110010110001010111000010101110000010,128,8192,25,152,true,single,36,1.0e-10,64
VQE_reduced_surrogate,73002,3007,1,0.0001220703125,772.2955187500145,790.9978999999998,not_in_gurobi_pool,,1001111010110100000,10000101000001000,100111101011010000010000101000001000,128,8192,25,152,true,single,36,1.0e-10,64
VQE_reduced_surrogate,73002,3188,1,0.0001220703125,804.4110437499887,791.0522000000001,not_in_gurobi_pool,,0110100011000001011,00100000011100110,011010001100000101100100000011100110,128,8192,25,152,true,single,36,1.0e-10,64
VQE_reduced_surrogate,73002,3121,1,0.0001220703125,793.7571687500074,791.0853999999997,not_in_gurobi_pool,,0000100100110011101,01100000010000000,000010010011001110101100000010000000,128,8192,25,152,true,single,36,1.0e-10,64
VQE_reduced_surrogate,73002,3122,1,0.0001220703125,793.7786687500161,791.1068999999995,not_in_gurobi_pool,,0001100000110101101,00100000000000000,000110000011010110100100000000000000,128,8192,25,152,true,single,36,1.0e-10,64
VQE_reduced_surrogate,73002,3123,1,0.0001220703125,793.7905687499963,791.1188000000002,not_in_gurobi_pool,,1101111110011111011,00000101100100000,110111111001111101100000101100100000,128,8192,25,152,true,single,36,1.0e-10,64
VQE_reduced_surrogate,73002,3189,1,0.0001220703125,804.5866437500042,791.2277999999997,not_in_gurobi_pool,,0101110110100100111,00000000000101011,010111011010010011100000000000101011,128,8192,25,152,true,single,36,1.0e-10,64
VQE_reduced_surrogate,73002,3191,1,0.0001220703125,804.6886437499982,791.3297999999995,not_in_gurobi_pool,,1101101011001010000,10000101100000000,110110101100101000010000101100000000,128,8192,25,152,true,single,36,1.0e-10,64
VQE_reduced_surrogate,73002,3014,1,0.0001220703125,772.9448187500047,791.6471999999999,not_in_gurobi_pool,,0110100100110001110,00100000010100110,011010010011000111000100000010100110,128,8192,25,152,true,single,36,1.0e-10,64
VQE_reduced_surrogate,73002,3015,1,0.0001220703125,772.9448187500006,791.6471999999999,not_in_gurobi_pool,,0110100100111001110,00100000010100110,011010010011100111000100000010100110,128,8192,25,152,true,single,36,1.0e-10,64
VQE_reduced_surrogate,73002,3056,1,0.0001220703125,783.6349937499963,791.6502999999998,not_in_gurobi_pool,,0100010010110011011,00000000010101100,010001001011001101100000000010101100,128,8192,25,152,true,single,36,1.0e-10,64
VQE_reduced_surrogate,73002,3128,1,0.0001220703125,794.3741687500067,791.7023999999997,not_in_gurobi_pool,,1000001010100100101,01000101000000000,100000101010010010101000101000000000,128,8192,25,152,true,single,36,1.0e-10,64
VQE_reduced_surrogate,73002,3193,1,0.0001220703125,805.110143749987,791.7513000000001,not_in_gurobi_pool,,0100000011000101011,00100001011000010,010000001100010101100100001011000010,128,8192,25,152,true,single,36,1.0e-10,64
VQE_reduced_surrogate,73002,3194,1,0.0001220703125,805.1196437499991,791.7607999999996,not_in_gurobi_pool,,1101101011001001001,10000101100000000,110110101100100100110000101100000000,128,8192,25,152,true,single,36,1.0e-10,64
VQE_reduced_surrogate,73002,3016,1,0.0001220703125,773.2089187499998,791.9113,not_in_gurobi_pool,,0100111010001001100,00000101110100000,010011101000100110000000101110100000,128,8192,25,152,true,single,36,1.0e-10,64
VQE_reduced_surrogate,73002,3129,1,0.0001220703125,794.627568750001,791.9557999999997,not_in_gurobi_pool,,0011000001010011011,00100100010000100,001100000101001101100100100010000100,128,8192,25,152,true,single,36,1.0e-10,64
VQE_reduced_surrogate,73002,3130,1,0.0001220703125,794.6975687500023,792.0257999999999,not_in_gurobi_pool,,1101111001001100101,00000101100100000,110111100100110010100000101100100000,128,8192,25,152,true,single,36,1.0e-10,64
VQE_reduced_surrogate,73002,3058,1,0.0001220703125,784.1019937500048,792.1172999999997,not_in_gurobi_pool,,0100110101000110110,00000001011100001,010011010100011011000000001011100001,128,8192,25,152,true,single,36,1.0e-10,64
VQE_reduced_surrogate,73002,3131,1,0.0001220703125,794.7985687500034,792.1268,not_in_gurobi_pool,,1101111001001010101,00000101100100000,110111100100101010100000101100100000,128,8192,25,152,true,single,36,1.0e-10,64
VQE_reduced_surrogate,73002,2951,1,0.0001220703125,762.759243749988,792.1487,not_in_gurobi_pool,,0111101110011010011,00000101000100101,011110111001101001100000101000100101,128,8192,25,152,true,single,36,1.0e-10,64
VQE_reduced_surrogate,73002,3132,1,0.0001220703125,794.8590687499943,792.1872999999998,not_in_gurobi_pool,,1100000110010101110,00100001011000010,110000011001010111000100001011000010,128,8192,25,152,true,single,36,1.0e-10,64
VQE_reduced_surrogate,73002,3195,1,0.0001220703125,805.5932437500048,792.2344,not_in_gurobi_pool,,1000011110100001101,01000101000001000,100001111010000110101000101000001000,128,8192,25,152,true,single,36,1.0e-10,64
VQE_reduced_surrogate,73002,3134,1,0.0001220703125,794.997068750002,792.3252999999996,not_in_gurobi_pool,,1100101110101000110,00000001000000111,110010111010100011000000001000000111,128,8192,25,152,true,single,36,1.0e-10,64
VQE_reduced_surrogate,73002,3266,1,0.0001220703125,816.3741187500111,792.3282,not_in_gurobi_pool,,1110010010011011111,00000000011110100,111001001001101111100000000011110100,128,8192,25,152,true,single,36,1.0e-10,64
VQE_reduced_surrogate,73002,3019,1,0.0001220703125,773.6675187500093,792.3698999999998,not_in_gurobi_pool,,1001101010111011000,10000101000000000,100110101011101100010000101000000000,128,8192,25,152,true,single,36,1.0e-10,64
VQE_reduced_surrogate,73002,3060,1,0.0001220703125,784.4454937500134,792.4608000000001,not_in_gurobi_pool,,1101111010110010011,00000001000101101,110111101011001001100000001000101101,128,8192,25,152,true,single,36,1.0e-10,64
VQE_reduced_surrogate,73002,3135,1,0.0001220703125,795.2801687500084,792.6083999999998,not_in_gurobi_pool,,0000101101101011000,11000101000000000,000010110110101100011000101000000000,128,8192,25,152,true,single,36,1.0e-10,64
VQE_reduced_surrogate,73002,3136,1,0.0001220703125,795.3930687499981,792.7212999999999,not_in_gurobi_pool,,0100001000011011101,00010101110000000,010000100001101110100010101110000000,128,8192,25,152,true,single,36,1.0e-10,64
VQE_reduced_surrogate,73002,3061,1,0.0001220703125,784.8979937500176,792.9133000000003,not_in_gurobi_pool,,1100010101111111011,00000000010101000,110001010111111101100000000010101000,128,8192,25,152,true,single,36,1.0e-10,64
VQE_reduced_surrogate,73002,3062,1,0.0001220703125,784.9163937499936,792.9316999999998,not_in_gurobi_pool,,1111101110111001010,00000000000100110,111110111011100101000000000000100110,128,8192,25,152,true,single,36,1.0e-10,64
VQE_reduced_surrogate,73002,3064,1,0.0001220703125,785.0258937500025,793.0411999999998,not_in_gurobi_pool,,0110010101111001001,10000000010111000,011001010111100100110000000010111000,128,8192,25,152,true,single,36,1.0e-10,64
VQE_reduced_surrogate,73002,3138,1,0.0001220703125,795.7479687500099,793.0761999999999,not_in_gurobi_pool,,1110010110110010100,00000000010111000,111001011011001010000000000010111000,128,8192,25,152,true,single,36,1.0e-10,64
VQE_reduced_surrogate,73002,3204,1,0.0001220703125,806.5586437500026,793.1997999999998,not_in_gurobi_pool,,1101101010110110011,00000001000000001,110110101011011001100000001000000001,128,8192,25,152,true,single,36,1.0e-10,64
VQE_reduced_surrogate,73002,3271,1,0.0001220703125,817.313318750002,793.2673999999996,not_in_gurobi_pool,,0000110001100100100,01000000010001000,000011000110010010001000000010001000,128,8192,25,152,true,single,36,1.0e-10,64
VQE_reduced_surrogate,73002,3272,1,0.0001220703125,817.3133187500002,793.2673999999996,not_in_gurobi_pool,,0000010001101100101,01000000010001000,000001000110110010101000000010001000,128,8192,25,152,true,single,36,1.0e-10,64
VQE_reduced_surrogate,73002,3205,1,0.0001220703125,806.9896437500008,793.6307999999998,not_in_gurobi_pool,,1101101010110101011,00000001000000010,110110101011010101100000001000000010,128,8192,25,152,true,single,36,1.0e-10,64
VQE_reduced_surrogate,73002,3141,1,0.0001220703125,796.371568750005,793.6997999999999,not_in_gurobi_pool,,1011001000111001110,00000100000000110,101100100011100111000000100000000110,128,8192,25,152,true,single,36,1.0e-10,64
VQE_reduced_surrogate,73002,3206,1,0.0001220703125,807.1992437500057,793.8403999999998,not_in_gurobi_pool,,0000011101100101011,01000101000001010,000001110110010101101000101000001010,128,8192,25,152,true,single,36,1.0e-10,64
VQE_reduced_surrogate,73002,3066,1,0.0001220703125,785.8889937500023,793.9042999999997,not_in_gurobi_pool,,0100111010110100001,10000001000101000,010011101011010000110000001000101000,128,8192,25,152,true,single,36,1.0e-10,64
VQE_reduced_surrogate,73002,3067,1,0.0001220703125,785.8889937500078,793.9042999999997,not_in_gurobi_pool,,0100111010110100000,10000001000101000,010011101011010000010000001000101000,128,8192,25,152,true,single,36,1.0e-10,64
VQE_reduced_surrogate,73002,3069,1,0.0001220703125,786.1909937499961,794.2062999999998,not_in_gurobi_pool,,1100110110110101101,00000000010101000,110011011011010110100000000010101000,128,8192,25,152,true,single,36,1.0e-10,64
VQE_reduced_surrogate,73002,3144,1,0.0001220703125,796.9790687499953,794.3072999999998,not_in_gurobi_pool,,1100100110111011101,00100000010000000,110010011011101110100100000010000000,128,8192,25,152,true,single,36,1.0e-10,64
VQE_reduced_surrogate,73002,3208,1,0.0001220703125,807.7951437499967,794.4362999999998,not_in_gurobi_pool,,1100101110101011111,00000001000000100,110010111010101111100000001000000100,128,8192,25,152,true,single,36,1.0e-10,64
VQE_reduced_surrogate,73002,3070,1,0.0001220703125,786.4639937499971,794.4793,not_in_gurobi_pool,,1100010001011011100,00000001011100000,110001000101101110000000001011100000,128,8192,25,152,true,single,36,1.0e-10,64
VQE_reduced_surrogate,73002,3072,1,0.0001220703125,786.8095937500023,794.8248999999997,not_in_gurobi_pool,,0001111110101100101,00000101000001000,000111111010110010100000101000001000,128,8192,25,152,true,single,36,1.0e-10,64
VQE_reduced_surrogate,73002,3210,1,0.0001220703125,808.1911437500005,794.8322999999997,not_in_gurobi_pool,,0100101010101010101,00000001000000000,010010101010101010100000001000000000,128,8192,25,152,true,single,36,1.0e-10,64
VQE_reduced_surrogate,73002,3073,1,0.0001220703125,786.920493749999,794.9357999999997,not_in_gurobi_pool,,0011111000110010101,00000100000101000,001111100011001010100000100000101000,128,8192,25,152,true,single,36,1.0e-10,64
VQE_reduced_surrogate,73002,3214,1,0.0001220703125,808.3611437500001,795.0022999999997,not_in_gurobi_pool,,1100100011001001111,00100001011000110,110010001100100111100100001011000110,128,8192,25,152,true,single,36,1.0e-10,64
VQE_reduced_surrogate,73002,3027,1,0.0001220703125,776.3019187499951,795.0042999999998,not_in_gurobi_pool,,0100111001001010100,00000101110100000,010011100100101010000000101110100000,128,8192,25,152,true,single,36,1.0e-10,64
VQE_reduced_surrogate,73002,3148,1,0.0001220703125,797.818168750015,795.1463999999999,not_in_gurobi_pool,,0000001110110101000,11000101000000000,000000111011010100011000101000000000,128,8192,25,152,true,single,36,1.0e-10,64
VQE_reduced_surrogate,73002,3149,1,0.0001220703125,797.9191687500156,795.2473999999997,not_in_gurobi_pool,,0000101110110011000,11000101000000000,000010111011001100011000101000000000,128,8192,25,152,true,single,36,1.0e-10,64
VQE_reduced_surrogate,73002,3215,1,0.0001220703125,808.6221437500053,795.2632999999996,not_in_gurobi_pool,,0100001110101001100,00000001000000000,010000111010100110000000001000000000,128,8192,25,152,true,single,36,1.0e-10,64
VQE_reduced_surrogate,73002,3150,1,0.0001220703125,797.9520687499987,795.2802999999997,not_in_gurobi_pool,,1100000101010110110,00100001011000001,110000010101011011000100001011000001,128,8192,25,152,true,single,36,1.0e-10,64
VQE_reduced_surrogate,73002,3030,1,0.0001220703125,777.0609187499972,795.7632999999998,not_in_gurobi_pool,,1100000111111010000,10100000010000000,110000011111101000010100000010000000,128,8192,25,152,true,single,36,1.0e-10,64
VQE_reduced_surrogate,73002,3031,1,0.0001220703125,777.0609187500008,795.7632999999998,not_in_gurobi_pool,,1100100111111010000,10100000010000000,110010011111101000010100000010000000,128,8192,25,152,true,single,36,1.0e-10,64
VQE_reduced_surrogate,73002,3078,1,0.0001220703125,787.7759937500057,795.7912999999998,not_in_gurobi_pool,,1100101111100100011,00000001000000011,110010111110010001100000001000000011,128,8192,25,152,true,single,36,1.0e-10,64
VQE_reduced_surrogate,73002,3079,1,0.0001220703125,787.8415937499981,795.8568999999998,not_in_gurobi_pool,,1001100111111010000,10100000000000000,100110011111101000010100000000000000,128,8192,25,152,true,single,36,1.0e-10,64
VQE_reduced_surrogate,73002,3152,1,0.0001220703125,798.6695687499946,795.9978000000001,not_in_gurobi_pool,,1101111010011100110,00000101100100011,110111101001110011000000101100100011,128,8192,25,152,true,single,36,1.0e-10,64
VQE_reduced_surrogate,73002,3283,1,0.0001220703125,820.1147187500017,796.0687999999998,not_in_gurobi_pool,,0011100110111100100,00100000000000000,001110011011110010000100000000000000,128,8192,25,152,true,single,36,1.0e-10,64
VQE_reduced_surrogate,73002,3080,1,0.0001220703125,788.057993749992,796.0732999999999,not_in_gurobi_pool,,0100111100110011101,00000001000101000,010011110011001110100000001000101000,128,8192,25,152,true,single,36,1.0e-10,64
VQE_reduced_surrogate,73002,3081,1,0.0001220703125,788.1425937499992,796.1578999999999,not_in_gurobi_pool,,0001111110101100111,00000101000001011,000111111010110011100000101000001011,128,8192,25,152,true,single,36,1.0e-10,64
VQE_reduced_surrogate,73002,3284,1,0.0001220703125,820.2157187500009,796.1697999999997,not_in_gurobi_pool,,0011100110111010100,00100000000000000,001110011011101010000100000000000000,128,8192,25,152,true,single,36,1.0e-10,64
VQE_reduced_surrogate,73002,2976,1,0.0001220703125,766.8048437500067,796.1942999999999,not_in_gurobi_pool,,1100110111110001001,10000000010101000,110011011111000100110000000010101000,128,8192,25,152,true,single,36,1.0e-10,64
VQE_reduced_surrogate,73002,3286,1,0.0001220703125,820.294118750001,796.2481999999997,not_in_gurobi_pool,,0110010001011010100,00000000011110000,011001000101101010000000000011110000,128,8192,25,152,true,single,36,1.0e-10,64
VQE_reduced_surrogate,73002,3082,1,0.0001220703125,788.2424937499911,796.2577999999996,not_in_gurobi_pool,,0101111100111010110,00000001000101101,010111110011101011000000001000101101,128,8192,25,152,true,single,36,1.0e-10,64
VQE_reduced_surrogate,73002,3153,1,0.0001220703125,798.9510687499885,796.2792999999999,not_in_gurobi_pool,,0100001111000110010,00000101110000001,010000111100011001000000101110000001,128,8192,25,152,true,single,36,1.0e-10,64
VQE_reduced_surrogate,73002,3218,1,0.0001220703125,809.6672437500013,796.3083999999999,not_in_gurobi_pool,,0000111001000010110,01000111110000101,000011100100001011001000111110000101,128,8192,25,152,true,single,36,1.0e-10,64
VQE_reduced_surrogate,73002,3220,1,0.0001220703125,809.9392437500014,796.5803999999996,not_in_gurobi_pool,,0000011010111011011,01000101000001100,000001101011101101101000101000001100,128,8192,25,152,true,single,36,1.0e-10,64
VQE_reduced_surrogate,73002,3221,1,0.0001220703125,809.9486437499995,796.5897999999997,not_in_gurobi_pool,,0101010110110001101,00000000000101000,010101011011000110100000000000101000,128,8192,25,152,true,single,36,1.0e-10,64
VQE_reduced_surrogate,73002,3289,1,0.0001220703125,820.6467187500082,796.6007999999997,not_in_gurobi_pool,,0011100110110001100,00100000000000000,001110011011000110000100000000000000,128,8192,25,152,true,single,36,1.0e-10,64
VQE_reduced_surrogate,73002,3290,1,0.0001220703125,820.64671875,796.6007999999997,not_in_gurobi_pool,,0011100110111001100,00100000000000000,001110011011100110000100000000000000,128,8192,25,152,true,single,36,1.0e-10,64
VQE_reduced_surrogate,73002,3222,1,0.0001220703125,809.9992437499955,796.6403999999998,not_in_gurobi_pool,,0000010011001001101,01000101011000000,000001001100100110101000101011000000,128,8192,25,152,true,single,36,1.0e-10,64
VQE_reduced_surrogate,73002,3156,1,0.0001220703125,799.3410687499945,796.6692999999998,not_in_gurobi_pool,,0100110011000001100,00000001011100000,010011001100000110000000001011100000,128,8192,25,152,true,single,36,1.0e-10,64
VQE_reduced_surrogate,73002,3083,1,0.0001220703125,788.6844937499861,796.6997999999996,not_in_gurobi_pool,,0011111100111001110,00000100000101110,001111110011100111000000100000101110,128,8192,25,152,true,single,36,1.0e-10,64
VQE_reduced_surrogate,73002,3084,1,0.0001220703125,788.6844937499877,796.6997999999996,not_in_gurobi_pool,,0011111000111001111,00000100000101110,001111100011100111100000100000101110,128,8192,25,152,true,single,36,1.0e-10,64
VQE_reduced_surrogate,73002,3085,1,0.0001220703125,788.6999937499907,796.7153000000001,not_in_gurobi_pool,,1100001110010110110,00000101110000001,110000111001011011000000101110000001,128,8192,25,152,true,single,36,1.0e-10,64
VQE_reduced_surrogate,73002,3032,1,0.0001220703125,778.0129187499929,796.7153000000003,not_in_gurobi_pool,,1100111110010110110,00000101110100001,110011111001011011000000101110100001,128,8192,25,152,true,single,36,1.0e-10,64
VQE_reduced_surrogate,73002,3291,1,0.0001220703125,820.7923187499975,796.7463999999998,not_in_gurobi_pool,,0000010110110110101,01000000010001000,000001011011011010101000000010001000,128,8192,25,152,true,single,36,1.0e-10,64
VQE_reduced_surrogate,73002,3157,1,0.0001220703125,799.7029687500044,797.0311999999998,not_in_gurobi_pool,,1110010101111001100,00000000010111000,111001010111100110000000000010111000,128,8192,25,152,true,single,36,1.0e-10,64
VQE_reduced_surrogate,73002,3034,1,0.0001220703125,778.4439187499856,797.1462999999999,not_in_gurobi_pool,,1100111110010101110,00000101110100010,110011111001010111000000101110100010,128,8192,25,152,true,single,36,1.0e-10,64
VQE_reduced_surrogate,73002,3088,1,0.0001220703125,789.3023937500047,797.3176999999998,not_in_gurobi_pool,,1111101110110000100,00000000000100000,111110111011000010000000000000100000,128,8192,25,152,true,single,36,1.0e-10,64
VQE_reduced_surrogate,73002,3158,1,0.0001220703125,800.0711687500045,797.3993999999998,not_in_gurobi_pool,,0000111001110100000,11000101000001000,000011100111010000011000101000001000,128,8192,25,152,true,single,36,1.0e-10,64
VQE_reduced_surrogate,73002,3293,1,0.0001220703125,821.4468187499913,797.4008999999996,not_in_gurobi_pool,,0001010110111011101,00000000000001000,000101011011101110100000000000001000,128,8192,25,152,true,single,36,1.0e-10,64
VQE_reduced_surrogate,73002,3223,1,0.0001220703125,810.7606437499953,797.4017999999996,not_in_gurobi_pool,,0011110110110100110,00000000000101011,001111011011010011000000000000101011,128,8192,25,152,true,single,36,1.0e-10,64
VQE_reduced_surrogate,73002,3089,1,0.0001220703125,789.4129937499945,797.4282999999998,not_in_gurobi_pool,,0100111001110100000,10000001000101000,010011100111010000010000001000101000,128,8192,25,152,true,single,36,1.0e-10,64
VQE_reduced_surrogate,73002,3090,1,0.0001220703125,789.4239937499995,797.4392999999998,not_in_gurobi_pool,,0010111001110100000,10000100000101000,001011100111010000010000100000101000,128,8192,25,152,true,single,36,1.0e-10,64
VQE_reduced_surrogate,73002,3035,1,0.0001220703125,778.7975187499858,797.4998999999998,not_in_gurobi_pool,,0001111000111011111,00000101000001100,000111100011101111100000101000001100,128,8192,25,152,true,single,36,1.0e-10,64
VQE_reduced_surrogate,73002,3296,1,0.0001220703125,821.5487187499887,797.5027999999995,not_in_gurobi_pool,,0011000110111010111,00100000000000101,001100011011101011100100000000000101,128,8192,25,152,true,single,36,1.0e-10,64
VQE_reduced_surrogate,73002,3093,1,0.0001220703125,789.6474937499993,797.6627999999996,not_in_gurobi_pool,,0011111101110010000,10000100000101000,001111110111001000010000100000101000,128,8192,25,152,true,single,36,1.0e-10,64
VQE_reduced_surrogate,73002,3094,1,0.0001220703125,789.7149937499996,797.7302999999998,not_in_gurobi_pool,,1100110101110101101,00000000010101000,110011010111010110100000000010101000,128,8192,25,152,true,single,36,1.0e-10,64
VQE_reduced_surrogate,73002,3161,1,0.0001220703125,800.595568750007,797.9237999999998,not_in_gurobi_pool,,1101111011011001001,10000101100100000,110111101101100100110000101100100000,128,8192,25,152,true,single,36,1.0e-10,64
VQE_reduced_surrogate,73002,3225,1,0.0001220703125,811.2926437499909,797.9337999999998,not_in_gurobi_pool,,0011110110110001110,00000000000101110,001111011011000111000000000000101110,128,8192,25,152,true,single,36,1.0e-10,64
VQE_reduced_surrogate,73002,3226,1,0.0001220703125,811.2926437499918,797.9337999999998,not_in_gurobi_pool,,0011010110110001111,00000000000101110,001101011011000111100000000000101110,128,8192,25,152,true,single,36,1.0e-10,64
VQE_reduced_surrogate,73002,3227,1,0.0001220703125,811.3322437499999,797.9733999999996,not_in_gurobi_pool,,0000110111001001110,01000101011000110,000011011100100111001000101011000110,128,8192,25,152,true,single,36,1.0e-10,64
VQE_reduced_surrogate,73002,3097,1,0.0001220703125,790.3089937500001,798.3242999999998,not_in_gurobi_pool,,1100010001111001110,00000000010101110,110001000111100111000000000010101110,128,8192,25,152,true,single,36,1.0e-10,64
VQE_reduced_surrogate,73002,3228,1,0.0001220703125,811.7151437499958,798.3562999999997,not_in_gurobi_pool,,0100101001101010101,00000001000000000,010010100110101010100000001000000000,128,8192,25,152,true,single,36,1.0e-10,64
VQE_reduced_surrogate,73002,3164,1,0.0001220703125,801.0980687500039,798.4262999999999,not_in_gurobi_pool,,1100111010110001100,00000001000101000,110011101011000110000000001000101000,128,8192,25,152,true,single,36,1.0e-10,64
VQE_reduced_surrogate,73002,3166,1,0.0001220703125,801.3051687500044,798.6333999999997,not_in_gurobi_pool,,0000110111110100001,11000000010001000,000011011111010000111000000010001000,128,8192,25,152,true,single,36,1.0e-10,64
VQE_reduced_surrogate,73002,3236,1,0.0001220703125,812.084243750001,798.7254,not_in_gurobi_pool,,0000010111011111010,01000101011000000,000001011101111101001000101011000000,128,8192,25,152,true,single,36,1.0e-10,64
VQE_reduced_surrogate,73002,3237,1,0.0001220703125,812.092743749984,798.7338999999997,not_in_gurobi_pool,,0001100110110011111,00100000000000100,000110011011001111100100000000000100,128,8192,25,152,true,single,36,1.0e-10,64
VQE_reduced_surrogate,73002,3238,1,0.0001220703125,812.1100437500079,798.7511999999999,not_in_gurobi_pool,,0110100101011101111,00100000011100010,011010010101110111100100000011100010,128,8192,25,152,true,single,36,1.0e-10,64
VQE_reduced_surrogate,73002,3301,1,0.0001220703125,822.8471187500038,798.8012,not_in_gurobi_pool,,0110111001111100011,00000000000111011,011011100111110001100000000000111011,128,8192,25,152,true,single,36,1.0e-10,64
VQE_reduced_surrogate,73002,3168,1,0.0001220703125,801.5255687499916,798.8537999999999,not_in_gurobi_pool,,0011010001110000101,00000000000101000,001101000111000010100000000000101000,128,8192,25,152,true,single,36,1.0e-10,64
VQE_reduced_surrogate,73002,3169,1,0.0001220703125,801.5255687499973,798.8537999999999,not_in_gurobi_pool,,0011010101111000100,00000000000101000,001101010111100010000000000000101000,128,8192,25,152,true,single,36,1.0e-10,64
VQE_reduced_surrogate,73002,3039,1,0.0001220703125,780.1633187500081,798.8657000000001,not_in_gurobi_pool,,1111101111010010011,00000101000100101,111110111101001001100000101000100101,128,8192,25,152,true,single,36,1.0e-10,64
VQE_reduced_surrogate,73002,3040,1,0.0001220703125,780.1785187500086,798.8808999999997,not_in_gurobi_pool,,0001101101101001100,00000101000000000,000110110110100110000000101000000000,128,8192,25,152,true,single,36,1.0e-10,64
VQE_reduced_surrogate,73002,3306,1,0.0001220703125,823.2028187499893,799.1568999999997,not_in_gurobi_pool,,1001110101110101110,00000000000001010,100111010111010111000000000000001010,128,8192,25,152,true,single,36,1.0e-10,64
VQE_reduced_surrogate,73002,3171,1,0.0001220703125,802.1335687499959,799.4617999999998,not_in_gurobi_pool,,1011111110110010110,00000100000101101,101111111011001011000000100000101101,128,8192,25,152,true,single,36,1.0e-10,64
VQE_reduced_surrogate,73002,3240,1,0.0001220703125,812.9236437500167,799.5647999999999,not_in_gurobi_pool,,1101111011011110011,00000101100100001,110111101101111001100000101100100001,128,8192,25,152,true,single,36,1.0e-10,64
VQE_reduced_surrogate,73002,3173,1,0.0001220703125,802.358168749997,799.6864000000003,not_in_gurobi_pool,,0000001110010110110,01000111110000001,000000111001011011001000111110000001,128,8192,25,152,true,single,36,1.0e-10,64
VQE_reduced_surrogate,73002,3241,1,0.0001220703125,813.0591437500022,799.7002999999997,not_in_gurobi_pool,,0010101001101010111,00000100000000101,001010100110101011100000100000000101,128,8192,25,152,true,single,36,1.0e-10,64
VQE_reduced_surrogate,73002,3175,1,0.0001220703125,802.6330687499967,799.9612999999999,not_in_gurobi_pool,,1100101111001001110,00000101110000110,110010111100100111000000101110000110,128,8192,25,152,true,single,36,1.0e-10,64
VQE_reduced_surrogate,73002,3244,1,0.0001220703125,813.3636437500024,800.0047999999999,not_in_gurobi_pool,,1101101111110000000,10001001000000000,110110111111000000010001001000000000,128,8192,25,152,true,single,36,1.0e-10,64
VQE_reduced_surrogate,73002,3001,1,0.0001220703125,770.6168437500044,800.0062999999998,not_in_gurobi_pool,,0010010111110100011,00000000010101011,001001011111010001100000000010101011,128,8192,25,152,true,single,36,1.0e-10,64
VQE_reduced_surrogate,73002,3176,1,0.0001220703125,802.725568749996,800.0537999999997,not_in_gurobi_pool,,1101111001011001110,00000101100100110,110111100101100111000000101100100110,128,8192,25,152,true,single,36,1.0e-10,64
VQE_reduced_surrogate,73002,3047,1,0.0001220703125,781.5669187499964,800.2692999999999,not_in_gurobi_pool,,0100111011010100000,10000101110100000,010011101101010000010000101110100000,128,8192,25,152,true,single,36,1.0e-10,64
VQE_reduced_surrogate,73002,3003,1,0.0001220703125,771.1488437500018,800.5382999999999,not_in_gurobi_pool,,0010010111110001011,00000000010101110,001001011111000101100000000010101110,128,8192,25,152,true,single,36,1.0e-10,64
VQE_reduced_surrogate,73002,3049,1,0.0001220703125,781.8900187500026,800.5924,not_in_gurobi_pool,,1000001111111100001,11000101000000000,100000111111110000111000101000000000,128,8192,25,152,true,single,36,1.0e-10,64
VQE_reduced_surrogate,73002,3249,1,0.0001220703125,814.3756437499999,801.0167999999996,not_in_gurobi_pool,,0101001110110100101,00000001000000000,010100111011010010100000001000000000,128,8192,25,152,true,single,36,1.0e-10,64
VQE_reduced_surrogate,73002,3251,1,0.0001220703125,814.3866437500042,801.0277999999996,not_in_gurobi_pool,,0011101010110100101,00000100000000000,001110101011010010100000100000000000,128,8192,25,152,true,single,36,1.0e-10,64
VQE_reduced_surrogate,73002,3253,1,0.0001220703125,814.4876437499979,801.1287999999997,not_in_gurobi_pool,,0011101010111010101,00000100000000000,001110101011101010100000100000000000,128,8192,25,152,true,single,36,1.0e-10,64
VQE_reduced_surrogate,73002,3117,1,0.0001220703125,793.4440937500124,801.4593999999997,not_in_gurobi_pool,,0000101010111000110,01000101000000111,000010101011100011001000101000000111,128,8192,25,152,true,single,36,1.0e-10,64
VQE_reduced_surrogate,73002,3368,1,0.0001220703125,836.1991937499974,801.4662,not_in_gurobi_pool,,0110111110111001100,00000000000111000,011011111011100110000000000000111000,128,8192,25,152,true,single,36,1.0e-10,64
VQE_reduced_surrogate,73002,3184,1,0.0001220703125,804.1450687500026,801.4732999999999,not_in_gurobi_pool,,1100110111010110110,00000001011100001,110011011101011011000000001011100001,128,8192,25,152,true,single,36,1.0e-10,64
VQE_reduced_surrogate,73002,3255,1,0.0001220703125,814.8870437499936,801.5282000000003,not_in_gurobi_pool,,0110101110111000110,00000000000100111,011010111011100011000000000000100111,128,8192,25,152,true,single,36,1.0e-10,64
VQE_reduced_surrogate,73002,3257,1,0.0001220703125,814.9582437500071,801.5993999999996,not_in_gurobi_pool,,0000101111001001100,01000111110000000,000010111100100110001000111110000000,128,8192,25,152,true,single,36,1.0e-10,64
VQE_reduced_surrogate,73002,3258,1,0.0001220703125,815.0931437499908,801.7342999999996,not_in_gurobi_pool,,0100101110110110101,00000001000000000,010010111011011010100000001000000000,128,8192,25,152,true,single,36,1.0e-10,64
VQE_reduced_surrogate,73002,3187,1,0.0001220703125,804.4075687500047,801.7357999999999,not_in_gurobi_pool,,0011111011011100011,00000111000100011,001111101101110001100000111000100011,128,8192,25,152,true,single,36,1.0e-10,64
VQE_reduced_surrogate,73002,3190,1,0.0001220703125,804.6220687499924,801.9502999999997,not_in_gurobi_pool,,1100111001110001100,00000001000101000,110011100111000110000000001000101000,128,8192,25,152,true,single,36,1.0e-10,64
VQE_reduced_surrogate,73002,3125,1,0.0001220703125,794.0399937500054,802.0552999999996,not_in_gurobi_pool,,1100101011111010011,00000001000000101,110010101111101001100000001000000101,128,8192,25,152,true,single,36,1.0e-10,64
VQE_reduced_surrogate,73002,3192,1,0.0001220703125,804.8470687500051,802.1752999999997,not_in_gurobi_pool,,0010000001111011111,00100000010000100,001000000111101111100100000010000100,128,8192,25,152,true,single,36,1.0e-10,64
VQE_reduced_surrogate,73002,3126,1,0.0001220703125,794.1624937500073,802.1778,not_in_gurobi_pool,,1101101111110010011,00000001000000101,110110111111001001100000001000000101,128,8192,25,152,true,single,36,1.0e-10,64
VQE_reduced_surrogate,73002,3261,1,0.0001220703125,815.6672437499969,802.3083999999999,not_in_gurobi_pool,,0000111101010101101,01000111110000000,000011110101010110101000111110000000,128,8192,25,152,true,single,36,1.0e-10,64
VQE_reduced_surrogate,73002,3127,1,0.0001220703125,794.3219937499973,802.3372999999999,not_in_gurobi_pool,,0100001101010101101,00000101110000000,010000110101010110100000101110000000,128,8192,25,152,true,single,36,1.0e-10,64
VQE_reduced_surrogate,73002,3262,1,0.0001220703125,815.6981437500085,802.3392999999999,not_in_gurobi_pool,,0010001010111010110,00000100000000101,001000101011101011000000100000000101,128,8192,25,152,true,single,36,1.0e-10,64
VQE_reduced_surrogate,73002,3263,1,0.0001220703125,815.708643749995,802.3497999999997,not_in_gurobi_pool,,0101001110110100111,00000001000000011,010100111011010011100000001000000011,128,8192,25,152,true,single,36,1.0e-10,64
VQE_reduced_surrogate,73002,3265,1,0.0001220703125,816.1181437500027,802.7592999999999,not_in_gurobi_pool,,0100001010110001110,00000001000000110,010000101011000111000000001000000110,128,8192,25,152,true,single,36,1.0e-10,64
VQE_reduced_surrogate,73002,3197,1,0.0001220703125,805.8120687500034,803.1403,not_in_gurobi_pool,,0100110111010110101,00000001011100000,010011011101011010100000001011100000,128,8192,25,152,true,single,36,1.0e-10,64
VQE_reduced_surrogate,73002,3200,1,0.0001220703125,806.0046687500023,803.3329000000001,not_in_gurobi_pool,,0001101101010110110,00000111100000001,000110110101011011000000111100000001,128,8192,25,152,true,single,36,1.0e-10,64
VQE_reduced_surrogate,73002,3202,1,0.0001220703125,806.1411687499892,803.4694,not_in_gurobi_pool,,0000101010111101111,01000101000000010,000010101011110111101000101000000010,128,8192,25,152,true,single,36,1.0e-10,64
VQE_reduced_surrogate,73002,3270,1,0.0001220703125,816.9501437499921,803.5912999999999,not_in_gurobi_pool,,1100101101110110110,00000001000000001,110010110111011011000000001000000001,128,8192,25,152,true,single,36,1.0e-10,64
VQE_reduced_surrogate,73002,3216,1,0.0001220703125,808.897068749998,806.2252999999995,not_in_gurobi_pool,,0100001111111101011,00000001000000010,010000111111110101100000001000000010,128,8192,25,152,true,single,36,1.0e-10,64
VQE_reduced_surrogate,73002,3217,1,0.0001220703125,809.0116687499972,806.3399,not_in_gurobi_pool,,0001110111111000111,00000000000001111,000111011111100011100000000000001111,128,8192,25,152,true,single,36,1.0e-10,64
VQE_reduced_surrogate,73002,3282,1,0.0001220703125,819.775643749992,806.4167999999997,not_in_gurobi_pool,,0011101001111001111,00000100000000110,001110100111100111100000100000000110,128,8192,25,152,true,single,36,1.0e-10,64
VQE_reduced_surrogate,73002,3348,1,0.0001220703125,831.9707187499989,807.9247999999995,not_in_gurobi_pool,,0011101011011001101,00000111000000000,001110101101100110100000111000000000,128,8192,25,152,true,single,36,1.0e-10,64
VQE_reduced_surrogate,73002,3224,1,0.0001220703125,810.8150687499942,808.1432999999997,not_in_gurobi_pool,,1100101111111001100,00000001000000000,110010111111100110000000001000000000,128,8192,25,152,true,single,36,1.0e-10,64
VQE_reduced_surrogate,73002,3352,1,0.0001220703125,832.7717187499977,808.7257999999999,not_in_gurobi_pool,,0011001111011100111,00000111000000011,001100111101110011100000111000000011,128,8192,25,152,true,single,36,1.0e-10,64
VQE_reduced_surrogate,73002,3398,1,0.0001220703125,839.454918749979,815.4089999999995,not_in_gurobi_pool,,0111110000000000001,10011000010110000,011111000000000000110011000010110000,128,8192,25,152,true,single,36,1.0e-10,64
VQE_reduced_surrogate,73002,3285,1,0.0001220703125,820.2537687499942,817.5819999999998,not_in_gurobi_pool,,0111110100000010011,00010000010110101,011111010000001001100010000010110101,128,8192,25,152,true,single,36,1.0e-10,64
VQE_reduced_surrogate,73002,3162,1,0.0001220703125,800.7761187499825,819.4784999999996,not_in_gurobi_pool,,0110010000101010000,10000000010111000,011001000010101000010000000010111000,128,8192,25,152,true,single,36,1.0e-10,64
VQE_reduced_surrogate,73002,3359,1,0.0001220703125,834.605443750004,821.2465999999997,not_in_gurobi_pool,,1100000100001101101,00110001011000000,110000010000110110100110001011000000,128,8192,25,152,true,single,36,1.0e-10,64
VQE_reduced_surrogate,73002,3254,1,0.0001220703125,814.6561937500021,822.6714999999996,not_in_gurobi_pool,,1110010110101010000,10000000010111000,111001011010101000010000000010111000,128,8192,25,152,true,single,36,1.0e-10,64
VQE_reduced_surrogate,73002,3311,1,0.0001220703125,825.352368749994,822.6805999999999,not_in_gurobi_pool,,1100010000001011110,00010001011100100,110001000000101111000010001011100100,128,8192,25,152,true,single,36,1.0e-10,64
VQE_reduced_surrogate,73002,3115,1,0.0001220703125,793.3745437499972,822.7639999999997,not_in_gurobi_pool,,1111100000111010000,10100000000100000,111110000011101000010100000000100000,128,8192,25,152,true,single,36,1.0e-10,64
VQE_reduced_surrogate,73002,3369,1,0.0001220703125,836.3474437499963,822.9885999999997,not_in_gurobi_pool,,0100000100010110000,10110001011000000,010000010001011000010110001011000000,128,8192,25,152,true,single,36,1.0e-10,64
VQE_reduced_surrogate,73002,3124,1,0.0001220703125,793.8055437499963,823.1949999999997,not_in_gurobi_pool,,1111100000111001001,10100000000100000,111110000011100100110100000000100000,128,8192,25,152,true,single,36,1.0e-10,64
VQE_reduced_surrogate,73002,3317,1,0.0001220703125,826.1348687500024,823.4630999999996,not_in_gurobi_pool,,1101110000110110001,10000000000101000,110111000011011000110000000000101000,128,8192,25,152,true,single,36,1.0e-10,64
VQE_reduced_surrogate,73002,3374,1,0.0001220703125,836.821943750004,823.4630999999997,not_in_gurobi_pool,,1101100100110110000,10100000000000000,110110010011011000010100000000000000,128,8192,25,152,true,single,36,1.0e-10,64
VQE_reduced_surrogate,73002,3260,1,0.0001220703125,815.556793750008,823.5721,not_in_gurobi_pool,,0101110110000101000,10000001010100000,010111011000010100010000001010100000,128,8192,25,152,true,single,36,1.0e-10,64
VQE_reduced_surrogate,73002,3320,1,0.0001220703125,826.4167687499962,823.7449999999998,not_in_gurobi_pool,,0111110100011010011,00010000010110101,011111010001101001100010000010110101,128,8192,25,152,true,single,36,1.0e-10,64
VQE_reduced_surrogate,73002,3264,1,0.0001220703125,815.7862937500049,823.8015999999998,not_in_gurobi_pool,,1100010110101101001,10000000010101000,110001011010110100110000000010101000,128,8192,25,152,true,single,36,1.0e-10,64
VQE_reduced_surrogate,73002,3321,1,0.0001220703125,826.8477687499944,824.1759999999998,not_in_gurobi_pool,,0111110100011001011,00010000010110110,011111010001100101100010000010110110,128,8192,25,152,true,single,36,1.0e-10,64
VQE_reduced_surrogate,73002,3322,1,0.0001220703125,827.0193687500025,824.3475999999998,not_in_gurobi_pool,,0100110000000011100,00010001011100000,010011000000001110000010001011100000,128,8192,25,152,true,single,36,1.0e-10,64
VQE_reduced_surrogate,73002,3323,1,0.0001220703125,827.0193687499875,824.3475999999998,not_in_gurobi_pool,,0100010000000011101,00010001011100000,010001000000001110100010001011100000,128,8192,25,152,true,single,36,1.0e-10,64
VQE_reduced_surrogate,73002,3496,1,0.0001220703125,859.094493749993,824.3614999999999,not_in_gurobi_pool,,0110010000010110011,00010000011110001,011001000001011001100010000011110001,128,8192,25,152,true,single,36,1.0e-10,64
VQE_reduced_surrogate,73002,3198,1,0.0001220703125,805.8287187500034,824.5310999999997,not_in_gurobi_pool,,0011111000101010000,10000100000101000,001111100010101000010000100000101000,128,8192,25,152,true,single,36,1.0e-10,64
VQE_reduced_surrogate,73002,3199,1,0.0001220703125,805.9972187499998,824.6995999999997,not_in_gurobi_pool,,1100110000101011101,00000000010101000,110011000010101110100000000010101000,128,8192,25,152,true,single,36,1.0e-10,64
VQE_reduced_surrogate,73002,3273,1,0.0001220703125,817.5522937500004,825.5675999999999,not_in_gurobi_pool,,0100111000101101000,10000001000101000,010011100010110100010000001000101000,128,8192,25,152,true,single,36,1.0e-10,64
VQE_reduced_surrogate,73002,3391,1,0.0001220703125,839.0229437500088,825.6640999999996,not_in_gurobi_pool,,0011100110101100000,10100000000000000,001110011010110000010100000000000000,128,8192,25,152,true,single,36,1.0e-10,64
VQE_reduced_surrogate,73002,3274,1,0.0001220703125,817.6532937499987,825.6685999999999,not_in_gurobi_pool,,0100111000101011000,10000001000101000,010011100010101100010000001000101000,128,8192,25,152,true,single,36,1.0e-10,64
VQE_reduced_surrogate,73002,3393,1,0.0001220703125,839.0673437499995,825.7084999999998,not_in_gurobi_pool,,0110101100100011001,10000000000100000,011010110010001100110000000000100000,128,8192,25,152,true,single,36,1.0e-10,64
VQE_reduced_surrogate,73002,3332,1,0.0001220703125,828.3848687499976,825.7130999999997,not_in_gurobi_pool,,0011110100001101111,00010100010100010,001111010000110111100010100010100010,128,8192,25,152,true,single,36,1.0e-10,64
VQE_reduced_surrogate,73002,3275,1,0.0001220703125,817.7067937500008,825.7220999999995,not_in_gurobi_pool,,0011010100101000100,00000000000101000,001101010010100010000000000000101000,128,8192,25,152,true,single,36,1.0e-10,64
VQE_reduced_surrogate,73002,3394,1,0.0001220703125,839.1129437499967,825.7540999999997,not_in_gurobi_pool,,0101100110101010001,10100000000000000,010110011010101000110100000000000000,128,8192,25,152,true,single,36,1.0e-10,64
VQE_reduced_surrogate,73002,3399,1,0.0001220703125,839.5249437499915,826.1660999999999,not_in_gurobi_pool,,1011100100101011111,00100000000000100,101110010010101111100100000000000100,128,8192,25,152,true,single,36,1.0e-10,64
VQE_reduced_surrogate,73002,3335,1,0.0001220703125,829.1328687500022,826.4610999999995,not_in_gurobi_pool,,0011010100101100101,00000000000101000,001101010010110010100000000000101000,128,8192,25,152,true,single,36,1.0e-10,64
VQE_reduced_surrogate,73002,3212,1,0.0001220703125,808.2591187499929,826.9614999999998,not_in_gurobi_pool,,0110110000101000111,00000000010111111,011011000010100011100000000010111111,128,8192,25,152,true,single,36,1.0e-10,64
VQE_reduced_surrogate,73002,3278,1,0.0001220703125,819.2201937499956,827.2354999999997,not_in_gurobi_pool,,0110111000001000100,00010101010110000,011011100000100010000010101010110000,128,8192,25,152,true,single,36,1.0e-10,64
VQE_reduced_surrogate,73002,3338,1,0.0001220703125,830.2828687499978,827.6110999999996,not_in_gurobi_pool,,1101010001101010011,00000000000101101,110101000110101001100000000000101101,128,8192,25,152,true,single,36,1.0e-10,64
VQE_reduced_surrogate,73002,3339,1,0.0001220703125,830.3048687499988,827.6330999999999,not_in_gurobi_pool,,1101110100011011100,00010001010100000,110111010001101110000010001010100000,128,8192,25,152,true,single,36,1.0e-10,64
VQE_reduced_surrogate,73002,3281,1,0.0001220703125,819.7146937500033,827.7299999999997,not_in_gurobi_pool,,0111110101001001011,00000000010110110,011111010100100101100000000010110110,128,8192,25,152,true,single,36,1.0e-10,64
VQE_reduced_surrogate,73002,3341,1,0.0001220703125,830.4123687499957,827.7406000000002,not_in_gurobi_pool,,0100101100100111011,00000001000000000,010010110010011101100000001000000000,128,8192,25,152,true,single,36,1.0e-10,64
VQE_reduced_surrogate,73002,3464,1,0.0001220703125,851.8810187499901,827.8350999999996,not_in_gurobi_pool,,0011011100011000011,00011111000100111,001101110001100001100011111000100111,128,8192,25,152,true,single,36,1.0e-10,64
VQE_reduced_surrogate,73002,3408,1,0.0001220703125,841.4269437500034,828.0680999999997,not_in_gurobi_pool,,0011111000001100101,00010111000100000,001111100000110010100010111000100000,128,8192,25,152,true,single,36,1.0e-10,64
VQE_reduced_surrogate,73002,3287,1,0.0001220703125,820.4642937499941,828.4795999999999,not_in_gurobi_pool,,0100011100011011000,10010101110100000,010001110001101100010010101110100000,128,8192,25,152,true,single,36,1.0e-10,64
VQE_reduced_surrogate,73002,3410,1,0.0001220703125,841.8585437500062,828.4996999999998,not_in_gurobi_pool,,0000111000001000110,01010111110000111,000011100000100011001010111110000111,128,8192,25,152,true,single,36,1.0e-10,64
VQE_reduced_surrogate,73002,3468,1,0.0001220703125,852.6460187500202,828.6000999999997,not_in_gurobi_pool,,0011001100000001100,00010111000000000,001100110000000110000010111000000000,128,8192,25,152,true,single,36,1.0e-10,64
VQE_reduced_surrogate,73002,3342,1,0.0001220703125,831.2958687500084,828.6240999999998,not_in_gurobi_pool,,1101111101000110001,10000101100100000,110111110100011000110000101100100000,128,8192,25,152,true,single,36,1.0e-10,64
VQE_reduced_surrogate,73002,3288,1,0.0001220703125,820.6432937499987,828.6585999999998,not_in_gurobi_pool,,1100010001100101011,00000000010101010,110001000110010101100000000010101010,128,8192,25,152,true,single,36,1.0e-10,64
VQE_reduced_surrogate,73002,3343,1,0.0001220703125,831.335868749991,828.6640999999997,not_in_gurobi_pool,,0101011000011010011,00010101100100101,010101100001101001100010101100100101,128,8192,25,152,true,single,36,1.0e-10,64
VQE_reduced_surrogate,73002,3344,1,0.0001220703125,831.346868749994,828.6750999999997,not_in_gurobi_pool,,0011011100010010011,00010111000100101,001101110001001001100010111000100101,128,8192,25,152,true,single,36,1.0e-10,64
VQE_reduced_surrogate,73002,3413,1,0.0001220703125,842.1045437500086,828.7457000000002,not_in_gurobi_pool,,0000101100001110101,01010111110000000,000010110000111010101010111110000000,128,8192,25,152,true,single,36,1.0e-10,64
VQE_reduced_surrogate,73002,3292,1,0.0001220703125,820.8191937500048,828.8344999999996,not_in_gurobi_pool,,1110010010111010000,10000000010111000,111001001011101000010000000010111000,128,8192,25,152,true,single,36,1.0e-10,64
VQE_reduced_surrogate,73002,3345,1,0.0001220703125,831.5248687500061,828.8530999999998,not_in_gurobi_pool,,1101101000110101000,10000001000000000,110110100011010100010000001000000000,128,8192,25,152,true,single,36,1.0e-10,64
VQE_reduced_surrogate,73002,3415,1,0.0001220703125,842.6479437499966,829.2890999999996,not_in_gurobi_pool,,0011100101101010000,10100000000000000,001110010110101000010100000000000000,128,8192,25,152,true,single,36,1.0e-10,64
VQE_reduced_surrogate,73002,3294,1,0.0001220703125,821.5182937500037,829.5335999999998,not_in_gurobi_pool,,1100010110110110001,10000000010101000,110001011011011000110000000010101000,128,8192,25,152,true,single,36,1.0e-10,64
VQE_reduced_surrogate,73002,3295,1,0.0001220703125,821.5182937500049,829.5335999999999,not_in_gurobi_pool,,1100010010111110001,10000000010101000,110001001011111000110000000010101000,128,8192,25,152,true,single,36,1.0e-10,64
VQE_reduced_surrogate,73002,3418,1,0.0001220703125,843.1629437500185,829.8040999999998,not_in_gurobi_pool,,0011000100011001100,00110100010000000,001100010001100110000110100010000000,128,8192,25,152,true,single,36,1.0e-10,64
VQE_reduced_surrogate,73002,3351,1,0.0001220703125,832.737368750003,830.0655999999998,not_in_gurobi_pool,,1100000110110011000,10100000010000000,110000011011001100010100000010000000,128,8192,25,152,true,single,36,1.0e-10,64
VQE_reduced_surrogate,73002,3297,1,0.0001220703125,822.3152937500054,830.3305999999995,not_in_gurobi_pool,,1100100000110110100,00100000010000000,110010000011011010000100000010000000,128,8192,25,152,true,single,36,1.0e-10,64
VQE_reduced_surrogate,73002,3353,1,0.0001220703125,833.1823687500014,830.5105999999998,not_in_gurobi_pool,,0100010000011011100,00010001011100000,010001000001101110000010001011100000,128,8192,25,152,true,single,36,1.0e-10,64
VQE_reduced_surrogate,73002,3475,1,0.0001220703125,854.5754187500063,830.5294999999995,not_in_gurobi_pool,,0110111110100100000,10000000000111000,011011111010010000010000000000111000,128,8192,25,152,true,single,36,1.0e-10,64
VQE_reduced_surrogate,73002,3476,1,0.0001220703125,854.5754187500054,830.5294999999995,not_in_gurobi_pool,,0110111110101100000,10000000000111000,011011111010110000010000000000111000,128,8192,25,152,true,single,36,1.0e-10,64
VQE_reduced_surrogate,73002,3229,1,0.0001220703125,811.8308187500077,830.5331999999997,not_in_gurobi_pool,,0001110110000101100,00000101010000000,000111011000010110000000101010000000,128,8192,25,152,true,single,36,1.0e-10,64
VQE_reduced_surrogate,73002,3477,1,0.0001220703125,854.67641875001,830.6304999999996,not_in_gurobi_pool,,0110111110100010000,10000000000111000,011011111010001000010000000000111000,128,8192,25,152,true,single,36,1.0e-10,64
VQE_reduced_surrogate,73002,3298,1,0.0001220703125,822.6327937500007,830.6480999999999,not_in_gurobi_pool,,0011010010010110011,00000100010100001,001101001001011001100000100010100001,128,8192,25,152,true,single,36,1.0e-10,64
VQE_reduced_surrogate,73002,3231,1,0.0001220703125,811.9807187499994,830.6830999999997,not_in_gurobi_pool,,0101011100111010000,10000001000101000,010101110011101000010000001000101000,128,8192,25,152,true,single,36,1.0e-10,64
VQE_reduced_surrogate,73002,3232,1,0.0001220703125,811.9917187499971,830.6940999999997,not_in_gurobi_pool,,0011011100111010001,10000100000101000,001101110011101000110000100000101000,128,8192,25,152,true,single,36,1.0e-10,64
VQE_reduced_surrogate,73002,3233,1,0.0001220703125,811.9917187500021,830.6940999999997,not_in_gurobi_pool,,0011011100111010000,10000100000101000,001101110011101000010000100000101000,128,8192,25,152,true,single,36,1.0e-10,64
VQE_reduced_surrogate,73002,3422,1,0.0001220703125,844.0539437499997,830.6950999999999,not_in_gurobi_pool,,0101000000011010110,00110001010000101,010100000001101011000110001010000101,128,8192,25,152,true,single,36,1.0e-10,64
VQE_reduced_surrogate,73002,3423,1,0.0001220703125,844.0649437500026,830.7060999999999,not_in_gurobi_pool,,0011100100011010110,00110100010000101,001110010001101011000110100010000101,128,8192,25,152,true,single,36,1.0e-10,64
VQE_reduced_surrogate,73002,3299,1,0.0001220703125,822.7056937500042,830.7209999999997,not_in_gurobi_pool,,1111110110110001011,00000000000111110,111111011011000101100000000000111110,128,8192,25,152,true,single,36,1.0e-10,64
VQE_reduced_surrogate,73002,3235,1,0.0001220703125,812.0592187499999,830.7615999999998,not_in_gurobi_pool,,1100010000110101101,00000000010101000,110001000011010110100000000010101000,128,8192,25,152,true,single,36,1.0e-10,64
VQE_reduced_surrogate,73002,3354,1,0.0001220703125,833.562368750002,830.8905999999997,not_in_gurobi_pool,,1100001100100101110,00000001000000010,110000110010010111000000001000000010,128,8192,25,152,true,single,36,1.0e-10,64
VQE_reduced_surrogate,73002,3355,1,0.0001220703125,833.5623687500031,830.8905999999997,not_in_gurobi_pool,,1100101000100101110,00000001000000010,110010100010010111000000001000000010,128,8192,25,152,true,single,36,1.0e-10,64
VQE_reduced_surrogate,73002,3302,1,0.0001220703125,822.9982937499908,831.0135999999998,not_in_gurobi_pool,,1100111001101100000,10000001000101000,110011100110110000010000001000101000,128,8192,25,152,true,single,36,1.0e-10,64
VQE_reduced_surrogate,73002,3305,1,0.0001220703125,823.0992937499868,831.1145999999998,not_in_gurobi_pool,,1100111001100010000,10000001000101000,110011100110001000010000001000101000,128,8192,25,152,true,single,36,1.0e-10,64
VQE_reduced_surrogate,73002,3358,1,0.0001220703125,834.0808687500041,831.4090999999996,not_in_gurobi_pool,,0101001100101100101,00000001000000000,010100110010110010100000001000000000,128,8192,25,152,true,single,36,1.0e-10,64
VQE_reduced_surrogate,73002,3425,1,0.0001220703125,845.1160437499982,831.7571999999996,not_in_gurobi_pool,,1001010000110110110,00000000000001001,100101000011011011000000000000001001,128,8192,25,152,true,single,36,1.0e-10,64
VQE_reduced_surrogate,73002,3426,1,0.0001220703125,845.1859437500143,831.8270999999997,not_in_gurobi_pool,,0011000010111100000,10100000000000000,001100001011110000010100000000000000,128,8192,25,152,true,single,36,1.0e-10,64
VQE_reduced_surrogate,73002,3242,1,0.0001220703125,813.1518187500135,831.8541999999998,not_in_gurobi_pool,,0001101110101101000,10000101000000000,000110111010110100010000101000000000,128,8192,25,152,true,single,36,1.0e-10,64
VQE_reduced_surrogate,73002,3427,1,0.0001220703125,845.2759437500026,831.9170999999997,not_in_gurobi_pool,,0101000010111010000,10100000000000000,010100001011101000010100000000000000,128,8192,25,152,true,single,36,1.0e-10,64
VQE_reduced_surrogate,73002,3428,1,0.0001220703125,845.286943750009,831.9280999999996,not_in_gurobi_pool,,0011000010111010000,10100000000000000,001100001011101000010100000000000000,128,8192,25,152,true,single,36,1.0e-10,64
VQE_reduced_surrogate,73002,3360,1,0.0001220703125,834.700868750002,832.0290999999999,not_in_gurobi_pool,,0011100111000100000,10100100010000000,001110011100010000010100100010000000,128,8192,25,152,true,single,36,1.0e-10,64
VQE_reduced_surrogate,73002,3243,1,0.0001220703125,813.3312187499932,832.0335999999998,not_in_gurobi_pool,,0100111001001011000,10000101110100000,010011100100101100010000101110100000,128,8192,25,152,true,single,36,1.0e-10,64
VQE_reduced_surrogate,73002,3430,1,0.0001220703125,845.3953437499949,832.0364999999999,not_in_gurobi_pool,,0110100111000010000,10100000011100000,011010011100001000010100000011100000,128,8192,25,152,true,single,36,1.0e-10,64
VQE_reduced_surrogate,73002,3361,1,0.0001220703125,834.9898687499906,832.3180999999998,not_in_gurobi_pool,,1101110000111011110,00000000000101100,110111000011101111000000000000101100,128,8192,25,152,true,single,36,1.0e-10,64
VQE_reduced_surrogate,73002,3432,1,0.0001220703125,845.7069437500004,832.3480999999997,not_in_gurobi_pool,,0101000010111001001,10100000000000000,010100001011100100110100000000000000,128,8192,25,152,true,single,36,1.0e-10,64
VQE_reduced_surrogate,73002,3308,1,0.0001220703125,824.3832937499963,832.3986,not_in_gurobi_pool,,1100101010000101101,00000101110000000,110010101000010110100000101110000000,128,8192,25,152,true,single,36,1.0e-10,64
VQE_reduced_surrogate,73002,3309,1,0.0001220703125,824.5162937499981,832.5315999999996,not_in_gurobi_pool,,0010010010100100101,00000000010101000,001001001010010010100000000010101000,128,8192,25,152,true,single,36,1.0e-10,64
VQE_reduced_surrogate,73002,3245,1,0.0001220703125,813.8592187500005,832.5615999999998,not_in_gurobi_pool,,1100111010001010110,00000101110100101,110011101000101011000000101110100101,128,8192,25,152,true,single,36,1.0e-10,64
VQE_reduced_surrogate,73002,3362,1,0.0001220703125,835.3303687500047,832.6585999999998,not_in_gurobi_pool,,0100101100101011100,00000001000000000,010010110010101110000000001000000000,128,8192,25,152,true,single,36,1.0e-10,64
VQE_reduced_surrogate,73002,3363,1,0.0001220703125,835.3968687500019,832.7250999999997,not_in_gurobi_pool,,0011010000111010100,00000000000101000,001101000011101010000000000000101000,128,8192,25,152,true,single,36,1.0e-10,64
VQE_reduced_surrogate,73002,3310,1,0.0001220703125,824.9472937499938,832.9625999999998,not_in_gurobi_pool,,1100011000011001110,00010101110100110,110001100001100111000010101110100110,128,8192,25,152,true,single,36,1.0e-10,64
VQE_reduced_surrogate,73002,3247,1,0.0001220703125,814.2902187499958,832.9925999999998,not_in_gurobi_pool,,1100011110001001110,00000101110100110,110001111000100111000000101110100110,128,8192,25,152,true,single,36,1.0e-10,64
VQE_reduced_surrogate,73002,3365,1,0.0001220703125,835.6789687500091,833.0071999999998,not_in_gurobi_pool,,1001011010110000001,10001101000001000,100101101011000000110001101000001000,128,8192,25,152,true,single,36,1.0e-10,64
VQE_reduced_surrogate,73002,3366,1,0.0001220703125,835.7243687500049,833.0525999999996,not_in_gurobi_pool,,0100000110101001100,00100000010000000,010000011010100110000100000010000000,128,8192,25,152,true,single,36,1.0e-10,64
VQE_reduced_surrogate,73002,3435,1,0.0001220703125,846.4524437499936,833.0935999999996,not_in_gurobi_pool,,0100001010100101011,00000001000000010,010000101010010101100000001000000010,128,8192,25,152,true,single,36,1.0e-10,64
VQE_reduced_surrogate,73002,3312,1,0.0001220703125,825.4732937499955,833.4885999999998,not_in_gurobi_pool,,1100010101110101000,10000000010101000,110001010111010100010000000010101000,128,8192,25,152,true,single,36,1.0e-10,64
VQE_reduced_surrogate,73002,3313,1,0.0001220703125,825.6372937500016,833.6525999999999,not_in_gurobi_pool,,1100011010111100000,10000001000101000,110001101011110000010000001000101000,128,8192,25,152,true,single,36,1.0e-10,64
VQE_reduced_surrogate,73002,3370,1,0.0001220703125,836.4118687500145,833.7401,not_in_gurobi_pool,,1101111101100101011,00000001000101010,110111110110010101100000001000101010,128,8192,25,152,true,single,36,1.0e-10,64
VQE_reduced_surrogate,73002,3492,1,0.0001220703125,857.8700187499871,833.8241,not_in_gurobi_pool,,1101101100011101110,00010101100000010,110110110001110111000010101100000010,128,8192,25,152,true,single,36,1.0e-10,64
VQE_reduced_surrogate,73002,3315,1,0.0001220703125,825.9193937500077,833.9346999999998,not_in_gurobi_pool,,0000000101000101101,01100101011000000,000000010100010110101100101011000000,128,8192,25,152,true,single,36,1.0e-10,64
VQE_reduced_surrogate,73002,3438,1,0.0001220703125,847.390343749998,834.0315,not_in_gurobi_pool,,0110101100100011111,00000000000100100,011010110010001111100000000000100100,128,8192,25,152,true,single,36,1.0e-10,64
VQE_reduced_surrogate,73002,3371,1,0.0001220703125,836.7074687499903,834.0356999999997,not_in_gurobi_pool,,0000010001000011101,01000101011000000,000001000100001110101000101011000000,128,8192,25,152,true,single,36,1.0e-10,64
VQE_reduced_surrogate,73002,3316,1,0.0001220703125,826.0602937499978,834.0755999999999,not_in_gurobi_pool,,0010010101000011101,00000100011100000,001001010100001110100000100011100000,128,8192,25,152,true,single,36,1.0e-10,64
VQE_reduced_surrogate,73002,3373,1,0.0001220703125,836.8092687500005,834.1374999999997,not_in_gurobi_pool,,0110111000011100100,00010101010110000,011011100001110010000010101010110000,128,8192,25,152,true,single,36,1.0e-10,64
VQE_reduced_surrogate,73002,3318,1,0.0001220703125,826.1521937499981,834.1674999999997,not_in_gurobi_pool,,0110111010000100101,00000101010110000,011011101000010010100000101010110000,128,8192,25,152,true,single,36,1.0e-10,64
VQE_reduced_surrogate,73002,3259,1,0.0001220703125,815.465118749994,834.1674999999998,not_in_gurobi_pool,,0110001010000100101,00000101010100000,011000101000010010100000101010100000,128,8192,25,152,true,single,36,1.0e-10,64
VQE_reduced_surrogate,73002,3375,1,0.0001220703125,836.9102687500033,834.2384999999998,not_in_gurobi_pool,,0110111000011010100,00010101010110000,011011100001101010000010101010110000,128,8192,25,152,true,single,36,1.0e-10,64
VQE_reduced_surrogate,73002,3376,1,0.0001220703125,836.9218687500045,834.2500999999997,not_in_gurobi_pool,,0101111010000100101,00000101100100000,010111101000010010100000101100100000,128,8192,25,152,true,single,36,1.0e-10,64
VQE_reduced_surrogate,73002,3319,1,0.0001220703125,826.3812937499943,834.3965999999998,not_in_gurobi_pool,,0010110010101001111,00000000010101110,001011001010100111100000000010101110,128,8192,25,152,true,single,36,1.0e-10,64
VQE_reduced_surrogate,73002,3377,1,0.0001220703125,837.1022687500163,834.4304999999996,not_in_gurobi_pool,,1110010001111110011,00000000010111001,111001000111111001100000000010111001,128,8192,25,152,true,single,36,1.0e-10,64
VQE_reduced_surrogate,73002,3441,1,0.0001220703125,847.836943750001,834.4780999999996,not_in_gurobi_pool,,0101000100111001110,00100000000000110,010100010011100111000100000000000110,128,8192,25,152,true,single,36,1.0e-10,64
VQE_reduced_surrogate,73002,3493,1,0.0001220703125,858.5256187500001,834.4796999999996,not_in_gurobi_pool,,0000110111100000000,11001000010001000,000011011110000000011001000010001000,128,8192,25,152,true,single,36,1.0e-10,64
VQE_reduced_surrogate,73002,3443,1,0.0001220703125,847.956343750003,834.5974999999999,not_in_gurobi_pool,,0110000101001001111,00100000011100110,011000010100100111100100000011100110,128,8192,25,152,true,single,36,1.0e-10,64
VQE_reduced_surrogate,73002,3543,1,0.0001220703125,869.3804937499881,834.6474999999998,not_in_gurobi_pool,,0110101001101000011,00001000000100111,011010100110100001100001000000100111,128,8192,25,152,true,single,36,1.0e-10,64
VQE_reduced_surrogate,73002,3379,1,0.0001220703125,837.3644687499975,834.6926999999998,not_in_gurobi_pool,,0000011110001000110,01000111110000111,000001111000100011001000111110000111,128,8192,25,152,true,single,36,1.0e-10,64
VQE_reduced_surrogate,73002,3267,1,0.0001220703125,816.4812187499945,835.1835999999998,not_in_gurobi_pool,,1100011001001001101,00000101110100000,110001100100100110100000101110100000,128,8192,25,152,true,single,36,1.0e-10,64
VQE_reduced_surrogate,73002,3380,1,0.0001220703125,837.8983687499956,835.2265999999997,not_in_gurobi_pool,,1100001111001011000,10000101110000000,110000111100101100010000101110000000,128,8192,25,152,true,single,36,1.0e-10,64
VQE_reduced_surrogate,73002,3381,1,0.0001220703125,837.9008687499929,835.2290999999998,not_in_gurobi_pool,,1011111001011101000,10000111000100000,101111100101110100010000111000100000,128,8192,25,152,true,single,36,1.0e-10,64
VQE_reduced_surrogate,73002,3268,1,0.0001220703125,816.5766187499974,835.2789999999998,not_in_gurobi_pool,,1111100101011000100,00100000010100000,111110010101100010000100000010100000,128,8192,25,152,true,single,36,1.0e-10,64
VQE_reduced_surrogate,73002,3383,1,0.0001220703125,838.0828687500166,835.4110999999998,not_in_gurobi_pool,,1101111011001010011,00000101100100101,110111101100101001100000101100100101,128,8192,25,152,true,single,36,1.0e-10,64
VQE_reduced_surrogate,73002,3445,1,0.0001220703125,848.8109437500011,835.4520999999995,not_in_gurobi_pool,,0011100001110010000,10100000000000000,001110000111001000010100000000000000,128,8192,25,152,true,single,36,1.0e-10,64
VQE_reduced_surrogate,73002,3384,1,0.0001220703125,838.142268749994,835.4704999999998,not_in_gurobi_pool,,0110111100011100110,00010101010110011,011011110001110011000010101010110011,128,8192,25,152,true,single,36,1.0e-10,64
VQE_reduced_surrogate,73002,3269,1,0.0001220703125,816.7768187500017,835.4791999999998,not_in_gurobi_pool,,0001101101101011001,10000101000000000,000110110110101100110000101000000000,128,8192,25,152,true,single,36,1.0e-10,64
VQE_reduced_surrogate,73002,3385,1,0.0001220703125,838.2658687500009,835.5940999999998,not_in_gurobi_pool,,0011111010000100111,00000111000100011,001111101000010011100000111000100011,128,8192,25,152,true,single,36,1.0e-10,64
VQE_reduced_surrogate,73002,3324,1,0.0001220703125,827.5861937500006,835.6014999999999,not_in_gurobi_pool,,0110111010000010111,00000101010110101,011011101000001011100000101010110101,128,8192,25,152,true,single,36,1.0e-10,64
VQE_reduced_surrogate,73002,3326,1,0.0001220703125,827.7672937499965,835.7825999999998,not_in_gurobi_pool,,1100011000110100110,00000001000101011,110001100011010011000000001000101011,128,8192,25,152,true,single,36,1.0e-10,64
VQE_reduced_surrogate,73002,3327,1,0.0001220703125,827.8062937500003,835.8216,not_in_gurobi_pool,,1100011100111011101,00000001000101000,110001110011101110100000001000101000,128,8192,25,152,true,single,36,1.0e-10,64
VQE_reduced_surrogate,73002,3328,1,0.0001220703125,827.8062937499951,835.8216,not_in_gurobi_pool,,1100111000111011101,00000001000101000,110011100011101110100000001000101000,128,8192,25,152,true,single,36,1.0e-10,64
VQE_reduced_surrogate,73002,3386,1,0.0001220703125,838.4973687500078,835.8255999999997,not_in_gurobi_pool,,1100111010110110011,00000001000101001,110011101011011001100000001000101001,128,8192,25,152,true,single,36,1.0e-10,64
VQE_reduced_surrogate,73002,3446,1,0.0001220703125,849.2309437499964,835.8720999999996,not_in_gurobi_pool,,0101000101110001001,10100000000000000,010100010111000100110100000000000000,128,8192,25,152,true,single,36,1.0e-10,64
VQE_reduced_surrogate,73002,3447,1,0.0001220703125,849.2724437500005,835.9135999999996,not_in_gurobi_pool,,0100011010111000000,10001001000101000,010001101011100000010001001000101000,128,8192,25,152,true,single,36,1.0e-10,64
VQE_reduced_surrogate,73002,3449,1,0.0001220703125,849.2834437500087,835.9245999999996,not_in_gurobi_pool,,0010011010111000000,10001100000101000,001001101011100000010001100000101000,128,8192,25,152,true,single,36,1.0e-10,64
VQE_reduced_surrogate,73002,3387,1,0.0001220703125,838.7163687499963,836.0445999999996,not_in_gurobi_pool,,0100000001101100101,00100000010000000,010000000110110010100100000010000000,128,8192,25,152,true,single,36,1.0e-10,64
VQE_reduced_surrogate,73002,3388,1,0.0001220703125,838.7562687500019,836.0844999999998,not_in_gurobi_pool,,0110110101100100101,00000000010111000,011011010110010010100000000010111000,128,8192,25,152,true,single,36,1.0e-10,64
VQE_reduced_surrogate,73002,3389,1,0.0001220703125,838.7983687499911,836.1265999999998,not_in_gurobi_pool,,0010111011001000001,10001111010100000,001011101100100000110001111010100000,128,8192,25,152,true,single,36,1.0e-10,64
VQE_reduced_surrogate,73002,3331,1,0.0001220703125,828.285293749997,836.3006000000003,not_in_gurobi_pool,,0100101110000110110,00000101110000001,010010111000011011000000101110000001,128,8192,25,152,true,single,36,1.0e-10,64
VQE_reduced_surrogate,73002,3392,1,0.0001220703125,839.0293687500089,836.3575999999998,not_in_gurobi_pool,,1100011010111011011,00000001000101100,110001101011101101100000001000101100,128,8192,25,152,true,single,36,1.0e-10,64
VQE_reduced_surrogate,73002,3395,1,0.0001220703125,839.1623687499914,836.4905999999999,not_in_gurobi_pool,,1010000011001000111,00100100011000111,101000001100100011100100100011000111,128,8192,25,152,true,single,36,1.0e-10,64
VQE_reduced_surrogate,73002,3551,1,0.0001220703125,871.3904937500074,836.6575000000001,not_in_gurobi_pool,,0110111101101101011,00000000000111010,011011110110110101100000000000111010,128,8192,25,152,true,single,36,1.0e-10,64
VQE_reduced_surrogate,73002,3396,1,0.0001220703125,839.3673687499991,836.6955999999998,not_in_gurobi_pool,,1100100001010110100,00100001011000000,110010000101011010000100001011000000,128,8192,25,152,true,single,36,1.0e-10,64
VQE_reduced_surrogate,73002,3334,1,0.0001220703125,828.6963937500245,836.7116999999996,not_in_gurobi_pool,,0000101010101000100,01000101000000000,000010101010100010001000101000000000,128,8192,25,152,true,single,36,1.0e-10,64
VQE_reduced_surrogate,73002,3397,1,0.0001220703125,839.4468687500087,836.7750999999998,not_in_gurobi_pool,,0101001110110100000,10000001000000000,010100111011010000010000001000000000,128,8192,25,152,true,single,36,1.0e-10,64
VQE_reduced_surrogate,73002,3207,1,0.0001220703125,807.4077437500048,836.7971999999996,not_in_gurobi_pool,,0001100110011011100,00100101010000000,000110011001101110000100101010000000,128,8192,25,152,true,single,36,1.0e-10,64
VQE_reduced_surrogate,73002,3400,1,0.0001220703125,839.6488687500057,836.9770999999998,not_in_gurobi_pool,,0101111111000100000,10000101100100000,010111111100010000010000101100100000,128,8192,25,152,true,single,36,1.0e-10,64
VQE_reduced_surrogate,73002,3276,1,0.0001220703125,818.5458187499942,837.2482,not_in_gurobi_pool,,1001111000110011111,00000101000001100,100111100011001111100000101000001100,128,8192,25,152,true,single,36,1.0e-10,64
VQE_reduced_surrogate,73002,3552,1,0.0001220703125,872.0194937499884,837.2864999999999,not_in_gurobi_pool,,0110001010110000011,00001000000100111,011000101011000001100001000000100111,128,8192,25,152,true,single,36,1.0e-10,64
VQE_reduced_surrogate,73002,3403,1,0.0001220703125,839.9898687500095,837.3180999999997,not_in_gurobi_pool,,0011101010110001001,10000100000000000,001110101011000100110000100000000000,128,8192,25,152,true,single,36,1.0e-10,64
VQE_reduced_surrogate,73002,3402,1,0.0001220703125,839.989868750017,837.3181,not_in_gurobi_pool,,0011001110110001000,10000100000000000,001100111011000100010000100000000000,128,8192,25,152,true,single,36,1.0e-10,64
VQE_reduced_surrogate,73002,3404,1,0.0001220703125,839.9908687500008,837.3190999999999,not_in_gurobi_pool,,0101000010011001110,00100001010000110,010100001001100111000100001010000110,128,8192,25,152,true,single,36,1.0e-10,64
VQE_reduced_surrogate,73002,3405,1,0.0001220703125,839.9913687500048,837.3195999999998,not_in_gurobi_pool,,1100010011001010111,00000001011100101,110001001100101011100000001011100101,128,8192,25,152,true,single,36,1.0e-10,64
VQE_reduced_surrogate,73002,3406,1,0.0001220703125,840.1763687499972,837.5046,not_in_gurobi_pool,,0100100110010110110,00100001011000001,010010011001011011000100001011000001,128,8192,25,152,true,single,36,1.0e-10,64
VQE_reduced_surrogate,73002,3336,1,0.0001220703125,829.8412937499991,837.8565999999997,not_in_gurobi_pool,,1100110110110110110,00000000010101001,110011011011011011000000000010101001,128,8192,25,152,true,single,36,1.0e-10,64
VQE_reduced_surrogate,73002,3505,1,0.0001220703125,862.0010187499997,837.9550999999996,not_in_gurobi_pool,,0011100101110101011,00100000000000010,001110010111010101100100000000000010,128,8192,25,152,true,single,36,1.0e-10,64
VQE_reduced_surrogate,73002,3507,1,0.0001220703125,862.0674187499999,838.0215,not_in_gurobi_pool,,0110111000111001100,00000000000111000,011011100011100110000000000000111000,128,8192,25,152,true,single,36,1.0e-10,64
VQE_reduced_surrogate,73002,3459,1,0.0001220703125,851.3834437500036,838.0245999999999,not_in_gurobi_pool,,0100001110110011000,10000001000000000,010000111011001100010000001000000000,128,8192,25,152,true,single,36,1.0e-10,64
VQE_reduced_surrogate,73002,3460,1,0.0001220703125,851.394443750017,838.0355999999998,not_in_gurobi_pool,,0010001010111011000,10000100000000000,001000101011101100010000100000000000,128,8192,25,152,true,single,36,1.0e-10,64
VQE_reduced_surrogate,73002,3279,1,0.0001220703125,819.341218749995,838.0435999999997,not_in_gurobi_pool,,0100011000110000110,00000001000101111,010001100011000011000000001000101111,128,8192,25,152,true,single,36,1.0e-10,64
VQE_reduced_surrogate,73002,3461,1,0.0001220703125,851.415943749998,838.0570999999997,not_in_gurobi_pool,,0011101110111101000,10000100000000000,001110111011110100010000100000000000,128,8192,25,152,true,single,36,1.0e-10,64
VQE_reduced_surrogate,73002,3462,1,0.0001220703125,851.5265437499991,838.1676999999997,not_in_gurobi_pool,,0000011001011011000,11000111110000000,000001100101101100011000111110000000,128,8192,25,152,true,single,36,1.0e-10,64
VQE_reduced_surrogate,73002,3280,1,0.0001220703125,819.4747187499934,838.1770999999999,not_in_gurobi_pool,,0011111100111000110,00000100000101111,001111110011100011000000100000101111,128,8192,25,152,true,single,36,1.0e-10,64
VQE_reduced_surrogate,73002,3337,1,0.0001220703125,830.2722937499982,838.2875999999998,not_in_gurobi_pool,,1100010110111101110,00000000010101010,110001011011110111000000000010101010,128,8192,25,152,true,single,36,1.0e-10,64
VQE_reduced_surrogate,73002,3340,1,0.0001220703125,830.3121937499909,838.3274999999999,not_in_gurobi_pool,,1110100110111101111,00100000010100010,111010011011110111100100000010100010,128,8192,25,152,true,single,36,1.0e-10,64
VQE_reduced_surrogate,73002,3467,1,0.0001220703125,852.4659437499995,839.1071,not_in_gurobi_pool,,0101001001000100111,00000101100000011,010100100100010011100000101100000011,128,8192,25,152,true,single,36,1.0e-10,64
VQE_reduced_surrogate,73002,3411,1,0.0001220703125,841.9874687500064,839.3156999999999,not_in_gurobi_pool,,0000101110101001110,01000101000000110,000010111010100111001000101000000110,128,8192,25,152,true,single,36,1.0e-10,64
VQE_reduced_surrogate,73002,3412,1,0.0001220703125,842.0828687499913,839.4110999999996,not_in_gurobi_pool,,0011110110111000110,00000000000101111,001111011011100011000000000000101111,128,8192,25,152,true,single,36,1.0e-10,64
VQE_reduced_surrogate,73002,3469,1,0.0001220703125,852.7699437499905,839.4110999999998,not_in_gurobi_pool,,0011000110111000111,00100000000000111,001100011011100011100100000000000111,128,8192,25,152,true,single,36,1.0e-10,64
VQE_reduced_surrogate,73002,3414,1,0.0001220703125,842.2654687499969,839.5936999999997,not_in_gurobi_pool,,0000111000110110111,01000101000001001,000011100011011011101000101000001001,128,8192,25,152,true,single,36,1.0e-10,64
VQE_reduced_surrogate,73002,3346,1,0.0001220703125,831.6107937499985,839.6260999999997,not_in_gurobi_pool,,0011010011010010011,00000100010100101,001101001101001001100000100010100101,128,8192,25,152,true,single,36,1.0e-10,64
VQE_reduced_surrogate,73002,3347,1,0.0001220703125,831.809293750001,839.8246000000001,not_in_gurobi_pool,,0100101101000110110,00000101110000001,010010110100011011000000101110000001,128,8192,25,152,true,single,36,1.0e-10,64
VQE_reduced_surrogate,73002,3349,1,0.0001220703125,832.0382937499899,840.0535999999998,not_in_gurobi_pool,,0100111100110101110,00000001000101010,010011110011010111000000001000101010,128,8192,25,152,true,single,36,1.0e-10,64
VQE_reduced_surrogate,73002,3416,1,0.0001220703125,842.8292687500009,840.1574999999997,not_in_gurobi_pool,,0110110010111010111,00000000010111101,011011001011101011100000000010111101,128,8192,25,152,true,single,36,1.0e-10,64
VQE_reduced_surrogate,73002,3350,1,0.0001220703125,832.53329375,840.5485999999999,not_in_gurobi_pool,,0100010010111001110,00000000010101110,010001001011100111000000000010101110,128,8192,25,152,true,single,36,1.0e-10,64
VQE_reduced_surrogate,73002,3523,1,0.0001220703125,864.8736187499983,840.8276999999997,not_in_gurobi_pool,,0000010110110110110,01000000010001001,000001011011011011001000000010001001,128,8192,25,152,true,single,36,1.0e-10,64
VQE_reduced_surrogate,73002,3419,1,0.0001220703125,843.5258687500072,840.8540999999998,not_in_gurobi_pool,,0011000101011001110,00100100010000110,001100010101100111000100100010000110,128,8192,25,152,true,single,36,1.0e-10,64
VQE_reduced_surrogate,73002,3473,1,0.0001220703125,854.3149437500176,840.9560999999997,not_in_gurobi_pool,,0011001010011001100,00000111000000000,001100101001100110000000111000000000,128,8192,25,152,true,single,36,1.0e-10,64
VQE_reduced_surrogate,73002,3524,1,0.0001220703125,865.2520187499983,841.2060999999997,not_in_gurobi_pool,,1011000101110001110,00100000000000110,101100010111000111000100000000000110,128,8192,25,152,true,single,36,1.0e-10,64
VQE_reduced_surrogate,73002,3421,1,0.0001220703125,844.052368750002,841.3805999999997,not_in_gurobi_pool,,1100100001110110111,00100000010000001,110010000111011011100100000010000001,128,8192,25,152,true,single,36,1.0e-10,64
VQE_reduced_surrogate,73002,3234,1,0.0001220703125,812.0211437500045,841.4105999999997,not_in_gurobi_pool,,0100110111110100000,10000000010101000,010011011111010000010000000010101000,128,8192,25,152,true,single,36,1.0e-10,64
VQE_reduced_surrogate,73002,3300,1,0.0001220703125,822.7082187500005,841.4105999999999,not_in_gurobi_pool,,0100100111111100001,10100000010000000,010010011111110000110100000010000000,128,8192,25,152,true,single,36,1.0e-10,64
VQE_reduced_surrogate,73002,3356,1,0.0001220703125,833.6787937499948,841.6940999999998,not_in_gurobi_pool,,0011110101011011110,00000100010100100,001111010101101111000000100010100100,128,8192,25,152,true,single,36,1.0e-10,64
VQE_reduced_surrogate,73002,3479,1,0.0001220703125,855.2169437499983,841.8580999999997,not_in_gurobi_pool,,0011001110011010110,00000111000000101,001100111001101011000000111000000101,128,8192,25,152,true,single,36,1.0e-10,64
VQE_reduced_surrogate,73002,3480,1,0.0001220703125,855.2724437499955,841.9135999999999,not_in_gurobi_pool,,1100001110110101101,00000001000000000,110000111011010110100000001000000000,128,8192,25,152,true,single,36,1.0e-10,64
VQE_reduced_surrogate,73002,3307,1,0.0001220703125,823.251218750006,841.9535999999996,not_in_gurobi_pool,,0010100111111001000,10100000010000000,001010011111100100010100000010000000,128,8192,25,152,true,single,36,1.0e-10,64
VQE_reduced_surrogate,73002,3481,1,0.0001220703125,855.3734437500002,842.0145999999995,not_in_gurobi_pool,,1100101110110011100,00000001000000000,110010111011001110000000001000000000,128,8192,25,152,true,single,36,1.0e-10,64
VQE_reduced_surrogate,73002,3357,1,0.0001220703125,834.0262937499958,842.0415999999998,not_in_gurobi_pool,,0100011001110001011,00000001000101110,010001100111000101100000001000101110,128,8192,25,152,true,single,36,1.0e-10,64
VQE_reduced_surrogate,73002,3486,1,0.0001220703125,855.7935437499923,842.4347,not_in_gurobi_pool,,0000111110010110110,01000111110000001,000011111001011011001000111110000001,128,8192,25,152,true,single,36,1.0e-10,64
VQE_reduced_surrogate,73002,3431,1,0.0001220703125,845.5114687500095,842.8397,not_in_gurobi_pool,,0000101101101001110,01000101000000110,000010110110100111001000101000000110,128,8192,25,152,true,single,36,1.0e-10,64
VQE_reduced_surrogate,73002,3433,1,0.0001220703125,845.9913687499941,843.3195999999998,not_in_gurobi_pool,,1100110111010101100,00000001011100000,110011011101010110000000001011100000,128,8192,25,152,true,single,36,1.0e-10,64
VQE_reduced_surrogate,73002,3364,1,0.0001220703125,835.5682937500017,843.5835999999997,not_in_gurobi_pool,,0100000111111110011,00100000010000001,010000011111111001100100000010000001,128,8192,25,152,true,single,36,1.0e-10,64
VQE_reduced_surrogate,73002,3490,1,0.0001220703125,857.0320437499913,843.6731999999997,not_in_gurobi_pool,,0001100101111011101,00100000000000000,000110010111101110100100000000000000,128,8192,25,152,true,single,36,1.0e-10,64
VQE_reduced_surrogate,73002,3367,1,0.0001220703125,835.9401937500081,843.9554999999997,not_in_gurobi_pool,,0110011101011010101,00000101010110000,011001110101101010100000101010110000,128,8192,25,152,true,single,36,1.0e-10,64
VQE_reduced_surrogate,73002,3437,1,0.0001220703125,846.9798687499906,844.3080999999995,not_in_gurobi_pool,,0011111110111001100,00000100000101000,001111111011100110000000100000101000,128,8192,25,152,true,single,36,1.0e-10,64
VQE_reduced_surrogate,73002,3372,1,0.0001220703125,836.7768937499948,844.7921999999996,not_in_gurobi_pool,,1001111001110001100,00000101000001000,100111100111000110000000101000001000,128,8192,25,152,true,single,36,1.0e-10,64
VQE_reduced_surrogate,73002,3439,1,0.0001220703125,847.5853687499828,844.9135999999999,not_in_gurobi_pool,,0100111110111101101,00000001000101000,010011111011110110100000001000101000,128,8192,25,152,true,single,36,1.0e-10,64
VQE_reduced_surrogate,73002,3440,1,0.0001220703125,847.7483687499976,845.0765999999996,not_in_gurobi_pool,,0100011110111010110,00000001000101101,010001111011101011000000001000101101,128,8192,25,152,true,single,36,1.0e-10,64
VQE_reduced_surrogate,73002,3378,1,0.0001220703125,837.1721937500054,845.1875000000001,not_in_gurobi_pool,,0110011101010100111,00000101010110011,011001110101010011100000101010110011,128,8192,25,152,true,single,36,1.0e-10,64
VQE_reduced_surrogate,73002,3444,1,0.0001220703125,848.1793687499949,845.5075999999997,not_in_gurobi_pool,,0100011110111001110,00000001000101110,010001111011100111000000001000101110,128,8192,25,152,true,single,36,1.0e-10,64
VQE_reduced_surrogate,73002,3495,1,0.0001220703125,859.0929437500004,845.7340999999999,not_in_gurobi_pool,,1011001001111010111,00000100000000101,101100100111101011100000100000000101,128,8192,25,152,true,single,36,1.0e-10,64
VQE_reduced_surrogate,73002,3497,1,0.0001220703125,859.1719437500046,845.8130999999996,not_in_gurobi_pool,,0011001101011001110,00000111000000110,001100110101100111000000111000000110,128,8192,25,152,true,single,36,1.0e-10,64
VQE_reduced_surrogate,73002,3499,1,0.0001220703125,859.6054437499861,846.2465999999998,not_in_gurobi_pool,,0100101110110101110,00000001000000010,010010111011010111000000001000000010,128,8192,25,152,true,single,36,1.0e-10,64
VQE_reduced_surrogate,73002,3325,1,0.0001220703125,827.7393187500084,846.4416999999999,not_in_gurobi_pool,,0000101111110010000,11000101000000000,000010111111001000011000101000000000,128,8192,25,152,true,single,36,1.0e-10,64
VQE_reduced_surrogate,73002,3329,1,0.0001220703125,828.0312187500124,846.7335999999998,not_in_gurobi_pool,,1100010111110100111,00000000010101011,110001011111010011100000000010101011,128,8192,25,152,true,single,36,1.0e-10,64
VQE_reduced_surrogate,73002,3330,1,0.0001220703125,828.1322187500125,846.8345999999999,not_in_gurobi_pool,,1100010111110010111,00000000010101101,110001011111001011100000000010101101,128,8192,25,152,true,single,36,1.0e-10,64
VQE_reduced_surrogate,73002,3452,1,0.0001220703125,849.8383687499934,847.1665999999998,not_in_gurobi_pool,,0100111001111100100,00000001000101000,010011100111110010000000001000101000,128,8192,25,152,true,single,36,1.0e-10,64
VQE_reduced_surrogate,73002,3549,1,0.0001220703125,871.288018750005,847.2420999999997,not_in_gurobi_pool,,1011001011011010101,00000111000000000,101100101101101010100000111000000000,128,8192,25,152,true,single,36,1.0e-10,64
VQE_reduced_surrogate,73002,3333,1,0.0001220703125,828.5632187500098,847.2656,not_in_gurobi_pool,,1100010111110001111,00000000010101110,110001011111000111100000000010101110,128,8192,25,152,true,single,36,1.0e-10,64
VQE_reduced_surrogate,73002,3454,1,0.0001220703125,849.9393687499935,847.2675999999999,not_in_gurobi_pool,,0100111001111010100,00000001000101000,010011100111101010000000001000101000,128,8192,25,152,true,single,36,1.0e-10,64
VQE_reduced_surrogate,73002,3457,1,0.0001220703125,850.3703687499944,847.6985999999999,not_in_gurobi_pool,,0100111001110001100,00000001000101000,010011100111000110000000001000101000,128,8192,25,152,true,single,36,1.0e-10,64
VQE_reduced_surrogate,73002,3401,1,0.0001220703125,839.7882937499978,847.8035999999995,not_in_gurobi_pool,,0100101011111010011,00000001000000101,010010101111101001100000001000000101,128,8192,25,152,true,single,36,1.0e-10,64
VQE_reduced_surrogate,73002,3504,1,0.0001220703125,861.8219437500077,848.4630999999999,not_in_gurobi_pool,,1101111011010100111,00000101100100011,110111101101010011100000101100100011,128,8192,25,152,true,single,36,1.0e-10,64
VQE_reduced_surrogate,73002,3566,1,0.0001220703125,874.2481187500036,850.2021999999997,not_in_gurobi_pool,,0001111011011010100,00000111100000000,000111101101101010000000111100000000,128,8192,25,152,true,single,36,1.0e-10,64
VQE_reduced_surrogate,73002,3420,1,0.0001220703125,843.7493937499985,851.7647,not_in_gurobi_pool,,1000101111110010111,01000101000000101,100010111111001011101000101000000101,128,8192,25,152,true,single,36,1.0e-10,64
VQE_reduced_surrogate,73002,3489,1,0.0001220703125,856.5633687499972,853.8915999999997,not_in_gurobi_pool,,0100001111111001101,00000001000000000,010000111111100110100000001000000000,128,8192,25,152,true,single,36,1.0e-10,64
VQE_reduced_surrogate,73002,3442,1,0.0001220703125,847.8809937499973,855.8962999999997,not_in_gurobi_pool,,1111100100000100000,10110000010100000,111110010000010000010110000010100000,128,8192,25,152,true,single,36,1.0e-10,64
VQE_reduced_surrogate,73002,3409,1,0.0001220703125,841.7954187499956,860.4977999999996,not_in_gurobi_pool,,1110000000101011000,10100000010100000,111000000010101100010100000010100000,128,8192,25,152,true,single,36,1.0e-10,64
VQE_reduced_surrogate,73002,3472,1,0.0001220703125,854.1449937499992,862.1602999999998,not_in_gurobi_pool,,1111100000010010000,10110000010100000,111110000001001000010110000010100000,128,8192,25,152,true,single,36,1.0e-10,64
VQE_reduced_surrogate,73002,3429,1,0.0001220703125,845.3861187500104,864.0884999999998,not_in_gurobi_pool,,1001000100000101101,00110101010000000,100100010000010110100110101010000000,128,8192,25,152,true,single,36,1.0e-10,64
VQE_reduced_surrogate,73002,3582,1,0.0001220703125,878.7877437500003,865.4288999999999,not_in_gurobi_pool,,1100000100001011110,00110001011000100,110000010000101111000110001011000100,128,8192,25,152,true,single,36,1.0e-10,64
VQE_reduced_surrogate,73002,3583,1,0.0001220703125,878.8222437499987,865.4633999999996,not_in_gurobi_pool,,1101100100011111011,00110001010000000,110110010001111101100110001010000000,128,8192,25,152,true,single,36,1.0e-10,64
VQE_reduced_surrogate,73002,3436,1,0.0001220703125,846.9109187499942,865.6133,not_in_gurobi_pool,,1111100101001100000,10100000010100000,111110010100110000010100000010100000,128,8192,25,152,true,single,36,1.0e-10,64
VQE_reduced_surrogate,73002,3594,1,0.0001220703125,880.042243749996,866.6833999999998,not_in_gurobi_pool,,1011110110101101000,10000000000101000,101111011010110100010000000000101000,128,8192,25,152,true,single,36,1.0e-10,64
VQE_reduced_surrogate,73002,3599,1,0.0001220703125,880.4436437499953,867.0847999999995,not_in_gurobi_pool,,0110011100101100001,10000000000111000,011001110010110000110000000000111000,128,8192,25,152,true,single,36,1.0e-10,64
VQE_reduced_surrogate,73002,3696,1,0.0001220703125,902.3953937499971,867.6623999999996,not_in_gurobi_pool,,0101000110101000000,10101000000000000,010100011010100000010101000000000000,128,8192,25,152,true,single,36,1.0e-10,64
VQE_reduced_surrogate,73002,3602,1,0.0001220703125,881.0942437499971,867.7353999999998,not_in_gurobi_pool,,0011000100010011011,00110100010000100,001100010001001101100110100010000100,128,8192,25,152,true,single,36,1.0e-10,64
VQE_reduced_surrogate,73002,3644,1,0.0001220703125,891.9707187500019,867.9247999999997,not_in_gurobi_pool,,0110111100101110001,10000000000111000,011011110010111000110000000000111000,128,8192,25,152,true,single,36,1.0e-10,64
VQE_reduced_surrogate,73002,3448,1,0.0001220703125,849.2761187500105,867.9784999999997,not_in_gurobi_pool,,0001111000101110000,10000101000001000,000111100010111000010000101000001000,128,8192,25,152,true,single,36,1.0e-10,64
VQE_reduced_surrogate,73002,3500,1,0.0001220703125,860.2335937500056,868.2488999999997,not_in_gurobi_pool,,1100100100100110110,00100000010000001,110010010010011011000100000010000001,128,8192,25,152,true,single,36,1.0e-10,64
VQE_reduced_surrogate,73002,3450,1,0.0001220703125,849.5499187500004,868.2522999999997,not_in_gurobi_pool,,1111100110010100000,10100000010100000,111110011001010000010100000010100000,128,8192,25,152,true,single,36,1.0e-10,64
VQE_reduced_surrogate,73002,3451,1,0.0001220703125,849.6164187499962,868.3187999999996,not_in_gurobi_pool,,0110100110100100001,10100000010100000,011010011010010000110100000010100000,128,8192,25,152,true,single,36,1.0e-10,64
VQE_reduced_surrogate,73002,3390,1,0.0001220703125,838.9873437500014,868.3767999999997,not_in_gurobi_pool,,0110000100101000100,00100000010100000,011000010010100010000100000010100000,128,8192,25,152,true,single,36,1.0e-10,64
VQE_reduced_surrogate,73002,3453,1,0.0001220703125,849.9389187499921,868.6413,not_in_gurobi_pool,,0111101100101010011,00000000000100101,011110110010101001100000000000100101,128,8192,25,152,true,single,36,1.0e-10,64
VQE_reduced_surrogate,73002,3501,1,0.0001220703125,860.6645937500043,868.6798999999997,not_in_gurobi_pool,,1100000100100101110,00100000010000010,110000010010010111000100000010000010,128,8192,25,152,true,single,36,1.0e-10,64
VQE_reduced_surrogate,73002,3502,1,0.0001220703125,860.6645937500066,868.6798999999997,not_in_gurobi_pool,,1100100100100101110,00100000010000010,110010010010010111000100000010000010,128,8192,25,152,true,single,36,1.0e-10,64
VQE_reduced_surrogate,73002,3456,1,0.0001220703125,850.0785187499987,868.7808999999997,not_in_gurobi_pool,,1100110000101011110,00000000010101100,110011000010101111000000000010101100,128,8192,25,152,true,single,36,1.0e-10,64
VQE_reduced_surrogate,73002,3648,1,0.0001220703125,893.1223187500038,869.0763999999999,not_in_gurobi_pool,,1101101100000101101,00010101100000000,110110110000010110100010101100000000,128,8192,25,152,true,single,36,1.0e-10,64
VQE_reduced_surrogate,73002,3553,1,0.0001220703125,872.085168750001,869.4133999999999,not_in_gurobi_pool,,0101100001001110000,10100001010000000,010110000100111000010100001010000000,128,8192,25,152,true,single,36,1.0e-10,64
VQE_reduced_surrogate,73002,3554,1,0.0001220703125,872.2326687500106,869.5608999999997,not_in_gurobi_pool,,0010100110101101000,10100000010000000,001010011010110100010100000010000000,128,8192,25,152,true,single,36,1.0e-10,64
VQE_reduced_surrogate,73002,3503,1,0.0001220703125,861.632493749999,869.6477999999996,not_in_gurobi_pool,,0110010100101001101,00000000010111000,011001010010100110100000000010111000,128,8192,25,152,true,single,36,1.0e-10,64
VQE_reduced_surrogate,73002,3649,1,0.0001220703125,893.7163187499998,869.6704,not_in_gurobi_pool,,1101001000001001110,00010101100000110,110100100000100111000010101100000110,128,8192,25,152,true,single,36,1.0e-10,64
VQE_reduced_surrogate,73002,3608,1,0.0001220703125,883.1132437500075,869.7543999999997,not_in_gurobi_pool,,0011000100111011000,10100000000000000,001100010011101100010100000000000000,128,8192,25,152,true,single,36,1.0e-10,64
VQE_reduced_surrogate,73002,3558,1,0.0001220703125,872.6281687500054,869.9563999999996,not_in_gurobi_pool,,0011100101001011000,10100100010000000,001110010100101100010100100010000000,128,8192,25,152,true,single,36,1.0e-10,64
VQE_reduced_surrogate,73002,3506,1,0.0001220703125,862.0040937499984,870.0193999999999,not_in_gurobi_pool,,0011011110001100001,10000111000100000,001101111000110000110000111000100000,128,8192,25,152,true,single,36,1.0e-10,64
VQE_reduced_surrogate,73002,3562,1,0.0001220703125,872.9491687500035,870.2773999999997,not_in_gurobi_pool,,0011110010100001010,00000000000101110,001111001010000101000000000000101110,128,8192,25,152,true,single,36,1.0e-10,64
VQE_reduced_surrogate,73002,3508,1,0.0001220703125,862.2735937499929,870.2888999999998,not_in_gurobi_pool,,1100010010000011101,00000001011100000,110001001000001110100000001011100000,128,8192,25,152,true,single,36,1.0e-10,64
VQE_reduced_surrogate,73002,3610,1,0.0001220703125,883.7402437500061,870.3814,not_in_gurobi_pool,,1101100000011011100,00110001010000000,110110000001101110000110001010000000,128,8192,25,152,true,single,36,1.0e-10,64
VQE_reduced_surrogate,73002,3612,1,0.0001220703125,884.2072437500019,870.8483999999999,not_in_gurobi_pool,,0101101110000110001,10000101100000000,010110111000011000110000101100000000,128,8192,25,152,true,single,36,1.0e-10,64
VQE_reduced_surrogate,73002,3509,1,0.0001220703125,862.867593749995,870.8828999999996,not_in_gurobi_pool,,0100010010100101011,00000000010101010,010001001010010101100000000010101010,128,8192,25,152,true,single,36,1.0e-10,64
VQE_reduced_surrogate,73002,3510,1,0.0001220703125,862.8785937499968,870.8938999999996,not_in_gurobi_pool,,0010010010100101011,00000000010101010,001001001010010101100000000010101010,128,8192,25,152,true,single,36,1.0e-10,64
VQE_reduced_surrogate,73002,3511,1,0.0001220703125,862.965493749999,870.9807999999997,not_in_gurobi_pool,,0110110100101001110,00000000010111110,011011010010100111000000000010111110,128,8192,25,152,true,single,36,1.0e-10,64
VQE_reduced_surrogate,73002,3708,1,0.0001220703125,905.9303937499944,871.1973999999997,not_in_gurobi_pool,,0011100001101000000,10101000000000000,001110000110100000010101000000000000,128,8192,25,152,true,single,36,1.0e-10,64
VQE_reduced_surrogate,73002,3565,1,0.0001220703125,874.0631687500052,871.3913999999997,not_in_gurobi_pool,,0011111110001011000,10000111000100000,001111111000101100010000111000100000,128,8192,25,152,true,single,36,1.0e-10,64
VQE_reduced_surrogate,73002,3614,1,0.0001220703125,884.8677437500005,871.5088999999998,not_in_gurobi_pool,,1100101010101101001,10000001000000000,110010101010110100110000001000000000,128,8192,25,152,true,single,36,1.0e-10,64
VQE_reduced_surrogate,73002,3470,1,0.0001220703125,852.8275187499951,871.5298999999997,not_in_gurobi_pool,,1100010010101000100,00000000010101000,110001001010100010000000000010101000,128,8192,25,152,true,single,36,1.0e-10,64
VQE_reduced_surrogate,73002,3567,1,0.0001220703125,874.3611687500047,871.6893999999995,not_in_gurobi_pool,,1101001000101001100,00000001000000000,110100100010100110000000001000000000,128,8192,25,152,true,single,36,1.0e-10,64
VQE_reduced_surrogate,73002,3568,1,0.0001220703125,874.4381687499824,871.7663999999997,not_in_gurobi_pool,,1101000011000100001,10100001010000000,110100001100010000110100001010000000,128,8192,25,152,true,single,36,1.0e-10,64
VQE_reduced_surrogate,73002,3515,1,0.0001220703125,863.7790937500149,871.7944,not_in_gurobi_pool,,1101111010100010011,00000001000101101,110111101010001001100000001000101101,128,8192,25,152,true,single,36,1.0e-10,64
VQE_reduced_surrogate,73002,3516,1,0.0001220703125,864.2199937499986,872.2352999999999,not_in_gurobi_pool,,1111111000111001011,00000000000111110,111111100011100101100000000000111110,128,8192,25,152,true,single,36,1.0e-10,64
VQE_reduced_surrogate,73002,3518,1,0.0001220703125,864.2535937499952,872.2688999999996,not_in_gurobi_pool,,1100010010100100100,00000000010101000,110001001010010010000000000010101000,128,8192,25,152,true,single,36,1.0e-10,64
VQE_reduced_surrogate,73002,3519,1,0.0001220703125,864.2535937500029,872.2688999999996,not_in_gurobi_pool,,1100110010101100100,00000000010101000,110011001010110010000000000010101000,128,8192,25,152,true,single,36,1.0e-10,64
VQE_reduced_surrogate,73002,3417,1,0.0001220703125,843.01004375001,872.3994999999998,not_in_gurobi_pool,,1001001100100101101,00000101000000000,100100110010010110100000101000000000,128,8192,25,152,true,single,36,1.0e-10,64
VQE_reduced_surrogate,73002,3471,1,0.0001220703125,853.7591187500054,872.4614999999997,not_in_gurobi_pool,,1001111000101100110,00000101000001011,100111100010110011000000101000001011,128,8192,25,152,true,single,36,1.0e-10,64
VQE_reduced_surrogate,73002,3520,1,0.0001220703125,864.5144937499949,872.5298000000001,not_in_gurobi_pool,,0110111010000101011,00000101010110010,011011101000010101100000101010110010,128,8192,25,152,true,single,36,1.0e-10,64
VQE_reduced_surrogate,73002,3521,1,0.0001220703125,864.5560937500004,872.5713999999998,not_in_gurobi_pool,,0101010110001001100,00000001010100000,010101011000100110000000001010100000,128,8192,25,152,true,single,36,1.0e-10,64
VQE_reduced_surrogate,73002,3618,1,0.0001220703125,885.9728437499966,872.6139999999996,not_in_gurobi_pool,,0000000001101110000,11100000010000000,000000000110111000011100000010000000,128,8192,25,152,true,single,36,1.0e-10,64
VQE_reduced_surrogate,73002,3660,1,0.0001220703125,896.667318750003,872.6213999999997,not_in_gurobi_pool,,0101001110101000000,10001001000000000,010100111010100000010001001000000000,128,8192,25,152,true,single,36,1.0e-10,64
VQE_reduced_surrogate,73002,3522,1,0.0001220703125,864.6290937499975,872.6443999999997,not_in_gurobi_pool,,0011000110000000110,00100100010000111,001100011000000011000100100010000111,128,8192,25,152,true,single,36,1.0e-10,64
VQE_reduced_surrogate,73002,3474,1,0.0001220703125,854.5089187500027,873.2112999999996,not_in_gurobi_pool,,1111111110010100001,10000101000110000,111111111001010000110000101000110000,128,8192,25,152,true,single,36,1.0e-10,64
VQE_reduced_surrogate,73002,3525,1,0.0001220703125,865.265593749989,873.2808999999997,not_in_gurobi_pool,,1100010001000110101,00000001011100000,110001000100011010100000001011100000,128,8192,25,152,true,single,36,1.0e-10,64
VQE_reduced_surrogate,73002,3570,1,0.0001220703125,876.3041687500017,873.6324,not_in_gurobi_pool,,1101010100111101101,00000000000101000,110101010011110110100000000000101000,128,8192,25,152,true,single,36,1.0e-10,64
VQE_reduced_surrogate,73002,3526,1,0.0001220703125,865.6290937499921,873.6443999999999,not_in_gurobi_pool,,0011011101000010000,10000111000100000,001101110100001000010000111000100000,128,8192,25,152,true,single,36,1.0e-10,64
VQE_reduced_surrogate,73002,3527,1,0.0001220703125,865.696593749991,873.7118999999998,not_in_gurobi_pool,,1100010101000101100,00000001011100000,110001010100010110000000001011100000,128,8192,25,152,true,single,36,1.0e-10,64
VQE_reduced_surrogate,73002,3424,1,0.0001220703125,844.4160437500063,873.8054999999997,not_in_gurobi_pool,,1001100101000101101,00100101010000000,100110010100010110100100101010000000,128,8192,25,152,true,single,36,1.0e-10,64
VQE_reduced_surrogate,73002,3478,1,0.0001220703125,855.1531187500032,873.8554999999997,not_in_gurobi_pool,,1001111001101100001,10000101000001000,100111100110110000110000101000001000,128,8192,25,152,true,single,36,1.0e-10,64
VQE_reduced_surrogate,73002,3529,1,0.0001220703125,865.9715937499911,873.9868999999999,not_in_gurobi_pool,,0010010001100110011,00000000010101001,001001000110011001100000000010101001,128,8192,25,152,true,single,36,1.0e-10,64
VQE_reduced_surrogate,73002,3571,1,0.0001220703125,876.8056687500007,874.1338999999998,not_in_gurobi_pool,,1100000110101001110,00100000010000110,110000011010100111000100000010000110,128,8192,25,152,true,single,36,1.0e-10,64
VQE_reduced_surrogate,73002,3531,1,0.0001220703125,866.1530937500033,874.1683999999998,not_in_gurobi_pool,,0011111100101100100,00000100000101000,001111110010110010000000100000101000,128,8192,25,152,true,single,36,1.0e-10,64
VQE_reduced_surrogate,73002,3482,1,0.0001220703125,855.5639187499951,874.2662999999998,not_in_gurobi_pool,,1111100100110001111,00100000000100110,111110010011000111100100000000100110,128,8192,25,152,true,single,36,1.0e-10,64
VQE_reduced_surrogate,73002,3483,1,0.0001220703125,855.617518749993,874.3199,not_in_gurobi_pool,,1100011110010101000,10000101110100000,110001111001010100010000101110100000,128,8192,25,152,true,single,36,1.0e-10,64
VQE_reduced_surrogate,73002,3485,1,0.0001220703125,855.7375187499883,874.4398999999996,not_in_gurobi_pool,,1100011000011000110,00010101110100111,110001100001100011000010101110100111,128,8192,25,152,true,single,36,1.0e-10,64
VQE_reduced_surrogate,73002,3572,1,0.0001220703125,877.1127687499934,874.4409999999998,not_in_gurobi_pool,,1000011010000000110,01000111110000111,100001101000000011001000111110000111,128,8192,25,152,true,single,36,1.0e-10,64
VQE_reduced_surrogate,73002,3532,1,0.0001220703125,866.4664937500042,874.4817999999997,not_in_gurobi_pool,,0110010110110100000,10000000010111000,011001011011010000010000000010111000,128,8192,25,152,true,single,36,1.0e-10,64
VQE_reduced_surrogate,73002,3573,1,0.0001220703125,877.180668750002,874.5089,not_in_gurobi_pool,,0100111110101101000,10000001000101000,010011111010110100010000001000101000,128,8192,25,152,true,single,36,1.0e-10,64
VQE_reduced_surrogate,73002,3487,1,0.0001220703125,855.880418750002,874.5827999999997,not_in_gurobi_pool,,0110000110110010000,10100000010100000,011000011011001000010100000010100000,128,8192,25,152,true,single,36,1.0e-10,64
VQE_reduced_surrogate,73002,3574,1,0.0001220703125,877.2731687500084,874.6013999999997,not_in_gurobi_pool,,0101101100110101000,10000001000000000,010110110011010100010000001000000000,128,8192,25,152,true,single,36,1.0e-10,64
VQE_reduced_surrogate,73002,3575,1,0.0001220703125,877.3351687500012,874.6633999999996,not_in_gurobi_pool,,0011110110101000100,00000000000101000,001111011010100010000000000000101000,128,8192,25,152,true,single,36,1.0e-10,64
VQE_reduced_surrogate,73002,3626,1,0.0001220703125,888.0842437499919,874.7253999999996,not_in_gurobi_pool,,0011100100011011111,00110100010000100,001110010001101111100110100010000100,128,8192,25,152,true,single,36,1.0e-10,64
VQE_reduced_surrogate,73002,3578,1,0.0001220703125,877.5576687500006,874.8858999999998,not_in_gurobi_pool,,1100000010111111011,00100000010000000,110000001011111101100100000010000000,128,8192,25,152,true,single,36,1.0e-10,64
VQE_reduced_surrogate,73002,3488,1,0.0001220703125,856.3515187499813,875.0538999999997,not_in_gurobi_pool,,1100010001101000100,00000000010101000,110001000110100010000000000010101000,128,8192,25,152,true,single,36,1.0e-10,64
VQE_reduced_surrogate,73002,3534,1,0.0001220703125,867.1805937500003,875.1958999999999,not_in_gurobi_pool,,1100011001101010011,00000001000101101,110001100110101001100000001000101101,128,8192,25,152,true,single,36,1.0e-10,64
VQE_reduced_surrogate,73002,3678,1,0.0001220703125,899.2617187499895,875.2157999999996,not_in_gurobi_pool,,0110110011000001001,10000000011110000,011011001100000100110000000011110000,128,8192,25,152,true,single,36,1.0e-10,64
VQE_reduced_surrogate,73002,3679,1,0.0001220703125,899.2859187500094,875.2399999999997,not_in_gurobi_pool,,0000010010101100100,01000000010001000,000001001010110010001000000010001000,128,8192,25,152,true,single,36,1.0e-10,64
VQE_reduced_surrogate,73002,3579,1,0.0001220703125,877.9122687500005,875.2404999999994,not_in_gurobi_pool,,1001101010001101101,00000111100000000,100110101000110110100000111100000000,128,8192,25,152,true,single,36,1.0e-10,64
VQE_reduced_surrogate,73002,3680,1,0.0001220703125,899.4667187499988,875.4207999999998,not_in_gurobi_pool,,0110111000110110011,00000000000111001,011011100011011001100000000000111001,128,8192,25,152,true,single,36,1.0e-10,64
VQE_reduced_surrogate,73002,3580,1,0.0001220703125,878.5656687499948,875.8938999999996,not_in_gurobi_pool,,1100100001101010100,00100000010000000,110010000110101010000100000010000000,128,8192,25,152,true,single,36,1.0e-10,64
VQE_reduced_surrogate,73002,3628,1,0.0001220703125,889.2663437500146,875.9074999999997,not_in_gurobi_pool,,0001100110110011000,10100000000000000,000110011011001100010100000000000000,128,8192,25,152,true,single,36,1.0e-10,64
VQE_reduced_surrogate,73002,3581,1,0.0001220703125,878.6271687500005,875.9553999999996,not_in_gurobi_pool,,0101000100111000110,00100000000000111,010100010011100011000100000000000111,128,8192,25,152,true,single,36,1.0e-10,64
VQE_reduced_surrogate,73002,3536,1,0.0001220703125,868.0335937499965,876.0489,not_in_gurobi_pool,,1100101010001110110,00000101110000001,110010101000111011000000101110000001,128,8192,25,152,true,single,36,1.0e-10,64
VQE_reduced_surrogate,73002,3684,1,0.0001220703125,900.1913187499915,876.1453999999998,not_in_gurobi_pool,,0101001101101000000,10001001000000000,010100110110100000010001001000000000,128,8192,25,152,true,single,36,1.0e-10,64
VQE_reduced_surrogate,73002,3585,1,0.0001220703125,878.8831687499844,876.2113999999999,not_in_gurobi_pool,,0011000011000010011,00100100010000101,001100001100001001100100100010000101,128,8192,25,152,true,single,36,1.0e-10,64
VQE_reduced_surrogate,73002,3586,1,0.0001220703125,878.9526687499961,876.2808999999997,not_in_gurobi_pool,,0100000101000110101,00100001011000000,010000010100011010100100001011000000,128,8192,25,152,true,single,36,1.0e-10,64
VQE_reduced_surrogate,73002,3491,1,0.0001220703125,857.8075187500051,876.5098999999997,not_in_gurobi_pool,,0100110000110101100,00000000010101000,010011000011010110000000000010101000,128,8192,25,152,true,single,36,1.0e-10,64
VQE_reduced_surrogate,73002,3587,1,0.0001220703125,879.2470687499997,876.5752999999996,not_in_gurobi_pool,,1111110110010100110,00000000010110011,111111011001010011000000000010110011,128,8192,25,152,true,single,36,1.0e-10,64
VQE_reduced_surrogate,73002,3537,1,0.0001220703125,868.6475937499922,876.6628999999996,not_in_gurobi_pool,,0010111000111111011,00000100000101000,001011100011111101100000100000101000,128,8192,25,152,true,single,36,1.0e-10,64
VQE_reduced_surrogate,73002,3588,1,0.0001220703125,879.4047687499992,876.7329999999997,not_in_gurobi_pool,,0000111001100100001,11000101000001000,000011100110010000111000101000001000,128,8192,25,152,true,single,36,1.0e-10,64
VQE_reduced_surrogate,73002,3589,1,0.0001220703125,879.404768750001,876.7329999999997,not_in_gurobi_pool,,0000111001100100000,11000101000001000,000011100110010000011000101000001000,128,8192,25,152,true,single,36,1.0e-10,64
VQE_reduced_surrogate,73002,3688,1,0.0001220703125,900.7813187499955,876.7353999999998,not_in_gurobi_pool,,0011100110100100111,00100000000000011,001110011010010011100100000000000011,128,8192,25,152,true,single,36,1.0e-10,64
VQE_reduced_surrogate,73002,3590,1,0.0001220703125,879.4956687500085,876.8238999999999,not_in_gurobi_pool,,0010000101001011101,00100100011000000,001000010100101110100100100011000000,128,8192,25,152,true,single,36,1.0e-10,64
VQE_reduced_surrogate,73002,3538,1,0.0001220703125,868.8475937499875,876.8628999999996,not_in_gurobi_pool,,0100111001100010000,10000001000101000,010011100110001000010000001000101000,128,8192,25,152,true,single,36,1.0e-10,64
VQE_reduced_surrogate,73002,3539,1,0.0001220703125,868.8800937500007,876.8953999999999,not_in_gurobi_pool,,0011111101100100000,10000100000101000,001111110110010000010000100000101000,128,8192,25,152,true,single,36,1.0e-10,64
VQE_reduced_surrogate,73002,3591,1,0.0001220703125,879.6210687500165,876.9493000000001,not_in_gurobi_pool,,0111110101011110011,00000000010110001,011111010101111001100000000010110001,128,8192,25,152,true,single,36,1.0e-10,64
VQE_reduced_surrogate,73002,3593,1,0.0001220703125,880.022168750005,877.3503999999998,not_in_gurobi_pool,,1101111110101100101,00000001000101000,110111111010110010100000001000101000,128,8192,25,152,true,single,36,1.0e-10,64
VQE_reduced_surrogate,73002,3595,1,0.0001220703125,880.0531687500047,877.3813999999998,not_in_gurobi_pool,,0011010111001101011,00000100010100010,001101011100110101100000100010100010,128,8192,25,152,true,single,36,1.0e-10,64
VQE_reduced_surrogate,73002,3596,1,0.0001220703125,880.1541687500021,877.4823999999999,not_in_gurobi_pool,,0011010111001011011,00000100010100100,001101011100101101100000100010100100,128,8192,25,152,true,single,36,1.0e-10,64
VQE_reduced_surrogate,73002,3635,1,0.0001220703125,890.9022437500009,877.5433999999996,not_in_gurobi_pool,,0101001110011011000,10000101100000000,010100111001101100010000101100000000,128,8192,25,152,true,single,36,1.0e-10,64
VQE_reduced_surrogate,73002,3597,1,0.0001220703125,880.2451687499954,877.5733999999998,not_in_gurobi_pool,,0011111100011000110,00010111000100111,001111110001100011000010111000100111,128,8192,25,152,true,single,36,1.0e-10,64
VQE_reduced_surrogate,73002,3638,1,0.0001220703125,891.0307437500048,877.6718999999998,not_in_gurobi_pool,,1100101010110101000,10000001000000000,110010101011010100010000001000000000,128,8192,25,152,true,single,36,1.0e-10,64
VQE_reduced_surrogate,73002,3598,1,0.0001220703125,880.4316687500061,877.7599,not_in_gurobi_pool,,1100011110101001101,00000001000101000,110001111010100110100000001000101000,128,8192,25,152,true,single,36,1.0e-10,64
VQE_reduced_surrogate,73002,3494,1,0.0001220703125,859.0895187499966,877.7918999999997,not_in_gurobi_pool,,1100011000111000110,00000001000101111,110001100011100011000000001000101111,128,8192,25,152,true,single,36,1.0e-10,64
VQE_reduced_surrogate,73002,3693,1,0.0001220703125,901.8707187500067,877.8248,not_in_gurobi_pool,,1110010110011011110,00000000011110100,111001011001101111000000000011110100,128,8192,25,152,true,single,36,1.0e-10,64
VQE_reduced_surrogate,73002,3641,1,0.0001220703125,891.254243750006,877.8953999999999,not_in_gurobi_pool,,1101101110110011000,10000001000000000,110110111011001100010000001000000000,128,8192,25,152,true,single,36,1.0e-10,64
VQE_reduced_surrogate,73002,3544,1,0.0001220703125,869.9819937500001,877.9972999999998,not_in_gurobi_pool,,1111101010111010011,00000000000100101,111110101011101001100000000000100101,128,8192,25,152,true,single,36,1.0e-10,64
VQE_reduced_surrogate,73002,3498,1,0.0001220703125,859.3345187500026,878.0368999999998,not_in_gurobi_pool,,1100011011001010011,00000101110100101,110001101100101001100000101110100101,128,8192,25,152,true,single,36,1.0e-10,64
VQE_reduced_surrogate,73002,3545,1,0.0001220703125,870.1015937499926,878.1168999999995,not_in_gurobi_pool,,0100111100010101101,00010101110100000,010011110001010110100010101110100000,128,8192,25,152,true,single,36,1.0e-10,64
VQE_reduced_surrogate,73002,3546,1,0.0001220703125,870.1015937499933,878.1168999999995,not_in_gurobi_pool,,0100111000011101101,00010101110100000,010011100001110110100010101110100000,128,8192,25,152,true,single,36,1.0e-10,64
VQE_reduced_surrogate,73002,3600,1,0.0001220703125,880.7887687499933,878.1169999999997,not_in_gurobi_pool,,0000010001000011110,01000101011000100,000001000100001111001000101011000100,128,8192,25,152,true,single,36,1.0e-10,64
VQE_reduced_surrogate,73002,3547,1,0.0001220703125,870.2025937499943,878.2178999999996,not_in_gurobi_pool,,0100111000011011101,00010101110100000,010011100001101110100010101110100000,128,8192,25,152,true,single,36,1.0e-10,64
VQE_reduced_surrogate,73002,3601,1,0.0001220703125,881.0271687500024,878.3553999999997,not_in_gurobi_pool,,0011111010010110011,00000111000100001,001111101001011001100000111000100001,128,8192,25,152,true,single,36,1.0e-10,64
VQE_reduced_surrogate,73002,3604,1,0.0001220703125,881.606668750004,878.9348999999997,not_in_gurobi_pool,,0100111001101110011,00000001000101001,010011100110111001100000001000101001,128,8192,25,152,true,single,36,1.0e-10,64
VQE_reduced_surrogate,73002,3645,1,0.0001220703125,892.5412437499963,879.1823999999997,not_in_gurobi_pool,,0011101110000110111,00000111000000001,001110111000011011100000111000000001,128,8192,25,152,true,single,36,1.0e-10,64
VQE_reduced_surrogate,73002,3646,1,0.0001220703125,892.5747437499995,879.2158999999996,not_in_gurobi_pool,,1100101111101000001,10001001000000000,110010111110100000110001001000000000,128,8192,25,152,true,single,36,1.0e-10,64
VQE_reduced_surrogate,73002,3605,1,0.0001220703125,881.9086687500021,879.2368999999998,not_in_gurobi_pool,,0100100101110101001,10100000010000000,010010010111010100110100000010000000,128,8192,25,152,true,single,36,1.0e-10,64
VQE_reduced_surrogate,73002,3548,1,0.0001220703125,871.2565937500005,879.2718999999997,not_in_gurobi_pool,,1100110110110110100,00000000010101000,110011011011011010000000000010101000,128,8192,25,152,true,single,36,1.0e-10,64
VQE_reduced_surrogate,73002,3550,1,0.0001220703125,871.3555937499916,879.3708999999999,not_in_gurobi_pool,,1100111000111110110,00000001000101001,110011100011111011000000001000101001,128,8192,25,152,true,single,36,1.0e-10,64
VQE_reduced_surrogate,73002,3455,1,0.0001220703125,850.0514437500033,879.4408999999998,not_in_gurobi_pool,,0010110111101010011,00000000010101101,001011011110101001100000000010101101,128,8192,25,152,true,single,36,1.0e-10,64
VQE_reduced_surrogate,73002,3821,1,0.0001220703125,925.454868749998,880.0347999999997,not_in_gurobi_pool,,0110011110111000011,00001000000111111,011001111011100001100001000000111111,128,8192,25,152,true,single,36,1.0e-10,64
VQE_reduced_surrogate,73002,3607,1,0.0001220703125,882.9236687500058,880.2518999999998,not_in_gurobi_pool,,0010011110111110000,10000100000101000,001001111011111000010000100000101000,128,8192,25,152,true,single,36,1.0e-10,64
VQE_reduced_surrogate,73002,3753,1,0.0001220703125,915.0007937500025,880.2677999999997,not_in_gurobi_pool,,0110111110100100101,00000000000111000,011011111010010010100000000000111000,128,8192,25,152,true,single,36,1.0e-10,64
VQE_reduced_surrogate,73002,3555,1,0.0001220703125,872.594493750006,880.6097999999997,not_in_gurobi_pool,,0110000001111101011,00100000010100010,011000000111110101100100000010100010,128,8192,25,152,true,single,36,1.0e-10,64
VQE_reduced_surrogate,73002,3458,1,0.0001220703125,851.2434437499926,880.6328999999996,not_in_gurobi_pool,,1100011010011000110,00000101110100111,110001101001100011000000101110100111,128,8192,25,152,true,single,36,1.0e-10,64
VQE_reduced_surrogate,73002,3559,1,0.0001220703125,872.6396937500033,880.655,not_in_gurobi_pool,,0000100110010101110,01100101011000010,000010011001010111001100101011000010,128,8192,25,152,true,single,36,1.0e-10,64
VQE_reduced_surrogate,73002,3652,1,0.0001220703125,894.1906437499986,880.8317999999999,not_in_gurobi_pool,,0110111000110000110,00000000000111111,011011100011000011000000000000111111,128,8192,25,152,true,single,36,1.0e-10,64
VQE_reduced_surrogate,73002,3561,1,0.0001220703125,872.8990937499987,880.9143999999997,not_in_gurobi_pool,,0101001100111000110,00000001000000111,010100110011100011000000001000000111,128,8192,25,152,true,single,36,1.0e-10,64
VQE_reduced_surrogate,73002,3655,1,0.0001220703125,894.4372437500062,881.0783999999999,not_in_gurobi_pool,,0011001101011011000,10000111000000000,001100110101101100010000111000000000,128,8192,25,152,true,single,36,1.0e-10,64
VQE_reduced_surrogate,73002,3563,1,0.0001220703125,873.2725937500015,881.2878999999998,not_in_gurobi_pool,,1100001111100100011,00000001000000011,110000111110010001100000001000000011,128,8192,25,152,true,single,36,1.0e-10,64
VQE_reduced_surrogate,73002,3564,1,0.0001220703125,873.5155937499972,881.5308999999997,not_in_gurobi_pool,,0100011000110100110,00000001000101011,010001100011010011000000001000101011,128,8192,25,152,true,single,36,1.0e-10,64
VQE_reduced_surrogate,73002,3656,1,0.0001220703125,894.8922437499991,881.5333999999998,not_in_gurobi_pool,,1101101010011011100,00000101100000000,110110101001101110000000101100000000,128,8192,25,152,true,single,36,1.0e-10,64
VQE_reduced_surrogate,73002,3657,1,0.0001220703125,894.903243749998,881.5443999999998,not_in_gurobi_pool,,1011001110011011101,00000111000000000,101100111001101110100000111000000000,128,8192,25,152,true,single,36,1.0e-10,64
VQE_reduced_surrogate,73002,3465,1,0.0001220703125,852.2108437499983,881.6003000000003,not_in_gurobi_pool,,0111101101010001011,00000101000100110,011110110101000101100000101000100110,128,8192,25,152,true,single,36,1.0e-10,64
VQE_reduced_surrogate,73002,3761,1,0.0001220703125,916.3337937500012,881.6007999999998,not_in_gurobi_pool,,0110111110100100111,00000000000111011,011011111010010011100000000000111011,128,8192,25,152,true,single,36,1.0e-10,64
VQE_reduced_surrogate,73002,3658,1,0.0001220703125,895.0142437500026,881.6553999999996,not_in_gurobi_pool,,0101010110111010100,00000000000101000,010101011011101010000000000000101000,128,8192,25,152,true,single,36,1.0e-10,64
VQE_reduced_surrogate,73002,3707,1,0.0001220703125,905.7123187500088,881.6663999999996,not_in_gurobi_pool,,0011100010111010100,00100000000000000,001110001011101010000100000000000000,128,8192,25,152,true,single,36,1.0e-10,64
VQE_reduced_surrogate,73002,3706,1,0.0001220703125,905.7123187500058,881.6663999999998,not_in_gurobi_pool,,0011000110111010100,00100000000000000,001100011011101010000100000000000000,128,8192,25,152,true,single,36,1.0e-10,64
VQE_reduced_surrogate,73002,3512,1,0.0001220703125,862.9685187499979,881.6708999999998,not_in_gurobi_pool,,0100111101000101101,00000101110100000,010011110100010110100000101110100000,128,8192,25,152,true,single,36,1.0e-10,64
VQE_reduced_surrogate,73002,3466,1,0.0001220703125,852.3014437500044,881.6908999999996,not_in_gurobi_pool,,1100010111110001001,10000000010101000,110001011111000100110000000010101000,128,8192,25,152,true,single,36,1.0e-10,64
VQE_reduced_surrogate,73002,3513,1,0.0001220703125,863.0305187499978,881.7328999999997,not_in_gurobi_pool,,0100111001001100110,00000101110100011,010011100100110011000000101110100011,128,8192,25,152,true,single,36,1.0e-10,64
VQE_reduced_surrogate,73002,3659,1,0.0001220703125,895.1853437500079,881.8264999999997,not_in_gurobi_pool,,0001111001001100110,00000111100000011,000111100100110011000000111100000011,128,8192,25,152,true,single,36,1.0e-10,64
VQE_reduced_surrogate,73002,3711,1,0.0001220703125,906.1433187500077,882.0973999999999,not_in_gurobi_pool,,0011000110111001100,00100000000000000,001100011011100110000100000000000000,128,8192,25,152,true,single,36,1.0e-10,64
VQE_reduced_surrogate,73002,3615,1,0.0001220703125,884.8786687499951,882.2068999999999,not_in_gurobi_pool,,0100101011000101010,00000101110000010,010010101100010101000000101110000010,128,8192,25,152,true,single,36,1.0e-10,64
VQE_reduced_surrogate,73002,3514,1,0.0001220703125,863.5625187499961,882.2648999999999,not_in_gurobi_pool,,0100111001001001110,00000101110100110,010011100100100111000000101110100110,128,8192,25,152,true,single,36,1.0e-10,64
VQE_reduced_surrogate,73002,3616,1,0.0001220703125,885.288668750002,882.6169,not_in_gurobi_pool,,1100111101101001110,00000001000101110,110011110110100111000000001000101110,128,8192,25,152,true,single,36,1.0e-10,64
VQE_reduced_surrogate,73002,3715,1,0.0001220703125,906.7199187500016,882.6739999999998,not_in_gurobi_pool,,0000110110110101100,01000000010001000,000011011011010110001000000010001000,128,8192,25,152,true,single,36,1.0e-10,64
VQE_reduced_surrogate,73002,3569,1,0.0001220703125,874.9095937499912,882.9248999999995,not_in_gurobi_pool,,0100011001111100000,10000001000101000,010001100111110000010000001000101000,128,8192,25,152,true,single,36,1.0e-10,64
VQE_reduced_surrogate,73002,3617,1,0.0001220703125,885.7081687499888,883.0363999999995,not_in_gurobi_pool,,0011001100111011111,00000100000000100,001100110011101111100000100000000100,128,8192,25,152,true,single,36,1.0e-10,64
VQE_reduced_surrogate,73002,3661,1,0.0001220703125,896.9348437499953,883.5759999999996,not_in_gurobi_pool,,0000100110111110110,01100000010000001,000010011011111011001100000010000001,128,8192,25,152,true,single,36,1.0e-10,64
VQE_reduced_surrogate,73002,3619,1,0.0001220703125,886.3656687499963,883.6938999999998,not_in_gurobi_pool,,1100001011001010101,00000101110000000,110000101100101010100000101110000000,128,8192,25,152,true,single,36,1.0e-10,64
VQE_reduced_surrogate,73002,3662,1,0.0001220703125,897.2088437499992,883.8499999999999,not_in_gurobi_pool,,0000111110010110100,01000111110000000,000011111001011010001000111110000000,128,8192,25,152,true,single,36,1.0e-10,64
VQE_reduced_surrogate,73002,3620,1,0.0001220703125,886.7966687499904,884.1248999999998,not_in_gurobi_pool,,1100001011000001100,00000101110000000,110000101100000110000000101110000000,128,8192,25,152,true,single,36,1.0e-10,64
VQE_reduced_surrogate,73002,3666,1,0.0001220703125,897.5893437499849,884.2304999999998,not_in_gurobi_pool,,0001100110111011110,00100000000000100,000110011011101111000100000000000100,128,8192,25,152,true,single,36,1.0e-10,64
VQE_reduced_surrogate,73002,3621,1,0.0001220703125,887.3956687500038,884.7238999999997,not_in_gurobi_pool,,1100011010110100111,00000001000101011,110001101011010011100000001000101011,128,8192,25,152,true,single,36,1.0e-10,64
VQE_reduced_surrogate,73002,3530,1,0.0001220703125,866.0886187500039,884.7909999999999,not_in_gurobi_pool,,0000101111101001011,01000101000000110,000010111110100101101000101000000110,128,8192,25,152,true,single,36,1.0e-10,64
VQE_reduced_surrogate,73002,3671,1,0.0001220703125,898.4256437499939,885.0667999999997,not_in_gurobi_pool,,0110111011010000001,10001101010110000,011011101101000000110001101010110000,128,8192,25,152,true,single,36,1.0e-10,64
VQE_reduced_surrogate,73002,3623,1,0.0001220703125,887.7385687499861,885.0668000000001,not_in_gurobi_pool,,0110001011011000001,10001101010100000,011000101101100000110001101010100000,128,8192,25,152,true,single,36,1.0e-10,64
VQE_reduced_surrogate,73002,3672,1,0.0001220703125,898.4482437499958,885.0893999999996,not_in_gurobi_pool,,0011110001111100100,00000000000101000,001111000111110010000000000000101000,128,8192,25,152,true,single,36,1.0e-10,64
VQE_reduced_surrogate,73002,3624,1,0.0001220703125,887.7696687500006,885.0978999999998,not_in_gurobi_pool,,0100111001110110011,00000001000101001,010011100111011001100000001000101001,128,8192,25,152,true,single,36,1.0e-10,64
VQE_reduced_surrogate,73002,3625,1,0.0001220703125,887.780668750001,885.1088999999997,not_in_gurobi_pool,,0010111001110110011,00000100000101001,001011100111011001100000100000101001,128,8192,25,152,true,single,36,1.0e-10,64
VQE_reduced_surrogate,73002,3533,1,0.0001220703125,866.5494187499901,885.2518000000002,not_in_gurobi_pool,,0110101110011110110,00000101010100001,011010111001111011000000101010100001,128,8192,25,152,true,single,36,1.0e-10,64
VQE_reduced_surrogate,73002,3627,1,0.0001220703125,888.0900687499905,885.4183,not_in_gurobi_pool,,1111101110110001111,00000000000100110,111110111011000111100000000000100110,128,8192,25,152,true,single,36,1.0e-10,64
VQE_reduced_surrogate,73002,3576,1,0.0001220703125,877.4425937500007,885.4578999999997,not_in_gurobi_pool,,1100111111001001110,00000101110100110,110011111100100111000000101110100110,128,8192,25,152,true,single,36,1.0e-10,64
VQE_reduced_surrogate,73002,3577,1,0.0001220703125,877.4524937500064,885.4678,not_in_gurobi_pool,,1110011001010001111,00000101010110110,111001100101000111100000101010110110,128,8192,25,152,true,single,36,1.0e-10,64
VQE_reduced_surrogate,73002,3674,1,0.0001220703125,898.8588437500052,885.4999999999998,not_in_gurobi_pool,,0000111001110101011,01000101000001010,000011100111010101101000101000001010,128,8192,25,152,true,single,36,1.0e-10,64
VQE_reduced_surrogate,73002,3675,1,0.0001220703125,898.969243749998,885.6103999999996,not_in_gurobi_pool,,0101010101111001100,00000000000101000,010101010111100110000000000000101000,128,8192,25,152,true,single,36,1.0e-10,64
VQE_reduced_surrogate,73002,3676,1,0.0001220703125,899.1242437499789,885.7653999999998,not_in_gurobi_pool,,0101101110011101110,00000101100000010,010110111001110111000000101100000010,128,8192,25,152,true,single,36,1.0e-10,64
VQE_reduced_surrogate,73002,3677,1,0.0001220703125,899.2362437499876,885.8773999999999,not_in_gurobi_pool,,0011001110011011111,00000111000000100,001100111001101111100000111000000100,128,8192,25,152,true,single,36,1.0e-10,64
VQE_reduced_surrogate,73002,3535,1,0.0001220703125,867.4155187500016,886.1178999999997,not_in_gurobi_pool,,1100111111110100000,10000001000101000,110011111111010000010000001000101000,128,8192,25,152,true,single,36,1.0e-10,64
VQE_reduced_surrogate,73002,3683,1,0.0001220703125,900.0238437500032,886.665,not_in_gurobi_pool,,0000101011001010101,01000111110000000,000010101100101010101000111110000000,128,8192,25,152,true,single,36,1.0e-10,64
VQE_reduced_surrogate,73002,3685,1,0.0001220703125,900.2153437500028,886.8564999999999,not_in_gurobi_pool,,0001110111110101011,00000000000001010,000111011111010101100000000000001010,128,8192,25,152,true,single,36,1.0e-10,64
VQE_reduced_surrogate,73002,3730,1,0.0001220703125,911.0003187499981,886.9543999999999,not_in_gurobi_pool,,0011100101110001110,00100000000000110,001110010111000111000100000000000110,128,8192,25,152,true,single,36,1.0e-10,64
VQE_reduced_surrogate,73002,3686,1,0.0001220703125,900.4042437500018,887.0453999999997,not_in_gurobi_pool,,0101001110111001100,00000001000000000,010100111011100110000000001000000000,128,8192,25,152,true,single,36,1.0e-10,64
VQE_reduced_surrogate,73002,3687,1,0.0001220703125,900.415243750014,887.0563999999997,not_in_gurobi_pool,,0011001110110001100,00000100000000000,001100111011000110000000100000000000,128,8192,25,152,true,single,36,1.0e-10,64
VQE_reduced_surrogate,73002,3690,1,0.0001220703125,901.1133437499964,887.7544999999996,not_in_gurobi_pool,,0001100001110011111,00100000000000100,000110000111001111100100000000000100,128,8192,25,152,true,single,36,1.0e-10,64
VQE_reduced_surrogate,73002,3540,1,0.0001220703125,869.0531187499905,887.7554999999998,not_in_gurobi_pool,,0001101110110101101,00000101000000000,000110111011010110100000101000000000,128,8192,25,152,true,single,36,1.0e-10,64
VQE_reduced_surrogate,73002,3541,1,0.0001220703125,869.053118749991,887.7554999999998,not_in_gurobi_pool,,0001101110111101100,00000101000000000,000110111011110110000000101000000000,128,8192,25,152,true,single,36,1.0e-10,64
VQE_reduced_surrogate,73002,3691,1,0.0001220703125,901.12174375,887.7628999999997,not_in_gurobi_pool,,0100101110110011100,00000001000000000,010010111011001110000000001000000000,128,8192,25,152,true,single,36,1.0e-10,64
VQE_reduced_surrogate,73002,3542,1,0.0001220703125,869.1541187499915,887.8564999999999,not_in_gurobi_pool,,0001101110110011101,00000101000000000,000110111011001110100000101000000000,128,8192,25,152,true,single,36,1.0e-10,64
VQE_reduced_surrogate,73002,3808,1,0.0001220703125,922.5977937500024,887.8648,not_in_gurobi_pool,,0110111110110010110,00000000000111101,011011111011001011000000000000111101,128,8192,25,152,true,single,36,1.0e-10,64
VQE_reduced_surrogate,73002,3592,1,0.0001220703125,879.9675937500044,887.9829000000002,not_in_gurobi_pool,,1100101011110001011,00000001000000110,110010101111000101100000001000000110,128,8192,25,152,true,single,36,1.0e-10,64
VQE_reduced_surrogate,73002,3636,1,0.0001220703125,890.9196687500082,888.2478999999996,not_in_gurobi_pool,,1100011001111100111,00000001000101011,110001100111110011100000001000101011,128,8192,25,152,true,single,36,1.0e-10,64
VQE_reduced_surrogate,73002,3637,1,0.0001220703125,890.9196687500032,888.2478999999996,not_in_gurobi_pool,,1100011001110100111,00000001000101011,110001100111010011100000001000101011,128,8192,25,152,true,single,36,1.0e-10,64
VQE_reduced_surrogate,73002,3738,1,0.0001220703125,912.3869187500022,888.3409999999997,not_in_gurobi_pool,,0000111011010101011,01000111110000010,000011101101010101101000111110000010,128,8192,25,152,true,single,36,1.0e-10,64
VQE_reduced_surrogate,73002,3739,1,0.0001220703125,912.4767187500001,888.4307999999997,not_in_gurobi_pool,,0110110011010000110,00000000011110111,011011001101000011000000000011110111,128,8192,25,152,true,single,36,1.0e-10,64
VQE_reduced_surrogate,73002,3694,1,0.0001220703125,901.8803437500051,888.5214999999998,not_in_gurobi_pool,,0001011001011001110,00000111100000110,000101100101100111000000111100000110,128,8192,25,152,true,single,36,1.0e-10,64
VQE_reduced_surrogate,73002,3639,1,0.0001220703125,891.2067687499953,888.5349999999999,not_in_gurobi_pool,,0000101110110110110,01000101000000001,000010111011011011001000101000000001,128,8192,25,152,true,single,36,1.0e-10,64
VQE_reduced_surrogate,73002,3640,1,0.0001220703125,891.2067687499989,888.5349999999999,not_in_gurobi_pool,,0000001110110110110,01000101000000001,000000111011011011001000101000000001,128,8192,25,152,true,single,36,1.0e-10,64
VQE_reduced_surrogate,73002,3643,1,0.0001220703125,891.574168750001,888.9023999999997,not_in_gurobi_pool,,1101111001110001111,00000001000101110,110111100111000111100000001000101110,128,8192,25,152,true,single,36,1.0e-10,64
VQE_reduced_surrogate,73002,3603,1,0.0001220703125,881.2924937500056,889.3077999999999,not_in_gurobi_pool,,0110111101010011111,00000101010110100,011011110101001111100000101010110100,128,8192,25,152,true,single,36,1.0e-10,64
VQE_reduced_surrogate,73002,3699,1,0.0001220703125,903.4072437500049,890.0483999999997,not_in_gurobi_pool,,0011101001110100100,00000100000000000,001110100111010010000000100000000000,128,8192,25,152,true,single,36,1.0e-10,64
VQE_reduced_surrogate,73002,3701,1,0.0001220703125,903.8312437499956,890.4723999999997,not_in_gurobi_pool,,1101101011011000110,00000101100000111,110110101101100011000000101100000111,128,8192,25,152,true,single,36,1.0e-10,64
VQE_reduced_surrogate,73002,3654,1,0.0001220703125,894.3936687499938,891.7219,not_in_gurobi_pool,,0100101111110101011,00000001000000010,010010111111010101100000001000000010,128,8192,25,152,true,single,36,1.0e-10,64
VQE_reduced_surrogate,73002,3613,1,0.0001220703125,884.3535937499992,892.3688999999997,not_in_gurobi_pool,,1100101011111000101,00000001000000000,110010101111100010100000001000000000,128,8192,25,152,true,single,36,1.0e-10,64
VQE_reduced_surrogate,73002,3763,1,0.0001220703125,916.5283187499808,892.4823999999999,not_in_gurobi_pool,,1101101111011101110,00000101100000010,110110111101110111000000101100000010,128,8192,25,152,true,single,36,1.0e-10,64
VQE_reduced_surrogate,73002,3766,1,0.0001220703125,916.9353187500053,892.8893999999998,not_in_gurobi_pool,,0011001111010100100,00000111000000000,001100111101010010000000111000000000,128,8192,25,152,true,single,36,1.0e-10,64
VQE_reduced_surrogate,73002,3719,1,0.0001220703125,907.4578437499986,894.0989999999997,not_in_gurobi_pool,,0000101111011011100,01000111110000000,000010111101101110001000111110000000,128,8192,25,152,true,single,36,1.0e-10,64
VQE_reduced_surrogate,73002,3556,1,0.0001220703125,872.6071437500007,901.9965999999997,not_in_gurobi_pool,,1111100100100100000,10100000000100000,111110010010010000010100000000100000,128,8192,25,152,true,single,36,1.0e-10,64
VQE_reduced_surrogate,73002,3557,1,0.0001220703125,872.6071437499975,901.9965999999997,not_in_gurobi_pool,,1111100100101100001,10100000000100000,111110010010110000110100000000100000,128,8192,25,152,true,single,36,1.0e-10,64
VQE_reduced_surrogate,73002,3560,1,0.0001220703125,872.7081437499967,902.0975999999996,not_in_gurobi_pool,,1111100100101010000,10100000000100000,111110010010101000010100000000100000,128,8192,25,152,true,single,36,1.0e-10,64
VQE_reduced_surrogate,73002,3664,1,0.0001220703125,897.2628937499949,905.2781999999997,not_in_gurobi_pool,,1100000000100111011,00100000010000000,110000000010011101100100000010000000,128,8192,25,152,true,single,36,1.0e-10,64
VQE_reduced_surrogate,73002,3723,1,0.0001220703125,908.3063687500035,905.6345999999999,not_in_gurobi_pool,,1111100100000100101,00110000010100000,111110010000010010100110000010100000,128,8192,25,152,true,single,36,1.0e-10,64
VQE_reduced_surrogate,73002,3669,1,0.0001220703125,898.2307937500016,906.2460999999995,not_in_gurobi_pool,,0110110100100011000,10000000010111000,011011010010001100010000000010111000,128,8192,25,152,true,single,36,1.0e-10,64
VQE_reduced_surrogate,73002,3622,1,0.0001220703125,887.7282187499959,906.4305999999999,not_in_gurobi_pool,,0111110100101010011,00000000000111101,011111010010101001100000000000111101,128,8192,25,152,true,single,36,1.0e-10,64
VQE_reduced_surrogate,73002,3787,1,0.0001220703125,920.1919437499844,906.8330999999997,not_in_gurobi_pool,,1110011000100100000,10000000000111000,111001100010010000010000000000111000,128,8192,25,152,true,single,36,1.0e-10,64
VQE_reduced_surrogate,73002,3789,1,0.0001220703125,920.4574437499953,907.0985999999995,not_in_gurobi_pool,,0111110110001000000,10001000010110000,011111011000100000010001000010110000,128,8192,25,152,true,single,36,1.0e-10,64
VQE_reduced_surrogate,73002,3681,1,0.0001220703125,899.6968937499901,907.7121999999997,not_in_gurobi_pool,,0100011100000101000,10010101110100000,010001110000010100010010101110100000,128,8192,25,152,true,single,36,1.0e-10,64
VQE_reduced_surrogate,73002,3794,1,0.0001220703125,921.1265437500065,907.7676999999996,not_in_gurobi_pool,,1101100000000110110,00110001010000001,110110000000011011000110001010000001,128,8192,25,152,true,single,36,1.0e-10,64
VQE_reduced_surrogate,73002,3630,1,0.0001220703125,889.4572187499994,908.1595999999994,not_in_gurobi_pool,,1111110000110100001,10000000000111000,111111000011010000110000000000111000,128,8192,25,152,true,single,36,1.0e-10,64
VQE_reduced_surrogate,73002,3584,1,0.0001220703125,878.8711437500006,908.2605999999996,not_in_gurobi_pool,,1111100100110010000,10100000000100000,111110010011001000010100000000100000,128,8192,25,152,true,single,36,1.0e-10,64
VQE_reduced_surrogate,73002,3801,1,0.0001220703125,921.6585437500014,908.2996999999998,not_in_gurobi_pool,,1101000100001011111,00110001010000100,110100010000101111100110001010000100,128,8192,25,152,true,single,36,1.0e-10,64
VQE_reduced_surrogate,73002,3634,1,0.0001220703125,890.703418750029,909.4057999999998,not_in_gurobi_pool,,0001100000000110100,00110101010000000,000110000000011010000110101010000000,128,8192,25,152,true,single,36,1.0e-10,64
VQE_reduced_surrogate,73002,3737,1,0.0001220703125,912.386068750018,909.7142999999999,not_in_gurobi_pool,,0000100100000101101,01110101011000000,000010010000010110101110101011000000,128,8192,25,152,true,single,36,1.0e-10,64
VQE_reduced_surrogate,73002,3642,1,0.0001220703125,891.3928187499955,910.0951999999997,not_in_gurobi_pool,,1100010000100101101,00000000010101000,110001000010010110100000000010101000,128,8192,25,152,true,single,36,1.0e-10,64
VQE_reduced_surrogate,73002,3813,1,0.0001220703125,923.6869437499877,910.3280999999996,not_in_gurobi_pool,,0110010110101000001,10001000010111000,011001011010100000110001000010111000,128,8192,25,152,true,single,36,1.0e-10,64
VQE_reduced_surrogate,73002,3814,1,0.0001220703125,923.9255437500012,910.5666999999999,not_in_gurobi_pool,,1101111100010110000,10010101100100000,110111110001011000010010101100100000,128,8192,25,152,true,single,36,1.0e-10,64
VQE_reduced_surrogate,73002,3743,1,0.0001220703125,913.6373687500072,910.9655999999999,not_in_gurobi_pool,,1111110001000101011,00000000010110010,111111000100010101100000000010110010,128,8192,25,152,true,single,36,1.0e-10,64
VQE_reduced_surrogate,73002,3745,1,0.0001220703125,913.7914687500013,911.1197,not_in_gurobi_pool,,1101110100101110110,00000000000101001,110111010010111011000000000000101001,128,8192,25,152,true,single,36,1.0e-10,64
VQE_reduced_surrogate,73002,3815,1,0.0001220703125,924.5085437500104,911.1496999999997,not_in_gurobi_pool,,0101100010101100000,10100000000000000,010110001010110000010100000000000000,128,8192,25,152,true,single,36,1.0e-10,64
VQE_reduced_surrogate,73002,3700,1,0.0001220703125,903.4258937499987,911.4411999999998,not_in_gurobi_pool,,1100000000110111011,00100000010000000,110000000011011101100100000010000000,128,8192,25,152,true,single,36,1.0e-10,64
VQE_reduced_surrogate,73002,3647,1,0.0001220703125,892.8887187499738,911.5910999999996,not_in_gurobi_pool,,1110000001100100000,10100000010100000,111000000110010000010100000010100000,128,8192,25,152,true,single,36,1.0e-10,64
VQE_reduced_surrogate,73002,3878,1,0.0001220703125,935.8842187500043,911.8382999999997,not_in_gurobi_pool,,0000110010101110001,11000000010001000,000011001010111000111000000010001000,128,8192,25,152,true,single,36,1.0e-10,64
VQE_reduced_surrogate,73002,3749,1,0.0001220703125,914.7304687499995,912.0586999999996,not_in_gurobi_pool,,0011010100101010100,00000000000101000,001101010010101010000000000000101000,128,8192,25,152,true,single,36,1.0e-10,64
VQE_reduced_surrogate,73002,3754,1,0.0001220703125,915.0629687499959,912.3911999999998,not_in_gurobi_pool,,1100100001101110001,10100000010000000,110010000110111000110100000010000000,128,8192,25,152,true,single,36,1.0e-10,64
VQE_reduced_surrogate,73002,3755,1,0.0001220703125,915.1504687500014,912.4786999999995,not_in_gurobi_pool,,0101010100101001100,00000000000101000,010101010010100110000000000000101000,128,8192,25,152,true,single,36,1.0e-10,64
VQE_reduced_surrogate,73002,3650,1,0.0001220703125,893.7902187500024,912.4925999999998,not_in_gurobi_pool,,0111110100110100011,00000000000111011,011111010011010001100000000000111011,128,8192,25,152,true,single,36,1.0e-10,64
VQE_reduced_surrogate,73002,3609,1,0.0001220703125,883.2041437499884,912.5935999999997,not_in_gurobi_pool,,0111100100111010011,00100000000100101,011110010011101001100100000000100101,128,8192,25,152,true,single,36,1.0e-10,64
VQE_reduced_surrogate,73002,3651,1,0.0001220703125,893.8912187499941,912.5935999999999,not_in_gurobi_pool,,0111110000111010011,00000000000111101,011111000011101001100000000000111101,128,8192,25,152,true,single,36,1.0e-10,64
VQE_reduced_surrogate,73002,3824,1,0.0001220703125,926.3660437500043,913.0071999999998,not_in_gurobi_pool,,1100000100010011100,00110001011000000,110000010001001110000110001011000000,128,8192,25,152,true,single,36,1.0e-10,64
VQE_reduced_surrogate,73002,3653,1,0.0001220703125,894.3222187499941,913.0246,not_in_gurobi_pool,,0111110000111001011,00000000000111110,011111000011100101100000000000111110,128,8192,25,152,true,single,36,1.0e-10,64
VQE_reduced_surrogate,73002,3827,1,0.0001220703125,926.5165437500029,913.1576999999997,not_in_gurobi_pool,,1101111000000101111,00010101100100010,110111100000010111100010101100100010,128,8192,25,152,true,single,36,1.0e-10,64
VQE_reduced_surrogate,73002,3828,1,0.0001220703125,926.5476437500097,913.1887999999997,not_in_gurobi_pool,,0001110000101101100,00000000000001000,000111000010110110000000000000001000,128,8192,25,152,true,single,36,1.0e-10,64
VQE_reduced_surrogate,73002,3829,1,0.0001220703125,926.6204437500007,913.2615999999995,not_in_gurobi_pool,,0111110010011000000,10001000010110000,011111001001100000010001000010110000,128,8192,25,152,true,single,36,1.0e-10,64
VQE_reduced_surrogate,73002,3883,1,0.0001220703125,937.3156187500047,913.2696999999996,not_in_gurobi_pool,,1011001100000011111,00010111000000100,101100110000001111100010111000000100,128,8192,25,152,true,single,36,1.0e-10,64
VQE_reduced_surrogate,73002,3611,1,0.0001220703125,883.9413437500036,913.3307999999997,not_in_gurobi_pool,,0001101100100111011,00000101000000000,000110110010011101100000101000000000,128,8192,25,152,true,single,36,1.0e-10,64
VQE_reduced_surrogate,73002,3884,1,0.0001220703125,937.5996187500077,913.5536999999997,not_in_gurobi_pool,,0101001100001100100,00010101100000000,010100110000110010000010101100000000,128,8192,25,152,true,single,36,1.0e-10,64
VQE_reduced_surrogate,73002,3705,1,0.0001220703125,905.6257937499997,913.6410999999999,not_in_gurobi_pool,,0110010000110101011,00000000010111010,011001000011010101100000000010111010,128,8192,25,152,true,single,36,1.0e-10,64
VQE_reduced_surrogate,73002,3762,1,0.0001220703125,916.4944687499972,913.8226999999997,not_in_gurobi_pool,,0011110000101001110,00000000000101110,001111000010100111000000000000101110,128,8192,25,152,true,single,36,1.0e-10,64
VQE_reduced_surrogate,73002,3886,1,0.0001220703125,937.9116187499922,913.8656999999998,not_in_gurobi_pool,,0011100010101011011,00100000000000100,001110001010101101100100000000000100,128,8192,25,152,true,single,36,1.0e-10,64
VQE_reduced_surrogate,73002,3888,1,0.0001220703125,938.0147187500193,913.9687999999996,not_in_gurobi_pool,,0001111000010101000,10010111100000000,000111100001010100010010111100000000,128,8192,25,152,true,single,36,1.0e-10,64
VQE_reduced_surrogate,73002,3709,1,0.0001220703125,905.9818937500065,913.9971999999996,not_in_gurobi_pool,,0100100000100110110,00100000010000001,010010000010011011000100000010000001,128,8192,25,152,true,single,36,1.0e-10,64
VQE_reduced_surrogate,73002,3710,1,0.0001220703125,905.9818937500022,913.9971999999996,not_in_gurobi_pool,,0100000100101110110,00100000010000001,010000010010111011000100000010000001,128,8192,25,152,true,single,36,1.0e-10,64
VQE_reduced_surrogate,73002,3834,1,0.0001220703125,927.444543750004,914.0856999999999,not_in_gurobi_pool,,0101111000001001100,00010101100100000,010111100000100110000010101100100000,128,8192,25,152,true,single,36,1.0e-10,64
VQE_reduced_surrogate,73002,3765,1,0.0001220703125,916.9289687500041,914.2572,not_in_gurobi_pool,,1100111110100101000,10000001000101000,110011111010010100010000001000101000,128,8192,25,152,true,single,36,1.0e-10,64
VQE_reduced_surrogate,73002,3767,1,0.0001220703125,917.0710687500205,914.3992999999996,not_in_gurobi_pool,,0000100100100101110,01100000010000010,000010010010010111001100000010000010,128,8192,25,152,true,single,36,1.0e-10,64
VQE_reduced_surrogate,73002,3836,1,0.0001220703125,927.7711437500002,914.4122999999997,not_in_gurobi_pool,,0000010000110111011,01000000010001000,000001000011011101101000000010001000,128,8192,25,152,true,single,36,1.0e-10,64
VQE_reduced_surrogate,73002,3712,1,0.0001220703125,906.4128937500054,914.4281999999996,not_in_gurobi_pool,,0100000100100101110,00100000010000010,010000010010010111000100000010000010,128,8192,25,152,true,single,36,1.0e-10,64
VQE_reduced_surrogate,73002,3713,1,0.0001220703125,906.4238937500136,914.4391999999996,not_in_gurobi_pool,,0010100100100101110,00100000010000010,001010010010010111000100000010000010,128,8192,25,152,true,single,36,1.0e-10,64
VQE_reduced_surrogate,73002,3714,1,0.0001220703125,906.5138937499996,914.5291999999997,not_in_gurobi_pool,,0100000100101011110,00100000010000100,010000010010101111000100000010000100,128,8192,25,152,true,single,36,1.0e-10,64
VQE_reduced_surrogate,73002,3768,1,0.0001220703125,917.3244687499964,914.6526999999999,not_in_gurobi_pool,,1101111001001011000,10000101100100000,110111100100101100010000101100100000,128,8192,25,152,true,single,36,1.0e-10,64
VQE_reduced_surrogate,73002,3837,1,0.0001220703125,928.0325437499928,914.6736999999996,not_in_gurobi_pool,,0101000101100100000,10100000000000000,010100010110010000010100000000000000,128,8192,25,152,true,single,36,1.0e-10,64
VQE_reduced_surrogate,73002,3769,1,0.0001220703125,917.4464687499922,914.7746999999997,not_in_gurobi_pool,,0101110001101010001,10000000000101000,010111000110101000110000000000101000,128,8192,25,152,true,single,36,1.0e-10,64
VQE_reduced_surrogate,73002,3838,1,0.0001220703125,928.1445437499879,914.7856999999997,not_in_gurobi_pool,,0011000101101010001,10100000000000000,001100010110101000110100000000000000,128,8192,25,152,true,single,36,1.0e-10,64
VQE_reduced_surrogate,73002,3839,1,0.0001220703125,928.1445437499945,914.7856999999997,not_in_gurobi_pool,,0011100001101010000,10100000000000000,001110000110101000010100000000000000,128,8192,25,152,true,single,36,1.0e-10,64
VQE_reduced_surrogate,73002,3841,1,0.0001220703125,928.3465437500035,914.9876999999999,not_in_gurobi_pool,,0101111000000010110,00010101100100101,010111100000001011000010101100100101,128,8192,25,152,true,single,36,1.0e-10,64
VQE_reduced_surrogate,73002,3771,1,0.0001220703125,917.7019687500012,915.0301999999997,not_in_gurobi_pool,,1100100010110110001,10100000010000000,110010001011011000110100000010000000,128,8192,25,152,true,single,36,1.0e-10,64
VQE_reduced_surrogate,73002,3899,1,0.0001220703125,939.185618750003,915.1396999999996,not_in_gurobi_pool,,1101100110101100100,00100000000000000,110110011010110010000100000000000000,128,8192,25,152,true,single,36,1.0e-10,64
VQE_reduced_surrogate,73002,3950,1,0.0001220703125,949.9900937499831,915.2570999999995,not_in_gurobi_pool,,0110011000110000001,10001000000111000,011001100011000000110001000000111000,128,8192,25,152,true,single,36,1.0e-10,64
VQE_reduced_surrogate,73002,3951,1,0.0001220703125,949.9900937499908,915.2570999999995,not_in_gurobi_pool,,0110011000111000000,10001000000111000,011001100011100000010001000000111000,128,8192,25,152,true,single,36,1.0e-10,64
VQE_reduced_surrogate,73002,3716,1,0.0001220703125,907.3182937500028,915.3335999999996,not_in_gurobi_pool,,0111110010010100011,00000000010110011,011111001001010001100000000010110011,128,8192,25,152,true,single,36,1.0e-10,64
VQE_reduced_surrogate,73002,3717,1,0.0001220703125,907.3283937500075,915.3436999999999,not_in_gurobi_pool,,0011010010011011000,10000100010100000,001101001001101100010000100010100000,128,8192,25,152,true,single,36,1.0e-10,64
VQE_reduced_surrogate,73002,3718,1,0.0001220703125,907.3363937499978,915.3516999999997,not_in_gurobi_pool,,0101010100011000110,00010001010100111,010101010001100011000010001010100111,128,8192,25,152,true,single,36,1.0e-10,64
VQE_reduced_surrogate,73002,3720,1,0.0001220703125,907.5958937499975,915.6111999999996,not_in_gurobi_pool,,1100000110101000110,00100000010000111,110000011010100011000100000010000111,128,8192,25,152,true,single,36,1.0e-10,64
VQE_reduced_surrogate,73002,3721,1,0.0001220703125,907.7712937500075,915.7865999999997,not_in_gurobi_pool,,1111110010111010011,00000000000111101,111111001011101001100000000000111101,128,8192,25,152,true,single,36,1.0e-10,64
VQE_reduced_surrogate,73002,3772,1,0.0001220703125,918.577968750003,915.9061999999997,not_in_gurobi_pool,,0100010000010101100,00010001011100000,010001000001010110000010001011100000,128,8192,25,152,true,single,36,1.0e-10,64
VQE_reduced_surrogate,73002,3775,1,0.0001220703125,918.7614687500013,916.0896999999997,not_in_gurobi_pool,,1011101100100110110,00000100000000001,101110110010011011000000100000000001,128,8192,25,152,true,single,36,1.0e-10,64
VQE_reduced_surrogate,73002,3665,1,0.0001220703125,897.3984187500159,916.1007999999997,not_in_gurobi_pool,,0001100100011011100,00110101010000000,000110010001101110000110101010000000,128,8192,25,152,true,single,36,1.0e-10,64
VQE_reduced_surrogate,73002,3724,1,0.0001220703125,908.3848937499924,916.4001999999998,not_in_gurobi_pool,,1100111000111111010,00000001000101000,110011100011111101000000001000101000,128,8192,25,152,true,single,36,1.0e-10,64
VQE_reduced_surrogate,73002,3845,1,0.0001220703125,929.8499437499981,916.4910999999996,not_in_gurobi_pool,,0110010010111000000,10001000010111000,011001001011100000010001000010111000,128,8192,25,152,true,single,36,1.0e-10,64
VQE_reduced_surrogate,73002,3846,1,0.0001220703125,929.8499437499931,916.4910999999996,not_in_gurobi_pool,,0110010010111000001,10001000010111000,011001001011100000110001000010111000,128,8192,25,152,true,single,36,1.0e-10,64
VQE_reduced_surrogate,73002,3667,1,0.0001220703125,897.821418749993,916.5237999999995,not_in_gurobi_pool,,1001101110101111011,00000101000000000,100110111010111101100000101000000000,128,8192,25,152,true,single,36,1.0e-10,64
VQE_reduced_surrogate,73002,3668,1,0.0001220703125,897.8794187499971,916.5817999999999,not_in_gurobi_pool,,1001111000101011111,00000101000001100,100111100010101111100000101000001100,128,8192,25,152,true,single,36,1.0e-10,64
VQE_reduced_surrogate,73002,3777,1,0.0001220703125,919.254068749995,916.5822999999998,not_in_gurobi_pool,,1000111001101010000,11000101000001000,100011100110101000011000101000001000,128,8192,25,152,true,single,36,1.0e-10,64
VQE_reduced_surrogate,73002,3779,1,0.0001220703125,919.3244687499975,916.6526999999999,not_in_gurobi_pool,,0101000110000001110,00100001010000110,010100011000000111000100001010000110,128,8192,25,152,true,single,36,1.0e-10,64
VQE_reduced_surrogate,73002,3848,1,0.0001220703125,930.1455437499756,916.7866999999999,not_in_gurobi_pool,,0011010011000000001,10001100010100000,001101001100000000110001100010100000,128,8192,25,152,true,single,36,1.0e-10,64
VQE_reduced_surrogate,73002,3849,1,0.0001220703125,930.1780437500106,916.8191999999999,not_in_gurobi_pool,,0010000100010110110,00110100011000001,001000010001011011000110100011000001,128,8192,25,152,true,single,36,1.0e-10,64
VQE_reduced_surrogate,73002,3850,1,0.0001220703125,930.1949437500057,916.8360999999999,not_in_gurobi_pool,,0110101000110110000,10000000000100000,011010100011011000010000000000100000,128,8192,25,152,true,single,36,1.0e-10,64
VQE_reduced_surrogate,73002,3781,1,0.0001220703125,919.5884687500093,916.9166999999995,not_in_gurobi_pool,,0011001000101100101,00000100000000000,001100100010110010100000100000000000,128,8192,25,152,true,single,36,1.0e-10,64
VQE_reduced_surrogate,73002,3670,1,0.0001220703125,898.2958187499908,916.9982,not_in_gurobi_pool,,0100111001000110001,10000101110100000,010011100100011000110000101110100000,128,8192,25,152,true,single,36,1.0e-10,64
VQE_reduced_surrogate,73002,3783,1,0.0001220703125,919.8619687500016,917.1901999999998,not_in_gurobi_pool,,1100100110100110111,00100000010000001,110010011010011011100100000010000001,128,8192,25,152,true,single,36,1.0e-10,64
VQE_reduced_surrogate,73002,3851,1,0.0001220703125,930.5980437500052,917.2392,not_in_gurobi_pool,,0100000100010101110,00110001011000010,010000010001010111000110001011000010,128,8192,25,152,true,single,36,1.0e-10,64
VQE_reduced_surrogate,73002,3852,1,0.0001220703125,930.6160437500057,917.2571999999998,not_in_gurobi_pool,,0100101010101101000,10000001000000000,010010101010110100010000001000000000,128,8192,25,152,true,single,36,1.0e-10,64
VQE_reduced_surrogate,73002,3784,1,0.0001220703125,919.9710687500126,917.2992999999999,not_in_gurobi_pool,,0000111000110011000,11000101000001000,000011100011001100011000101000001000,128,8192,25,152,true,single,36,1.0e-10,64
VQE_reduced_surrogate,73002,3853,1,0.0001220703125,930.671543750002,917.3126999999995,not_in_gurobi_pool,,0101000010110100001,10100000000000000,010100001011010000110100000000000000,128,8192,25,152,true,single,36,1.0e-10,64
VQE_reduced_surrogate,73002,3785,1,0.0001220703125,919.984468750006,917.3126999999997,not_in_gurobi_pool,,0101010010111100001,10000000000101000,010101001011110000110000000000101000,128,8192,25,152,true,single,36,1.0e-10,64
VQE_reduced_surrogate,73002,3673,1,0.0001220703125,898.6858187500038,917.3881999999996,not_in_gurobi_pool,,0010111000101000110,00000100000101111,001011100010100011000000100000101111,128,8192,25,152,true,single,36,1.0e-10,64
VQE_reduced_surrogate,73002,3854,1,0.0001220703125,930.7889437499903,917.4300999999998,not_in_gurobi_pool,,0110011000110010011,00000000000111101,011001100011001001100000000000111101,128,8192,25,152,true,single,36,1.0e-10,64
VQE_reduced_surrogate,73002,3786,1,0.0001220703125,920.1204687500151,917.4486999999997,not_in_gurobi_pool,,0011001100101001100,00000100000000000,001100110010100110000000100000000000,128,8192,25,152,true,single,36,1.0e-10,64
VQE_reduced_surrogate,73002,3788,1,0.0001220703125,920.1974687499946,917.5256999999997,not_in_gurobi_pool,,0011000111000100000,10100100010000000,001100011100010000010100100010000000,128,8192,25,152,true,single,36,1.0e-10,64
VQE_reduced_surrogate,73002,3725,1,0.0001220703125,909.5372937499949,917.5525999999998,not_in_gurobi_pool,,0111111100111010011,00000000000111101,011111110011101001100000000000111101,128,8192,25,152,true,single,36,1.0e-10,64
VQE_reduced_surrogate,73002,3856,1,0.0001220703125,931.0725437499975,917.7136999999997,not_in_gurobi_pool,,1101100100110101110,00100000000000010,110110010011010111000100000000000010,128,8192,25,152,true,single,36,1.0e-10,64
VQE_reduced_surrogate,73002,3790,1,0.0001220703125,920.5274687500089,917.8556999999998,not_in_gurobi_pool,,0011010010111001000,10000000000101000,001101001011100100010000000000101000,128,8192,25,152,true,single,36,1.0e-10,64
VQE_reduced_surrogate,73002,3726,1,0.0001220703125,910.0128937500044,918.0281999999995,not_in_gurobi_pool,,0010010010100100100,00000000010101000,001001001010010010000000000010101000,128,8192,25,152,true,single,36,1.0e-10,64
VQE_reduced_surrogate,73002,3727,1,0.0001220703125,910.1028937499946,918.1181999999997,not_in_gurobi_pool,,0100010010101010101,00000000010101000,010001001010101010100000000010101000,128,8192,25,152,true,single,36,1.0e-10,64
VQE_reduced_surrogate,73002,3908,1,0.0001220703125,942.2020187500002,918.1560999999999,not_in_gurobi_pool,,0110111100101100110,00000000000111011,011011110010110011000000000000111011,128,8192,25,152,true,single,36,1.0e-10,64
VQE_reduced_surrogate,73002,3965,1,0.0001220703125,952.9320937500074,918.1990999999997,not_in_gurobi_pool,,0110111110100110011,00000000000111001,011011111010011001100000000000111001,128,8192,25,152,true,single,36,1.0e-10,64
VQE_reduced_surrogate,73002,3728,1,0.0001220703125,910.5072937500038,918.5226,not_in_gurobi_pool,,1111100010011001100,00100000010100000,111110001001100110000100000010100000,128,8192,25,152,true,single,36,1.0e-10,64
VQE_reduced_surrogate,73002,3795,1,0.0001220703125,921.2209687500056,918.5491999999996,not_in_gurobi_pool,,0100000010101001100,00100000010000000,010000001010100110000100000010000000,128,8192,25,152,true,single,36,1.0e-10,64
VQE_reduced_surrogate,73002,3796,1,0.0001220703125,921.2209687500097,918.5491999999996,not_in_gurobi_pool,,0100100010101001100,00100000010000000,010010001010100110000100000010000000,128,8192,25,152,true,single,36,1.0e-10,64
VQE_reduced_surrogate,73002,3682,1,0.0001220703125,899.9187187499988,918.6210999999996,not_in_gurobi_pool,,0110010100111000110,00000000010111111,011001010011100011000000000010111111,128,8192,25,152,true,single,36,1.0e-10,64
VQE_reduced_surrogate,73002,3968,1,0.0001220703125,953.3630937499988,918.6300999999997,not_in_gurobi_pool,,0110111110101101010,00000000000111010,011011111010110101000000000000111010,128,8192,25,152,true,single,36,1.0e-10,64
VQE_reduced_surrogate,73002,3910,1,0.0001220703125,942.7340187499967,918.6881000000001,not_in_gurobi_pool,,0110111100101001110,00000000000111110,011011110010100111000000000000111110,128,8192,25,152,true,single,36,1.0e-10,64
VQE_reduced_surrogate,73002,3860,1,0.0001220703125,932.0825437499966,918.7236999999996,not_in_gurobi_pool,,0011101010101101011,00000100000000010,001110101010110101100000100000000010,128,8192,25,152,true,single,36,1.0e-10,64
VQE_reduced_surrogate,73002,3912,1,0.0001220703125,942.7882187499897,918.7422999999997,not_in_gurobi_pool,,0000011001101000000,11001101000001000,000001100110100000011001101000001000,128,8192,25,152,true,single,36,1.0e-10,64
VQE_reduced_surrogate,73002,3797,1,0.0001220703125,921.4163687499947,918.7445999999999,not_in_gurobi_pool,,1111111001011000001,10001101000110000,111111100101100000110001101000110000,128,8192,25,152,true,single,36,1.0e-10,64
VQE_reduced_surrogate,73002,3798,1,0.0001220703125,921.4163687499897,918.7445999999999,not_in_gurobi_pool,,1111111001011000000,10001101000110000,111111100101100000010001101000110000,128,8192,25,152,true,single,36,1.0e-10,64
VQE_reduced_surrogate,73002,3913,1,0.0001220703125,942.820018749999,918.7740999999997,not_in_gurobi_pool,,0110010001011011000,10000000011110000,011001000101101100010000000011110000,128,8192,25,152,true,single,36,1.0e-10,64
VQE_reduced_surrogate,73002,3799,1,0.0001220703125,921.4534687500077,918.7816999999998,not_in_gurobi_pool,,0011101000101001110,00000100000000110,001110100010100111000000100000000110,128,8192,25,152,true,single,36,1.0e-10,64
VQE_reduced_surrogate,73002,3729,1,0.0001220703125,910.8082937499851,918.8236000000002,not_in_gurobi_pool,,0111101100111011011,00000000000100100,011110110011101101100000000000100100,128,8192,25,152,true,single,36,1.0e-10,64
VQE_reduced_surrogate,73002,3861,1,0.0001220703125,932.3195437500003,918.9606999999996,not_in_gurobi_pool,,0011100000111110101,00100000000000000,001110000011111010100100000000000000,128,8192,25,152,true,single,36,1.0e-10,64
VQE_reduced_surrogate,73002,3731,1,0.0001220703125,911.0138937499883,919.0291999999997,not_in_gurobi_pool,,0100010001000110101,00000001011100000,010001000100011010100000001011100000,128,8192,25,152,true,single,36,1.0e-10,64
VQE_reduced_surrogate,73002,3802,1,0.0001220703125,921.7579687499972,919.0861999999997,not_in_gurobi_pool,,1100100001110011001,10100000010000000,110010000111001100110100000010000000,128,8192,25,152,true,single,36,1.0e-10,64
VQE_reduced_surrogate,73002,3733,1,0.0001220703125,911.225893749993,919.2411999999999,not_in_gurobi_pool,,1100101010010111011,00000101110000000,110010101001011101100000101110000000,128,8192,25,152,true,single,36,1.0e-10,64
VQE_reduced_surrogate,73002,3864,1,0.0001220703125,932.7095437499952,919.3507,not_in_gurobi_pool,,1101101110000101110,00000101100000010,110110111000010111000000101100000010,128,8192,25,152,true,single,36,1.0e-10,64
VQE_reduced_surrogate,73002,3734,1,0.0001220703125,911.3429937500207,919.3582999999999,not_in_gurobi_pool,,0000101000100101110,01000101000000010,000010100010010111001000101000000010,128,8192,25,152,true,single,36,1.0e-10,64
VQE_reduced_surrogate,73002,3917,1,0.0001220703125,943.4860187499919,919.4400999999999,not_in_gurobi_pool,,0110111100111111011,00000000000111000,011011110011111101100000000000111000,128,8192,25,152,true,single,36,1.0e-10,64
VQE_reduced_surrogate,73002,3735,1,0.0001220703125,911.4358937499946,919.4511999999997,not_in_gurobi_pool,,0100010010101010111,00000000010101101,010001001010101011100000000010101101,128,8192,25,152,true,single,36,1.0e-10,64
VQE_reduced_surrogate,73002,3736,1,0.0001220703125,911.472893749996,919.4881999999998,not_in_gurobi_pool,,0100011100101011111,00000001000101100,010001110010101111100000001000101100,128,8192,25,152,true,single,36,1.0e-10,64
VQE_reduced_surrogate,73002,3803,1,0.0001220703125,922.1628687500022,919.4910999999997,not_in_gurobi_pool,,0110110110101010111,00000000010111101,011011011010101011100000000010111101,128,8192,25,152,true,single,36,1.0e-10,64
VQE_reduced_surrogate,73002,3633,1,0.0001220703125,890.1643437500129,919.5537999999997,not_in_gurobi_pool,,0001100101000101101,00100101010000000,000110010100010110100100101010000000,128,8192,25,152,true,single,36,1.0e-10,64
VQE_reduced_surrogate,73002,3805,1,0.0001220703125,922.3154687499994,919.6436999999996,not_in_gurobi_pool,,0011101001101100001,10000100000000000,001110100110110000110000100000000000,128,8192,25,152,true,single,36,1.0e-10,64
VQE_reduced_surrogate,73002,3689,1,0.0001220703125,901.0024187500007,919.7047999999995,not_in_gurobi_pool,,0001111001101010000,10000101000001000,000111100110101000010000101000001000,128,8192,25,152,true,single,36,1.0e-10,64
VQE_reduced_surrogate,73002,3866,1,0.0001220703125,933.0896437500153,919.7307999999996,not_in_gurobi_pool,,0001111010010110000,10000111100000000,000111101001011000010000111100000000,128,8192,25,152,true,single,36,1.0e-10,64
VQE_reduced_surrogate,73002,3806,1,0.0001220703125,922.4164687499949,919.7446999999997,not_in_gurobi_pool,,0011101001101010001,10000100000000000,001110100110101000110000100000000000,128,8192,25,152,true,single,36,1.0e-10,64
VQE_reduced_surrogate,73002,3807,1,0.0001220703125,922.5649687500018,919.8931999999998,not_in_gurobi_pool,,0010100110101001110,00100000010000110,001010011010100111000100000010000110,128,8192,25,152,true,single,36,1.0e-10,64
VQE_reduced_surrogate,73002,3920,1,0.0001220703125,943.962618749998,919.9166999999998,not_in_gurobi_pool,,0101000110110101011,00100000000000010,010100011011010101100100000000000010,128,8192,25,152,true,single,36,1.0e-10,64
VQE_reduced_surrogate,73002,3869,1,0.0001220703125,933.275543750005,919.9167,not_in_gurobi_pool,,0101010010111101011,00000000000101010,010101001011110101100000000000101010,128,8192,25,152,true,single,36,1.0e-10,64
VQE_reduced_surrogate,73002,3921,1,0.0001220703125,944.0222187499951,919.9762999999996,not_in_gurobi_pool,,0000010111101000000,11001000010001000,000001011110100000011001000010001000,128,8192,25,152,true,single,36,1.0e-10,64
VQE_reduced_surrogate,73002,3809,1,0.0001220703125,922.6574687500006,919.9856999999997,not_in_gurobi_pool,,0011010000111001110,00000000000101110,001101000011100111000000000000101110,128,8192,25,152,true,single,36,1.0e-10,64
VQE_reduced_surrogate,73002,3922,1,0.0001220703125,944.1147187499937,920.0687999999996,not_in_gurobi_pool,,1001110001101010110,00000000000001101,100111000110101011000000000000001101,128,8192,25,152,true,single,36,1.0e-10,64
VQE_reduced_surrogate,73002,3870,1,0.0001220703125,933.4775437500023,920.1186999999995,not_in_gurobi_pool,,0101100111000101011,00100001010000010,010110011100010101100100001010000010,128,8192,25,152,true,single,36,1.0e-10,64
VQE_reduced_surrogate,73002,3692,1,0.0001220703125,901.4578187499967,920.1601999999998,not_in_gurobi_pool,,0100010000110110110,00000000010101001,010001000011011011000000000010101001,128,8192,25,152,true,single,36,1.0e-10,64
VQE_reduced_surrogate,73002,3924,1,0.0001220703125,944.5746187499994,920.5286999999998,not_in_gurobi_pool,,1101100101100001110,00100000000000110,110110010110000111000100000000000110,128,8192,25,152,true,single,36,1.0e-10,64
VQE_reduced_surrogate,73002,3810,1,0.0001220703125,923.2264687499926,920.5546999999997,not_in_gurobi_pool,,1101100110010101110,00100001010000010,110110011001010111000100001010000010,128,8192,25,152,true,single,36,1.0e-10,64
VQE_reduced_surrogate,73002,3811,1,0.0001220703125,923.2295687500111,920.5577999999996,not_in_gurobi_pool,,0001101010000110101,00000111100000000,000110101000011010100000111100000000,128,8192,25,152,true,single,36,1.0e-10,64
VQE_reduced_surrogate,73002,3695,1,0.0001220703125,901.8998187500067,920.6021999999998,not_in_gurobi_pool,,0010010000110101110,00000000010101010,001001000011010111000000000010101010,128,8192,25,152,true,single,36,1.0e-10,64
VQE_reduced_surrogate,73002,3812,1,0.0001220703125,923.394968749998,920.7231999999997,not_in_gurobi_pool,,1100101011001011000,10000101110000000,110010101100101100010000101110000000,128,8192,25,152,true,single,36,1.0e-10,64
VQE_reduced_surrogate,73002,3741,1,0.0001220703125,912.9288937499914,920.9441999999997,not_in_gurobi_pool,,0100011001101010011,00000001000101101,010001100110101001100000001000101101,128,8192,25,152,true,single,36,1.0e-10,64
VQE_reduced_surrogate,73002,3742,1,0.0001220703125,913.3598937499951,921.3751999999997,not_in_gurobi_pool,,0100011001101001011,00000001000101110,010001100110100101100000001000101110,128,8192,25,152,true,single,36,1.0e-10,64
VQE_reduced_surrogate,73002,3697,1,0.0001220703125,902.9622187499865,921.6646000000001,not_in_gurobi_pool,,0111101110011011011,00000101000100100,011110111001101101100000101000100100,128,8192,25,152,true,single,36,1.0e-10,64
VQE_reduced_surrogate,73002,3744,1,0.0001220703125,913.7518937499942,921.7672,not_in_gurobi_pool,,0100111100010110110,00010101110100001,010011110001011011000010101110100001,128,8192,25,152,true,single,36,1.0e-10,64
VQE_reduced_surrogate,73002,3698,1,0.0001220703125,903.111718750001,921.8140999999996,not_in_gurobi_pool,,1110100010111000110,00100000010100111,111010001011100011000100000010100111,128,8192,25,152,true,single,36,1.0e-10,64
VQE_reduced_surrogate,73002,3816,1,0.0001220703125,924.7449687499964,922.0731999999996,not_in_gurobi_pool,,0100000001101001100,00100000010000000,010000000110100110000100000010000000,128,8192,25,152,true,single,36,1.0e-10,64
VQE_reduced_surrogate,73002,3817,1,0.0001220703125,924.7848687500011,922.1130999999995,not_in_gurobi_pool,,0110110101101001101,00000000010111000,011011010110100110100000000010111000,128,8192,25,152,true,single,36,1.0e-10,64
VQE_reduced_surrogate,73002,3930,1,0.0001220703125,946.2152187499989,922.1692999999996,not_in_gurobi_pool,,0000111100010101110,01010111110000010,000011110001010111001010111110000010,128,8192,25,152,true,single,36,1.0e-10,64
VQE_reduced_surrogate,73002,3747,1,0.0001220703125,914.1828937499915,922.1981999999996,not_in_gurobi_pool,,0100111100010101110,00010101110100010,010011110001010111000010101110100010,128,8192,25,152,true,single,36,1.0e-10,64
VQE_reduced_surrogate,73002,3877,1,0.0001220703125,935.7335437499855,922.3747000000001,not_in_gurobi_pool,,0011101110011111010,00000111000000000,001110111001111101000000111000000000,128,8192,25,152,true,single,36,1.0e-10,64
VQE_reduced_surrogate,73002,3818,1,0.0001220703125,925.0554687500135,922.3836999999999,not_in_gurobi_pool,,0011001010111010000,10000100000000000,001100101011101000010000100000000000,128,8192,25,152,true,single,36,1.0e-10,64
VQE_reduced_surrogate,73002,3820,1,0.0001220703125,925.2519687499994,922.5802000000001,not_in_gurobi_pool,,1100111110100101111,00000001000101010,110011111010010111100000001000101010,128,8192,25,152,true,single,36,1.0e-10,64
VQE_reduced_surrogate,73002,3748,1,0.0001220703125,914.6578937499837,922.6731999999997,not_in_gurobi_pool,,1100011001110100000,10000001000101000,110001100111010000010000001000101000,128,8192,25,152,true,single,36,1.0e-10,64
VQE_reduced_surrogate,73002,3703,1,0.0001220703125,904.0628187499965,922.7652,not_in_gurobi_pool,,1100111001011111010,00000101110100000,110011100101111101000000101110100000,128,8192,25,152,true,single,36,1.0e-10,64
VQE_reduced_surrogate,73002,3750,1,0.0001220703125,914.7588937499888,922.7741999999998,not_in_gurobi_pool,,1100011001110010001,10000001000101000,110001100111001000110000001000101000,128,8192,25,152,true,single,36,1.0e-10,64
VQE_reduced_surrogate,73002,3751,1,0.0001220703125,914.780393749995,922.7956999999997,not_in_gurobi_pool,,1101111001110100000,10000001000101000,110111100111010000010000001000101000,128,8192,25,152,true,single,36,1.0e-10,64
VQE_reduced_surrogate,73002,3752,1,0.0001220703125,914.7998937500045,922.8151999999995,not_in_gurobi_pool,,1010101111101010000,10000100000000000,101010111110101000010000100000000000,128,8192,25,152,true,single,36,1.0e-10,64
VQE_reduced_surrogate,73002,3879,1,0.0001220703125,936.5211437499909,923.1622999999997,not_in_gurobi_pool,,0000001111000110001,11000111110000000,000000111100011000111000111110000000,128,8192,25,152,true,single,36,1.0e-10,64
VQE_reduced_surrogate,73002,3822,1,0.0001220703125,926.0249687499963,923.3531999999998,not_in_gurobi_pool,,1100100110110110110,00100000010000001,110010011011011011000100000010000001,128,8192,25,152,true,single,36,1.0e-10,64
VQE_reduced_surrogate,73002,3936,1,0.0001220703125,947.4976187500031,923.4516999999996,not_in_gurobi_pool,,0011100001110101011,00100000000000010,001110000111010101100100000000000010,128,8192,25,152,true,single,36,1.0e-10,64
VQE_reduced_surrogate,73002,3823,1,0.0001220703125,926.1799687499993,923.5081999999998,not_in_gurobi_pool,,0100111010100001101,00000001000101000,010011101010000110100000001000101000,128,8192,25,152,true,single,36,1.0e-10,64
VQE_reduced_surrogate,73002,3825,1,0.0001220703125,926.3754687500027,923.7036999999996,not_in_gurobi_pool,,0011101010100000111,00000100000000111,001110101010000011100000100000000111,128,8192,25,152,true,single,36,1.0e-10,64
VQE_reduced_surrogate,73002,3756,1,0.0001220703125,915.7013937500019,923.7166999999997,not_in_gurobi_pool,,0011011110110010011,00000100000101101,001101111011001001100000100000101101,128,8192,25,152,true,single,36,1.0e-10,64
VQE_reduced_surrogate,73002,3881,1,0.0001220703125,937.1615437500025,923.8026999999997,not_in_gurobi_pool,,0101001101001001100,00000101100000000,010100110100100110000000101100000000,128,8192,25,152,true,single,36,1.0e-10,64
VQE_reduced_surrogate,73002,3826,1,0.0001220703125,926.485468749999,923.8136999999997,not_in_gurobi_pool,,0011111001001001101,00000111000100000,001111100100100110100000111000100000,128,8192,25,152,true,single,36,1.0e-10,64
VQE_reduced_surrogate,73002,3759,1,0.0001220703125,915.8698937499971,923.8851999999997,not_in_gurobi_pool,,1100110010111011110,00000000010101100,110011001011101111000000000010101100,128,8192,25,152,true,single,36,1.0e-10,64
VQE_reduced_surrogate,73002,3830,1,0.0001220703125,926.8514687500008,924.1796999999997,not_in_gurobi_pool,,1101100101010011110,00100001010000100,110110010101001111000100001010000100,128,8192,25,152,true,single,36,1.0e-10,64
VQE_reduced_surrogate,73002,3831,1,0.0001220703125,926.8918687500088,924.2200999999994,not_in_gurobi_pool,,0110110010110100100,00000000010111000,011011001011010010000000000010111000,128,8192,25,152,true,single,36,1.0e-10,64
VQE_reduced_surrogate,73002,3704,1,0.0001220703125,905.60841875,924.3107999999997,not_in_gurobi_pool,,0001111100110101100,00000101000001000,000111110011010110000000101000001000,128,8192,25,152,true,single,36,1.0e-10,64
VQE_reduced_surrogate,73002,3760,1,0.0001220703125,916.3057937500116,924.3210999999999,not_in_gurobi_pool,,0110100010111010100,00100000010100000,011010001011101010000100000010100000,128,8192,25,152,true,single,36,1.0e-10,64
VQE_reduced_surrogate,73002,3940,1,0.0001220703125,948.3950187499988,924.3490999999997,not_in_gurobi_pool,,0110101010100100111,00000000000100011,011010101010010011100000000000100011,128,8192,25,152,true,single,36,1.0e-10,64
VQE_reduced_surrogate,73002,3832,1,0.0001220703125,927.184568750012,924.5127999999997,not_in_gurobi_pool,,0001101001000101101,00000111100000000,000110100100010110100000111100000000,128,8192,25,152,true,single,36,1.0e-10,64
VQE_reduced_surrogate,73002,3887,1,0.0001220703125,937.9536437500019,924.5947999999996,not_in_gurobi_pool,,1001100011111000011,00101000000000111,100110001111100001100101000000000111,128,8192,25,152,true,single,36,1.0e-10,64
VQE_reduced_surrogate,73002,3764,1,0.0001220703125,916.7367937500105,924.7520999999999,not_in_gurobi_pool,,0110000110110001100,00100000010100000,011000011011000110000100000010100000,128,8192,25,152,true,single,36,1.0e-10,64
VQE_reduced_surrogate,73002,3943,1,0.0001220703125,948.8970187499981,924.8511000000001,not_in_gurobi_pool,,0110111000110001110,00000000000111110,011011100011000111000000000000111110,128,8192,25,152,true,single,36,1.0e-10,64
VQE_reduced_surrogate,73002,3890,1,0.0001220703125,938.2455437499966,924.8866999999996,not_in_gurobi_pool,,0011001110110101011,00000100000000010,001100111011010101100000100000000010,128,8192,25,152,true,single,36,1.0e-10,64
VQE_reduced_surrogate,73002,3891,1,0.0001220703125,938.2455437499982,924.8866999999996,not_in_gurobi_pool,,0011101010110101011,00000100000000010,001110101011010101100000100000000010,128,8192,25,152,true,single,36,1.0e-10,64
VQE_reduced_surrogate,73002,4006,1,0.0001220703125,959.6270937500003,924.8940999999999,not_in_gurobi_pool,,0110111010111011011,00000000000111100,011011101011101101100000000000111100,128,8192,25,152,true,single,36,1.0e-10,64
VQE_reduced_surrogate,73002,3835,1,0.0001220703125,927.6164687500088,924.9446999999998,not_in_gurobi_pool,,0011001000111001110,00000100000000110,001100100011100111000000100000000110,128,8192,25,152,true,single,36,1.0e-10,64
VQE_reduced_surrogate,73002,3893,1,0.0001220703125,938.4155437500015,925.0566999999999,not_in_gurobi_pool,,1101101001101010111,00000001000000101,110110100110101011100000001000000101,128,8192,25,152,true,single,36,1.0e-10,64
VQE_reduced_surrogate,73002,3897,1,0.0001220703125,938.8821437499982,925.5232999999998,not_in_gurobi_pool,,0000100110110011101,01100000010000000,000010011011001110101100000010000000,128,8192,25,152,true,single,36,1.0e-10,64
VQE_reduced_surrogate,73002,3840,1,0.0001220703125,928.2239687499966,925.5521999999999,not_in_gurobi_pool,,0100100010111011101,00100000010000000,010010001011101110100100000010000000,128,8192,25,152,true,single,36,1.0e-10,64
VQE_reduced_surrogate,73002,3898,1,0.0001220703125,939.0046437499977,925.6457999999998,not_in_gurobi_pool,,0001000110110011101,00100000000000000,000100011011001110100100000000000000,128,8192,25,152,true,single,36,1.0e-10,64
VQE_reduced_surrogate,73002,3770,1,0.0001220703125,917.6468937499963,925.6621999999998,not_in_gurobi_pool,,0010011100111011110,00000100000101100,001001110011101111000000100000101100,128,8192,25,152,true,single,36,1.0e-10,64
VQE_reduced_surrogate,73002,3948,1,0.0001220703125,949.7590187499984,925.7130999999998,not_in_gurobi_pool,,0110111001111100001,10000000000111000,011011100111110000110000000000111000,128,8192,25,152,true,single,36,1.0e-10,64
VQE_reduced_surrogate,73002,3842,1,0.0001220703125,928.4040687500012,925.7322999999997,not_in_gurobi_pool,,0000111001101000101,01000101000001000,000011100110100010101000101000001000,128,8192,25,152,true,single,36,1.0e-10,64
VQE_reduced_surrogate,73002,3949,1,0.0001220703125,949.8600187499967,925.8140999999995,not_in_gurobi_pool,,0110111001111010000,10000000000111000,011011100111101000010000000000111000,128,8192,25,152,true,single,36,1.0e-10,64
VQE_reduced_surrogate,73002,3900,1,0.0001220703125,939.4760437499988,926.1171999999999,not_in_gurobi_pool,,1100101101110111011,00000001000000000,110010110111011101100000001000000000,128,8192,25,152,true,single,36,1.0e-10,64
VQE_reduced_surrogate,73002,4012,1,0.0001220703125,960.8900937500125,926.1570999999996,not_in_gurobi_pool,,1110111101111111011,00000000000111000,111011110111111101100000000000111000,128,8192,25,152,true,single,36,1.0e-10,64
VQE_reduced_surrogate,73002,3901,1,0.0001220703125,939.6060437499973,926.2471999999998,not_in_gurobi_pool,,0100100111001001110,00100001011000110,010010011100100111000100001011000110,128,8192,25,152,true,single,36,1.0e-10,64
VQE_reduced_surrogate,73002,3843,1,0.0001220703125,929.1829687499978,926.5111999999999,not_in_gurobi_pool,,0010011101100100100,00000100000101000,001001110110010010000000100000101000,128,8192,25,152,true,single,36,1.0e-10,64
VQE_reduced_surrogate,73002,3773,1,0.0001220703125,918.6433937500015,926.6586999999995,not_in_gurobi_pool,,0011110101010110110,00000100010100001,001111010101011011000000100010100001,128,8192,25,152,true,single,36,1.0e-10,64
VQE_reduced_surrogate,73002,3722,1,0.0001220703125,907.9647187499997,926.6671000000003,not_in_gurobi_pool,,0110101110011110100,00000101010100000,011010111001111010000000101010100000,128,8192,25,152,true,single,36,1.0e-10,64
VQE_reduced_surrogate,73002,3774,1,0.0001220703125,918.7494937500044,926.7647999999997,not_in_gurobi_pool,,1001011010111001101,00000101000001000,100101101011100110100000101000001000,128,8192,25,152,true,single,36,1.0e-10,64
VQE_reduced_surrogate,73002,3776,1,0.0001220703125,918.7698937499949,926.7851999999998,not_in_gurobi_pool,,1100111011011101000,10000101110100000,110011101101110100010000101110100000,128,8192,25,152,true,single,36,1.0e-10,64
VQE_reduced_surrogate,73002,3902,1,0.0001220703125,940.1635437500158,926.8046999999997,not_in_gurobi_pool,,1011001010110001100,00000100000000000,101100101011000110000000100000000000,128,8192,25,152,true,single,36,1.0e-10,64
VQE_reduced_surrogate,73002,3844,1,0.0001220703125,929.5489687499978,926.8771999999997,not_in_gurobi_pool,,1100000001111110110,00100000010000001,110000000111111011000100000010000001,128,8192,25,152,true,single,36,1.0e-10,64
VQE_reduced_surrogate,73002,3903,1,0.0001220703125,940.3580437500009,926.9991999999997,not_in_gurobi_pool,,0100100011011111011,00100001011000000,010010001101111101100100001011000000,128,8192,25,152,true,single,36,1.0e-10,64
VQE_reduced_surrogate,73002,3778,1,0.0001220703125,919.2928937500055,927.3081999999999,not_in_gurobi_pool,,1100010001110101111,00000000010101010,110001000111010111100000000010101010,128,8192,25,152,true,single,36,1.0e-10,64
VQE_reduced_surrogate,73002,3904,1,0.0001220703125,940.7690437499948,927.4101999999998,not_in_gurobi_pool,,1100101010110101101,00000001000000000,110010101011010110100000001000000000,128,8192,25,152,true,single,36,1.0e-10,64
VQE_reduced_surrogate,73002,4018,1,0.0001220703125,962.2840937500016,927.5510999999998,not_in_gurobi_pool,,1110111110111011101,00000000000111000,111011111011101110100000000000111000,128,8192,25,152,true,single,36,1.0e-10,64
VQE_reduced_surrogate,73002,3782,1,0.0001220703125,919.6828937500018,927.6981999999998,not_in_gurobi_pool,,1010111011010110010,00000111010100001,101011101101011001000000111010100001,128,8192,25,152,true,single,36,1.0e-10,64
VQE_reduced_surrogate,73002,3855,1,0.0001220703125,930.9214687500116,928.2497000000001,not_in_gurobi_pool,,1101111111110000001,10001001000101000,110111111111000000110001001000101000,128,8192,25,152,true,single,36,1.0e-10,64
VQE_reduced_surrogate,73002,3791,1,0.0001220703125,920.6397937500055,928.6550999999998,not_in_gurobi_pool,,0110011111011010000,10000101010110000,011001111101101000010000101010110000,128,8192,25,152,true,single,36,1.0e-10,64
VQE_reduced_surrogate,73002,3792,1,0.0001220703125,920.6397937500062,928.6550999999998,not_in_gurobi_pool,,0110111011011010000,10000101010110000,011011101101101000010000101010110000,128,8192,25,152,true,single,36,1.0e-10,64
VQE_reduced_surrogate,73002,3907,1,0.0001220703125,942.1075437500058,928.7486999999996,not_in_gurobi_pool,,0011001011011010000,10000111000000000,001100101101101000010000111000000000,128,8192,25,152,true,single,36,1.0e-10,64
VQE_reduced_surrogate,73002,3858,1,0.0001220703125,931.8109687499998,929.1391999999998,not_in_gurobi_pool,,0100011010111100101,00000001000101000,010001101011110010100000001000101000,128,8192,25,152,true,single,36,1.0e-10,64
VQE_reduced_surrogate,73002,3859,1,0.0001220703125,931.8514687500049,929.1796999999995,not_in_gurobi_pool,,0011111011011001000,10000111000100000,001111101101100100010000111000100000,128,8192,25,152,true,single,36,1.0e-10,64
VQE_reduced_surrogate,73002,3915,1,0.0001220703125,943.0011437500123,929.6422999999995,not_in_gurobi_pool,,0000011010111001100,01000101000001000,000001101011100110001000101000001000,128,8192,25,152,true,single,36,1.0e-10,64
VQE_reduced_surrogate,73002,3863,1,0.0001220703125,932.5384687500064,929.8666999999996,not_in_gurobi_pool,,0011001110110000110,00000100000000111,001100111011000011000000100000000111,128,8192,25,152,true,single,36,1.0e-10,64
VQE_reduced_surrogate,73002,3804,1,0.0001220703125,922.2528937499969,930.2682,not_in_gurobi_pool,,1010111001111000110,00000100000101111,101011100111100011000000100000101111,128,8192,25,152,true,single,36,1.0e-10,64
VQE_reduced_surrogate,73002,3867,1,0.0001220703125,933.1540687499985,930.4822999999997,not_in_gurobi_pool,,0000101010111011101,01000101000000000,000010101011101110101000101000000000,128,8192,25,152,true,single,36,1.0e-10,64
VQE_reduced_surrogate,73002,3918,1,0.0001220703125,943.8411437499942,930.4822999999999,not_in_gurobi_pool,,0000011110111011101,01000101000001000,000001111011101110101000101000001000,128,8192,25,152,true,single,36,1.0e-10,64
VQE_reduced_surrogate,73002,3868,1,0.0001220703125,933.2449687499977,930.5731999999996,not_in_gurobi_pool,,0100011010111010111,00000001000101101,010001101011101011100000001000101101,128,8192,25,152,true,single,36,1.0e-10,64
VQE_reduced_surrogate,73002,3978,1,0.0001220703125,954.6590187499987,930.6130999999998,not_in_gurobi_pool,,0110001010111010111,00000000000100101,011000101011101011100000000000100101,128,8192,25,152,true,single,36,1.0e-10,64
VQE_reduced_surrogate,73002,3923,1,0.0001220703125,944.2930437499983,930.9341999999999,not_in_gurobi_pool,,1100001001111101101,00000001000000000,110000100111110110100000001000000000,128,8192,25,152,true,single,36,1.0e-10,64
VQE_reduced_surrogate,73002,3871,1,0.0001220703125,933.7984687499852,931.1266999999996,not_in_gurobi_pool,,0101111110111001110,00000001000101110,010111111011100111000000001000101110,128,8192,25,152,true,single,36,1.0e-10,64
VQE_reduced_surrogate,73002,3926,1,0.0001220703125,944.6105437500048,931.2516999999996,not_in_gurobi_pool,,0011011111011101011,00000111000100010,001101111101110101100000111000100010,128,8192,25,152,true,single,36,1.0e-10,64
VQE_reduced_surrogate,73002,3979,1,0.0001220703125,955.2976187499999,931.2516999999998,not_in_gurobi_pool,,0011001111010101011,00000111000000010,001100111101010101100000111000000010,128,8192,25,152,true,single,36,1.0e-10,64
VQE_reduced_surrogate,73002,3740,1,0.0001220703125,912.7268187500028,931.4291999999998,not_in_gurobi_pool,,1100010111111001100,00000000010101000,110001011111100110000000000010101000,128,8192,25,152,true,single,36,1.0e-10,64
VQE_reduced_surrogate,73002,3928,1,0.0001220703125,945.2030437499934,931.8441999999997,not_in_gurobi_pool,,0100001110110011110,00000001000000100,010000111011001111000000001000000100,128,8192,25,152,true,single,36,1.0e-10,64
VQE_reduced_surrogate,73002,3873,1,0.0001220703125,934.5778687499992,931.9061000000002,not_in_gurobi_pool,,0110101111111100000,10000000000100000,011010111111110000010000000000100000,128,8192,25,152,true,single,36,1.0e-10,64
VQE_reduced_surrogate,73002,3933,1,0.0001220703125,946.5175437499963,933.1586999999995,not_in_gurobi_pool,,1101111011011001100,00000101100100000,110111101101100110000000101100100000,128,8192,25,152,true,single,36,1.0e-10,64
VQE_reduced_surrogate,73002,3702,1,0.0001220703125,903.9613437500082,933.3507999999995,not_in_gurobi_pool,,0001001001111000110,00000101000000111,000100100111100011000000101000000111,128,8192,25,152,true,single,36,1.0e-10,64
VQE_reduced_surrogate,73002,3847,1,0.0001220703125,930.1018937499966,938.1171999999999,not_in_gurobi_pool,,0100101011111000101,00000001000000000,010010101111100010100000001000000000,128,8192,25,152,true,single,36,1.0e-10,64
VQE_reduced_surrogate,73002,3800,1,0.0001220703125,921.5804187499959,940.2827999999997,not_in_gurobi_pool,,0001111111110100111,00000101000001011,000111111111010011100000101000001011,128,8192,25,152,true,single,36,1.0e-10,64
VQE_reduced_surrogate,73002,3934,1,0.0001220703125,947.1656687499935,944.4938999999996,not_in_gurobi_pool,,0111110000000010000,10010000010110000,011111000000001000010010000010110000,128,8192,25,152,true,single,36,1.0e-10,64
VQE_reduced_surrogate,73002,3935,1,0.0001220703125,947.1656687499983,944.4938999999996,not_in_gurobi_pool,,0111110100000010000,10010000010110000,011111010000001000010010000010110000,128,8192,25,152,true,single,36,1.0e-10,64
VQE_reduced_surrogate,73002,4002,1,0.0001220703125,959.0838437499995,945.7249999999997,not_in_gurobi_pool,,0101000100001011000,10110001010000000,010100010000101100010110001010000000,128,8192,25,152,true,single,36,1.0e-10,64
VQE_reduced_surrogate,73002,3885,1,0.0001220703125,937.8115937499888,945.8269,not_in_gurobi_pool,,0111100100001010011,00110000010100101,011110010000101001100110000010100101,128,8192,25,152,true,single,36,1.0e-10,64
VQE_reduced_surrogate,73002,3889,1,0.0001220703125,938.2425937499911,946.2579000000001,not_in_gurobi_pool,,0111100100000001011,00110000010100110,011110010000000101100110000010100110,128,8192,25,152,true,single,36,1.0e-10,64
VQE_reduced_surrogate,73002,3892,1,0.0001220703125,938.3365937499948,946.3518999999995,not_in_gurobi_pool,,1111111000001100001,10010101000110000,111111100000110000110010101000110000,128,8192,25,152,true,single,36,1.0e-10,64
VQE_reduced_surrogate,73002,3894,1,0.0001220703125,938.4375937499949,946.4528999999997,not_in_gurobi_pool,,1111111000001010000,10010101000110000,111111100000101000010010101000110000,128,8192,25,152,true,single,36,1.0e-10,64
VQE_reduced_surrogate,73002,3957,1,0.0001220703125,951.7487687499968,949.0769999999995,not_in_gurobi_pool,,0101010100101011000,10000000000101000,010101010010101100010000000000101000,128,8192,25,152,true,single,36,1.0e-10,64
VQE_reduced_surrogate,73002,3959,1,0.0001220703125,951.7597687499976,949.0879999999995,not_in_gurobi_pool,,0011010100101011000,10000000000101000,001101010010101100010000000000101000,128,8192,25,152,true,single,36,1.0e-10,64
VQE_reduced_surrogate,73002,3909,1,0.0001220703125,942.5705937500002,950.5858999999995,not_in_gurobi_pool,,0111110110001100001,10000000010110000,011111011000110000110000000010110000,128,8192,25,152,true,single,36,1.0e-10,64
VQE_reduced_surrogate,73002,4023,1,0.0001220703125,963.9528437500069,950.5939999999996,not_in_gurobi_pool,,0011111000001101000,10010111000100000,001111100000110100010010111000100000,128,8192,25,152,true,single,36,1.0e-10,64
VQE_reduced_surrogate,73002,4087,1,0.0001220703125,974.6399187500122,950.5939999999998,not_in_gurobi_pool,,0011001100001101000,10010111000000000,001100110000110100010010111000000000,128,8192,25,152,true,single,36,1.0e-10,64
VQE_reduced_surrogate,73002,4026,1,0.0001220703125,964.0538437500061,950.6949999999997,not_in_gurobi_pool,,0011111000001011000,10010111000100000,001111100000101100010010111000100000,128,8192,25,152,true,single,36,1.0e-10,64
VQE_reduced_surrogate,73002,3914,1,0.0001220703125,942.8981937499925,950.9134999999997,not_in_gurobi_pool,,1100011000101011000,10000001000101000,110001100010101100010000001000101000,128,8192,25,152,true,single,36,1.0e-10,64
VQE_reduced_surrogate,73002,4091,1,0.0001220703125,975.6325187499986,951.5865999999996,not_in_gurobi_pool,,1000010010101110000,11000000010001000,100001001010111000011000000010001000,128,8192,25,152,true,single,36,1.0e-10,64
VQE_reduced_surrogate,73002,3977,1,0.0001220703125,954.6366687499913,951.9648999999997,not_in_gurobi_pool,,0111101100101000001,10001000000100000,011110110010100000110001000000100000,128,8192,25,152,true,single,36,1.0e-10,64
VQE_reduced_surrogate,73002,3925,1,0.0001220703125,944.6005937499974,952.6158999999997,not_in_gurobi_pool,,1111111000011010000,10010101000110000,111111100001101000010010101000110000,128,8192,25,152,true,single,36,1.0e-10,64
VQE_reduced_surrogate,73002,3982,1,0.0001220703125,955.6377687499978,952.9659999999997,not_in_gurobi_pool,,1101110100101101100,00000000000101000,110111010010110110000000000000101000,128,8192,25,152,true,single,36,1.0e-10,64
VQE_reduced_surrogate,73002,4038,1,0.0001220703125,966.4258437499989,953.0669999999998,not_in_gurobi_pool,,1101100100101011101,00100000000000000,110110010010101110100100000000000000,128,8192,25,152,true,single,36,1.0e-10,64
VQE_reduced_surrogate,73002,3872,1,0.0001220703125,934.3655187500028,953.0678999999996,not_in_gurobi_pool,,1111100100100100111,00100000000100011,111110010010010011100100000000100011,128,8192,25,152,true,single,36,1.0e-10,64
VQE_reduced_surrogate,73002,3983,1,0.0001220703125,955.7497687499915,953.0779999999997,not_in_gurobi_pool,,1011110100101011100,00000000000101000,101111010010101110000000000000101000,128,8192,25,152,true,single,36,1.0e-10,64
VQE_reduced_surrogate,73002,3927,1,0.0001220703125,945.17719374999,953.1924999999999,not_in_gurobi_pool,,1100011100010110001,10010101110100000,110001110001011000110010101110100000,128,8192,25,152,true,single,36,1.0e-10,64
VQE_reduced_surrogate,73002,3984,1,0.0001220703125,955.9696687499886,953.2978999999998,not_in_gurobi_pool,,0111101100101000011,00001000000100111,011110110010100001100001000000100111,128,8192,25,152,true,single,36,1.0e-10,64
VQE_reduced_surrogate,73002,3985,1,0.0001220703125,956.0363687500173,953.3645999999999,not_in_gurobi_pool,,0000100100000110110,01110101011000001,000010010000011011001110101011000001,128,8192,25,152,true,single,36,1.0e-10,64
VQE_reduced_surrogate,73002,4097,1,0.0001220703125,977.9103187500034,953.8643999999999,not_in_gurobi_pool,,0110100100000101111,00110000011100010,011010010000010111100110000011100010,128,8192,25,152,true,single,36,1.0e-10,64
VQE_reduced_surrogate,73002,3874,1,0.0001220703125,935.2140187500029,953.9163999999996,not_in_gurobi_pool,,0110100010100010000,10100000010100000,011010001010001000010100000010100000,128,8192,25,152,true,single,36,1.0e-10,64
VQE_reduced_surrogate,73002,3987,1,0.0001220703125,956.6067687500058,953.9349999999995,not_in_gurobi_pool,,0101001100101101000,10000001000000000,010100110010110100010000001000000000,128,8192,25,152,true,single,36,1.0e-10,64
VQE_reduced_surrogate,73002,3988,1,0.0001220703125,956.6177687500101,953.9459999999997,not_in_gurobi_pool,,0011101000100101001,10000100000000000,001110100010010100110000100000000000,128,8192,25,152,true,single,36,1.0e-10,64
VQE_reduced_surrogate,73002,3876,1,0.0001220703125,935.5751187499959,954.2774999999997,not_in_gurobi_pool,,1100010000101011110,00000000010101100,110001000010101111000000000010101100,128,8192,25,152,true,single,36,1.0e-10,64
VQE_reduced_surrogate,73002,3994,1,0.0001220703125,957.3797687499989,954.7079999999999,not_in_gurobi_pool,,0101010000111110001,10000000000101000,010101000011111000110000000000101000,128,8192,25,152,true,single,36,1.0e-10,64
VQE_reduced_surrogate,73002,3995,1,0.0001220703125,957.390768750007,954.7189999999996,not_in_gurobi_pool,,0011110000110110000,10000000000101000,001111000011011000010000000000101000,128,8192,25,152,true,single,36,1.0e-10,64
VQE_reduced_surrogate,73002,4048,1,0.0001220703125,968.0778437500057,954.7189999999996,not_in_gurobi_pool,,0011100000110110001,10100000000000000,001110000011011000110100000000000000,128,8192,25,152,true,single,36,1.0e-10,64
VQE_reduced_surrogate,73002,4050,1,0.0001220703125,968.3764437500079,955.0175999999997,not_in_gurobi_pool,,0000100110100101001,11100000010000000,000010011010010100111100000010000000,128,8192,25,152,true,single,36,1.0e-10,64
VQE_reduced_surrogate,73002,4051,1,0.0001220703125,968.3764437500197,955.0175999999997,not_in_gurobi_pool,,0000100110100101000,11100000010000000,000010011010010100011100000010000000,128,8192,25,152,true,single,36,1.0e-10,64
VQE_reduced_surrogate,73002,4100,1,0.0001220703125,979.2313187499979,955.1853999999998,not_in_gurobi_pool,,0110011100100101011,00000000000111010,011001110010010101100000000000111010,128,8192,25,152,true,single,36,1.0e-10,64
VQE_reduced_surrogate,73002,3997,1,0.0001220703125,957.9227687500063,955.2509999999995,not_in_gurobi_pool,,0011110000110011000,10000000000101000,001111000011001100010000000000101000,128,8192,25,152,true,single,36,1.0e-10,64
VQE_reduced_surrogate,73002,4052,1,0.0001220703125,968.609843750012,955.2509999999997,not_in_gurobi_pool,,0011100100110011000,10100000000000000,001110010011001100010100000000000000,128,8192,25,152,true,single,36,1.0e-10,64
VQE_reduced_surrogate,73002,3998,1,0.0001220703125,958.0037687499948,955.3319999999999,not_in_gurobi_pool,,0101010010101010011,00000000000101101,010101001010101001100000000000101101,128,8192,25,152,true,single,36,1.0e-10,64
VQE_reduced_surrogate,73002,4105,1,0.0001220703125,979.8203187500078,955.7743999999997,not_in_gurobi_pool,,1110011110101100001,10000000000111000,111001111010110000110000000000111000,128,8192,25,152,true,single,36,1.0e-10,64
VQE_reduced_surrogate,73002,4001,1,0.0001220703125,958.4863687500274,955.8145999999997,not_in_gurobi_pool,,0000100100100101100,01100000010000000,000010010010010110001100000010000000,128,8192,25,152,true,single,36,1.0e-10,64
VQE_reduced_surrogate,73002,3880,1,0.0001220703125,937.1246187499996,955.8269999999998,not_in_gurobi_pool,,1101011000110100001,10000001000101000,110101100011010000110000001000101000,128,8192,25,152,true,single,36,1.0e-10,64
VQE_reduced_surrogate,73002,3937,1,0.0001220703125,947.8281937500119,955.8434999999997,not_in_gurobi_pool,,0100100100101101100,00100000010000000,010010010010110110000100000010000000,128,8192,25,152,true,single,36,1.0e-10,64
VQE_reduced_surrogate,73002,3882,1,0.0001220703125,937.2421187499926,955.9444999999996,not_in_gurobi_pool,,0100010000101011101,00000000010101000,010001000010101110100000000010101000,128,8192,25,152,true,single,36,1.0e-10,64
VQE_reduced_surrogate,73002,3939,1,0.0001220703125,948.247093750005,956.2624,not_in_gurobi_pool,,0110111110000110000,10000101010110000,011011111000011000010000101010110000,128,8192,25,152,true,single,36,1.0e-10,64
VQE_reduced_surrogate,73002,3941,1,0.0001220703125,948.4040937499956,956.4193999999998,not_in_gurobi_pool,,0110100110100101011,00100000010100010,011010011010010101100100000010100010,128,8192,25,152,true,single,36,1.0e-10,64
VQE_reduced_surrogate,73002,4003,1,0.0001220703125,959.0911687500029,956.4194,not_in_gurobi_pool,,0110010110101101011,00000000010111010,011001011010110101100000000010111010,128,8192,25,152,true,single,36,1.0e-10,64
VQE_reduced_surrogate,73002,3942,1,0.0001220703125,948.5050937499934,956.5203999999999,not_in_gurobi_pool,,0110000110101011011,00100000010100100,011000011010101101100100000010100100,128,8192,25,152,true,single,36,1.0e-10,64
VQE_reduced_surrogate,73002,4060,1,0.0001220703125,969.8927437499794,956.5338999999996,not_in_gurobi_pool,,1111010001010000001,10001000010110000,111101000101000000110001000010110000,128,8192,25,152,true,single,36,1.0e-10,64
VQE_reduced_surrogate,73002,4061,1,0.0001220703125,970.0668437500028,956.7079999999996,not_in_gurobi_pool,,1011101110100110001,10000100000000000,101110111010011000110000100000000000,128,8192,25,152,true,single,36,1.0e-10,64
VQE_reduced_surrogate,73002,4107,1,0.0001220703125,980.7919187499983,956.7459999999999,not_in_gurobi_pool,,0101001100011101001,10010101100000000,010100110001110100110010101100000000,128,8192,25,152,true,single,36,1.0e-10,64
VQE_reduced_surrogate,73002,4108,1,0.0001220703125,980.802918750016,956.7569999999998,not_in_gurobi_pool,,0011101100010101000,10010111000000000,001110110001010100010010111000000000,128,8192,25,152,true,single,36,1.0e-10,64
VQE_reduced_surrogate,73002,4005,1,0.0001220703125,959.4361687500013,956.7643999999997,not_in_gurobi_pool,,0110111000011011000,10010101010110000,011011100001101100010010101010110000,128,8192,25,152,true,single,36,1.0e-10,64
VQE_reduced_surrogate,73002,3944,1,0.0001220703125,949.1741937499953,957.1895,not_in_gurobi_pool,,0100000000110111011,00100000010000000,010000000011011101100100000010000000,128,8192,25,152,true,single,36,1.0e-10,64
VQE_reduced_surrogate,73002,3895,1,0.0001220703125,938.4995187499978,957.2018999999998,not_in_gurobi_pool,,1111100110111010001,10100000000100000,111110011011101000110100000000100000,128,8192,25,152,true,single,36,1.0e-10,64
VQE_reduced_surrogate,73002,4007,1,0.0001220703125,959.9746687500017,957.3028999999996,not_in_gurobi_pool,,1111110111001100000,10000000010110000,111111011100110000010000000010110000,128,8192,25,152,true,single,36,1.0e-10,64
VQE_reduced_surrogate,73002,3945,1,0.0001220703125,949.3240937499922,957.3393999999995,not_in_gurobi_pool,,0110110001101100000,10000000010111000,011011000110110000010000000010111000,128,8192,25,152,true,single,36,1.0e-10,64
VQE_reduced_surrogate,73002,3896,1,0.0001220703125,938.73801874999,957.4403999999995,not_in_gurobi_pool,,0110100001101010000,10100000010100000,011010000110101000010100000010100000,128,8192,25,152,true,single,36,1.0e-10,64
VQE_reduced_surrogate,73002,3946,1,0.0001220703125,949.4250937499887,957.4403999999996,not_in_gurobi_pool,,0110110001101010000,10000000010111000,011011000110101000010000000010111000,128,8192,25,152,true,single,36,1.0e-10,64
VQE_reduced_surrogate,73002,3947,1,0.0001220703125,949.7465937499992,957.7618999999997,not_in_gurobi_pool,,1111101110101001010,00000000000100110,111110111010100101000000000000100110,128,8192,25,152,true,single,36,1.0e-10,64
VQE_reduced_surrogate,73002,4011,1,0.0001220703125,960.7707687500033,958.0989999999997,not_in_gurobi_pool,,1011001000101010110,00000100000000101,101100100010101011000000100000000101,128,8192,25,152,true,single,36,1.0e-10,64
VQE_reduced_surrogate,73002,4172,1,0.0001220703125,993.2123937500178,958.4794000000002,not_in_gurobi_pool,,1110011110101011011,00000000000111100,111001111010101101100000000000111100,128,8192,25,152,true,single,36,1.0e-10,64
VQE_reduced_surrogate,73002,4014,1,0.0001220703125,961.2532687500034,958.5814999999996,not_in_gurobi_pool,,0010000001101101000,10100000010000000,001000000110110100010100000010000000,128,8192,25,152,true,single,36,1.0e-10,64
VQE_reduced_surrogate,73002,3954,1,0.0001220703125,950.6561937499921,958.6714999999995,not_in_gurobi_pool,,0100110001101011000,10000000010101000,010011000110101100010000000010101000,128,8192,25,152,true,single,36,1.0e-10,64
VQE_reduced_surrogate,73002,4015,1,0.0001220703125,961.3773687500006,958.7055999999995,not_in_gurobi_pool,,0000011010100100001,11000101000001000,000001101010010000111000101000001000,128,8192,25,152,true,single,36,1.0e-10,64
VQE_reduced_surrogate,73002,4016,1,0.0001220703125,961.4597687500059,958.7879999999996,not_in_gurobi_pool,,0011110000010101101,00010100010100000,001111000001010110100010100010100000,128,8192,25,152,true,single,36,1.0e-10,64
VQE_reduced_surrogate,73002,4071,1,0.0001220703125,972.1564437499947,958.7975999999999,not_in_gurobi_pool,,0000111110000111011,01000111110000000,000011111000011101101000111110000000,128,8192,25,152,true,single,36,1.0e-10,64
VQE_reduced_surrogate,73002,4072,1,0.0001220703125,972.2042437499949,958.8453999999996,not_in_gurobi_pool,,0110011000111010000,10000000000111000,011001100011101000010000000000111000,128,8192,25,152,true,single,36,1.0e-10,64
VQE_reduced_surrogate,73002,4076,1,0.0001220703125,972.5342437500028,959.1754000000001,not_in_gurobi_pool,,1110101000100101110,00000000000100010,111010100010010111000000000000100010,128,8192,25,152,true,single,36,1.0e-10,64
VQE_reduced_surrogate,73002,3955,1,0.0001220703125,951.3966937499949,959.4119999999996,not_in_gurobi_pool,,0011010110001001110,00000100010100110,001101011000100111000000100010100110,128,8192,25,152,true,single,36,1.0e-10,64
VQE_reduced_surrogate,73002,4017,1,0.0001220703125,962.199368750014,959.5275999999999,not_in_gurobi_pool,,0000100100010110110,01110101011000001,000010010001011011001110101011000001,128,8192,25,152,true,single,36,1.0e-10,64
VQE_reduced_surrogate,73002,3958,1,0.0001220703125,951.7506937499977,959.7659999999996,not_in_gurobi_pool,,0011111000101010101,00000100000101000,001111100010101010100000100000101000,128,8192,25,152,true,single,36,1.0e-10,64
VQE_reduced_surrogate,73002,3960,1,0.0001220703125,952.0640937500036,960.0793999999997,not_in_gurobi_pool,,0110010010111010000,10000000010111000,011001001011101000010000000010111000,128,8192,25,152,true,single,36,1.0e-10,64
VQE_reduced_surrogate,73002,3905,1,0.0001220703125,941.3787187500175,960.0810999999999,not_in_gurobi_pool,,0001100100010101110,00110101010000010,000110010001010111000110101010000010,128,8192,25,152,true,single,36,1.0e-10,64
VQE_reduced_surrogate,73002,4121,1,0.0001220703125,984.1533187500002,960.1073999999996,not_in_gurobi_pool,,0110011110100100011,00000000000111011,011001111010010001100000000000111011,128,8192,25,152,true,single,36,1.0e-10,64
VQE_reduced_surrogate,73002,4122,1,0.0001220703125,984.1533187500033,960.1073999999996,not_in_gurobi_pool,,0110011110101100011,00000000000111011,011001111010110001100000000000111011,128,8192,25,152,true,single,36,1.0e-10,64
VQE_reduced_surrogate,73002,4123,1,0.0001220703125,984.1623187500031,960.1163999999998,not_in_gurobi_pool,,0110111100110011000,10000000000111000,011011110011001100010000000000111000,128,8192,25,152,true,single,36,1.0e-10,64
VQE_reduced_surrogate,73002,3961,1,0.0001220703125,952.1816937499968,960.1969999999997,not_in_gurobi_pool,,0011111000101001101,00000100000101000,001111100010100110100000100000101000,128,8192,25,152,true,single,36,1.0e-10,64
VQE_reduced_surrogate,73002,4020,1,0.0001220703125,962.8941687500026,960.2224,not_in_gurobi_pool,,1110111100010110101,00010101010110000,111011110001011010100010101010110000,128,8192,25,152,true,single,36,1.0e-10,64
VQE_reduced_surrogate,73002,3962,1,0.0001220703125,952.2436937500008,960.2589999999996,not_in_gurobi_pool,,0011001000101000111,00000100000000111,001100100010100011100000100000000111,128,8192,25,152,true,single,36,1.0e-10,64
VQE_reduced_surrogate,73002,4021,1,0.0001220703125,962.9827687500022,960.3109999999999,not_in_gurobi_pool,,0011111101000101000,10000111000100000,001111110100010100010000111000100000,128,8192,25,152,true,single,36,1.0e-10,64
VQE_reduced_surrogate,73002,3964,1,0.0001220703125,952.3585937499993,960.3738999999995,not_in_gurobi_pool,,0111110001011010000,10000000010110000,011111000101101000010000000010110000,128,8192,25,152,true,single,36,1.0e-10,64
VQE_reduced_surrogate,73002,3857,1,0.0001220703125,931.2040437500045,960.5934999999995,not_in_gurobi_pool,,1100110111100010001,10000000010101000,110011011110001000110000000010101000,128,8192,25,152,true,single,36,1.0e-10,64
VQE_reduced_surrogate,73002,4084,1,0.0001220703125,973.9893437499886,960.6304999999998,not_in_gurobi_pool,,1100001001101011000,10000001000000000,110000100110101100010000001000000000,128,8192,25,152,true,single,36,1.0e-10,64
VQE_reduced_surrogate,73002,4085,1,0.0001220703125,974.094843749989,960.7359999999996,not_in_gurobi_pool,,1101111100011101100,00010101100100000,110111110001110110000010101100100000,128,8192,25,152,true,single,36,1.0e-10,64
VQE_reduced_surrogate,73002,4086,1,0.0001220703125,974.1084437500083,960.7495999999996,not_in_gurobi_pool,,0000100010110110001,11100000010000000,000010001011011000111100000010000000,128,8192,25,152,true,single,36,1.0e-10,64
VQE_reduced_surrogate,73002,4022,1,0.0001220703125,963.4453687500034,960.7735999999995,not_in_gurobi_pool,,0000011100100101101,01000101000001000,000001110010010110101000101000001000,128,8192,25,152,true,single,36,1.0e-10,64
VQE_reduced_surrogate,73002,4126,1,0.0001220703125,984.8939187500023,960.8479999999995,not_in_gurobi_pool,,1011001100011011101,00010111000000000,101100110001101110100010111000000000,128,8192,25,152,true,single,36,1.0e-10,64
VQE_reduced_surrogate,73002,4127,1,0.0001220703125,984.9449187500122,960.8989999999995,not_in_gurobi_pool,,0011100110100100100,00100000000000000,001110011010010010000100000000000000,128,8192,25,152,true,single,36,1.0e-10,64
VQE_reduced_surrogate,73002,4128,1,0.0001220703125,984.9449187499972,960.8989999999997,not_in_gurobi_pool,,0011100110101100101,00100000000000000,001110011010110010100100000000000000,128,8192,25,152,true,single,36,1.0e-10,64
VQE_reduced_surrogate,73002,3966,1,0.0001220703125,953.2741937499882,961.2894999999996,not_in_gurobi_pool,,1100010001101100100,00000000010101000,110001000110110010000000000010101000,128,8192,25,152,true,single,36,1.0e-10,64
VQE_reduced_surrogate,73002,4024,1,0.0001220703125,964.021268750003,961.3494999999998,not_in_gurobi_pool,,0010011110100101010,00000100000101010,001001111010010101000000100000101010,128,8192,25,152,true,single,36,1.0e-10,64
VQE_reduced_surrogate,73002,4025,1,0.0001220703125,964.0322687499822,961.3604999999995,not_in_gurobi_pool,,1100011011001000001,10001101110100000,110001101100100000110001101110100000,128,8192,25,152,true,single,36,1.0e-10,64
VQE_reduced_surrogate,73002,4189,1,0.0001220703125,996.2043937500146,961.4713999999999,not_in_gurobi_pool,,1110111001101110011,00000000000111001,111011100110111001100000000000111001,128,8192,25,152,true,single,36,1.0e-10,64
VQE_reduced_surrogate,73002,3969,1,0.0001220703125,953.5876937499968,961.6029999999998,not_in_gurobi_pool,,0011010001001001100,00000100010100000,001101000100100110000000100010100000,128,8192,25,152,true,single,36,1.0e-10,64
VQE_reduced_surrogate,73002,4028,1,0.0001220703125,964.2877687500122,961.6159999999995,not_in_gurobi_pool,,0011100001010011000,10100100010000000,001110000101001100010100100010000000,128,8192,25,152,true,single,36,1.0e-10,64
VQE_reduced_surrogate,73002,3971,1,0.0001220703125,953.6785937500006,961.6938999999998,not_in_gurobi_pool,,0111110101000000111,00000000010110111,011111010100000011100000000010110111,128,8192,25,152,true,single,36,1.0e-10,64
VQE_reduced_surrogate,73002,3862,1,0.0001220703125,932.4086437500089,961.7980999999997,not_in_gurobi_pool,,0001101000101110110,00000101000000001,000110100010111011000000101000000001,128,8192,25,152,true,single,36,1.0e-10,64
VQE_reduced_surrogate,73002,4030,1,0.0001220703125,964.6417687499991,961.9699999999998,not_in_gurobi_pool,,1101100110010101100,00100001010000000,110110011001010110000100001010000000,128,8192,25,152,true,single,36,1.0e-10,64
VQE_reduced_surrogate,73002,3916,1,0.0001220703125,943.3151187500109,962.0174999999997,not_in_gurobi_pool,,0010010000110101100,00000000010101000,001001000011010110000000000010101000,128,8192,25,152,true,single,36,1.0e-10,64
VQE_reduced_surrogate,73002,3973,1,0.0001220703125,954.1025937499955,962.1178999999998,not_in_gurobi_pool,,1111111000111000101,00000000000111000,111111100011100010100000000000111000,128,8192,25,152,true,single,36,1.0e-10,64
VQE_reduced_surrogate,73002,3975,1,0.0001220703125,954.1331937499904,962.1484999999996,not_in_gurobi_pool,,0100111000111111010,00000001000101000,010011100011111101000000001000101000,128,8192,25,152,true,single,36,1.0e-10,64
VQE_reduced_surrogate,73002,4031,1,0.0001220703125,964.9947687500016,962.3229999999999,not_in_gurobi_pool,,1101111011000010000,10000101100100000,110111101100001000010000101100100000,128,8192,25,152,true,single,36,1.0e-10,64
VQE_reduced_surrogate,73002,4092,1,0.0001220703125,975.6918437499949,962.3329999999996,not_in_gurobi_pool,,0011110010100010111,00000000000101101,001111001010001011100000000000101101,128,8192,25,152,true,single,36,1.0e-10,64
VQE_reduced_surrogate,73002,3976,1,0.0001220703125,954.3266937500009,962.3419999999999,not_in_gurobi_pool,,0011110101000101101,00000100010100000,001111010100010110100000100010100000,128,8192,25,152,true,single,36,1.0e-10,64
VQE_reduced_surrogate,73002,4093,1,0.0001220703125,976.3088437500182,962.9499999999998,not_in_gurobi_pool,,0011101010010101000,10000111000000000,001110101001010100010000111000000000,128,8192,25,152,true,single,36,1.0e-10,64
VQE_reduced_surrogate,73002,4034,1,0.0001220703125,965.9282687500026,963.2564999999997,not_in_gurobi_pool,,1100111010101001101,00000001000101000,110011101010100110100000001000101000,128,8192,25,152,true,single,36,1.0e-10,64
VQE_reduced_surrogate,73002,4035,1,0.0001220703125,966.1422687499896,963.4704999999997,not_in_gurobi_pool,,0100100110101011111,00100000010000100,010010011010101111100100000010000100,128,8192,25,152,true,single,36,1.0e-10,64
VQE_reduced_surrogate,73002,3980,1,0.0001220703125,955.5085937499873,963.5238999999998,not_in_gurobi_pool,,1111010001010000100,00000000010110000,111101000101000010000000000010110000,128,8192,25,152,true,single,36,1.0e-10,64
VQE_reduced_surrogate,73002,4036,1,0.0001220703125,966.236368749996,963.5645999999997,not_in_gurobi_pool,,0000010111101010000,11000000010001000,000001011110101000011000000010001000,128,8192,25,152,true,single,36,1.0e-10,64
VQE_reduced_surrogate,73002,3981,1,0.0001220703125,955.5880937499903,963.6033999999996,not_in_gurobi_pool,,0110010001111010000,10000000010111000,011001000111101000010000000010111000,128,8192,25,152,true,single,36,1.0e-10,64
VQE_reduced_surrogate,73002,4136,1,0.0001220703125,987.7315187500071,963.6855999999996,not_in_gurobi_pool,,0000111000011011100,01010111110000000,000011100001101110001010111110000000,128,8192,25,152,true,single,36,1.0e-10,64
VQE_reduced_surrogate,73002,4094,1,0.0001220703125,977.0744437499968,963.7155999999995,not_in_gurobi_pool,,0000011110001011101,01000111110000000,000001111000101110101000111110000000,128,8192,25,152,true,single,36,1.0e-10,64
VQE_reduced_surrogate,73002,4096,1,0.0001220703125,977.6324437500086,964.2735999999995,not_in_gurobi_pool,,0000100001110110000,11100000010000000,000010000111011000011100000010000000,128,8192,25,152,true,single,36,1.0e-10,64
VQE_reduced_surrogate,73002,3986,1,0.0001220703125,956.3895937500174,964.4049000000001,not_in_gurobi_pool,,1111111101010110011,00000101000110001,111111110101011001100000101000110001,128,8192,25,152,true,single,36,1.0e-10,64
VQE_reduced_surrogate,73002,4142,1,0.0001220703125,988.4689187499998,964.4229999999995,not_in_gurobi_pool,,0011000101100100101,00100000000000000,001100010110010010100100000000000000,128,8192,25,152,true,single,36,1.0e-10,64
VQE_reduced_surrogate,73002,4040,1,0.0001220703125,967.1247687500011,964.4529999999995,not_in_gurobi_pool,,1101111001001010110,00000101100100101,110111100100101011000000101100100101,128,8192,25,152,true,single,36,1.0e-10,64
VQE_reduced_surrogate,73002,3989,1,0.0001220703125,956.7531937500021,964.7684999999997,not_in_gurobi_pool,,1100110010110110101,00000000010101000,110011001011011010100000000010101000,128,8192,25,152,true,single,36,1.0e-10,64
VQE_reduced_surrogate,73002,4098,1,0.0001220703125,978.2563437500005,964.8974999999998,not_in_gurobi_pool,,1100101110100110110,00000001000000001,110010111010011011000000001000000001,128,8192,25,152,true,single,36,1.0e-10,64
VQE_reduced_surrogate,73002,3931,1,0.0001220703125,946.2241187499919,964.9264999999996,not_in_gurobi_pool,,0100000111101010011,00100000010000101,010000011110101001100100000010000101,128,8192,25,152,true,single,36,1.0e-10,64
VQE_reduced_surrogate,73002,3875,1,0.0001220703125,935.5370437500037,964.9264999999998,not_in_gurobi_pool,,0100010111101010011,00000000010101101,010001011110101001100000000010101101,128,8192,25,152,true,single,36,1.0e-10,64
VQE_reduced_surrogate,73002,4043,1,0.0001220703125,967.7203687500066,965.0485999999999,not_in_gurobi_pool,,0000101010001011110,01000111110000100,000010101000101111001000111110000100,128,8192,25,152,true,single,36,1.0e-10,64
VQE_reduced_surrogate,73002,4146,1,0.0001220703125,989.1259187500038,965.0799999999997,not_in_gurobi_pool,,0011001000011101111,00010111000000010,001100100001110111100010111000000010,128,8192,25,152,true,single,36,1.0e-10,64
VQE_reduced_surrogate,73002,4044,1,0.0001220703125,967.7591687499953,965.0874,not_in_gurobi_pool,,0110111000011011111,00010101010110100,011011100001101111100010101010110100,128,8192,25,152,true,single,36,1.0e-10,64
VQE_reduced_surrogate,73002,4045,1,0.0001220703125,967.7907687500042,965.1189999999997,not_in_gurobi_pool,,0011101010101000101,00000100000000000,001110101010100010100000100000000000,128,8192,25,152,true,single,36,1.0e-10,64
VQE_reduced_surrogate,73002,3990,1,0.0001220703125,957.1056937500043,965.1209999999996,not_in_gurobi_pool,,0101011110111010001,10000001000101000,010101111011101000110000001000101000,128,8192,25,152,true,single,36,1.0e-10,64
VQE_reduced_surrogate,73002,4147,1,0.0001220703125,989.2269187499951,965.1809999999998,not_in_gurobi_pool,,0011001100011011111,00010111000000100,001100110001101111100010111000000100,128,8192,25,152,true,single,36,1.0e-10,64
VQE_reduced_surrogate,73002,4046,1,0.0001220703125,967.8712687499992,965.1994999999997,not_in_gurobi_pool,,1100100110110101100,00100000010000000,110010011011010110000100000010000000,128,8192,25,152,true,single,36,1.0e-10,64
VQE_reduced_surrogate,73002,3932,1,0.0001220703125,946.5080187499898,965.2103999999998,not_in_gurobi_pool,,0110011001011010000,10000101010110000,011001100101101000010000101010110000,128,8192,25,152,true,single,36,1.0e-10,64
VQE_reduced_surrogate,73002,3991,1,0.0001220703125,957.2776937499916,965.2929999999999,not_in_gurobi_pool,,0101011001011010000,10000101100100000,010101100101101000010000101100100000,128,8192,25,152,true,single,36,1.0e-10,64
VQE_reduced_surrogate,73002,3992,1,0.0001220703125,957.285193750004,965.3004999999998,not_in_gurobi_pool,,1100010010111011101,00000000010101000,110001001011101110100000000010101000,128,8192,25,152,true,single,36,1.0e-10,64
VQE_reduced_surrogate,73002,4047,1,0.0001220703125,967.9722687500039,965.3004999999998,not_in_gurobi_pool,,1100000110110011100,00100000010000000,110000011011001110000100000010000000,128,8192,25,152,true,single,36,1.0e-10,64
VQE_reduced_surrogate,73002,4099,1,0.0001220703125,978.687343749996,965.3284999999998,not_in_gurobi_pool,,1100101110100101110,00000001000000010,110010111010010111000000001000000010,128,8192,25,152,true,single,36,1.0e-10,64
VQE_reduced_surrogate,73002,3996,1,0.0001220703125,957.8415937499976,965.8568999999995,not_in_gurobi_pool,,0111101100110100101,00000000000100000,011110110011010010100000000000100000,128,8192,25,152,true,single,36,1.0e-10,64
VQE_reduced_surrogate,73002,4053,1,0.0001220703125,968.7781687500055,966.1063999999999,not_in_gurobi_pool,,0110110001110101011,00000000010111010,011011000111010101100000000010111010,128,8192,25,152,true,single,36,1.0e-10,64
VQE_reduced_surrogate,73002,4101,1,0.0001220703125,979.5994437500087,966.2405999999999,not_in_gurobi_pool,,0000011110110011000,11000101000001000,000001111011001100011000101000001000,128,8192,25,152,true,single,36,1.0e-10,64
VQE_reduced_surrogate,73002,4054,1,0.0001220703125,968.9857687499882,966.3139999999999,not_in_gurobi_pool,,0011100110011101110,00100100010000010,001110011001110111000100100010000010,128,8192,25,152,true,single,36,1.0e-10,64
VQE_reduced_surrogate,73002,3999,1,0.0001220703125,958.3031937500014,966.3184999999999,not_in_gurobi_pool,,0100111110101000110,00000001000101111,010011111010100011000000001000101111,128,8192,25,152,true,single,36,1.0e-10,64
VQE_reduced_surrogate,73002,4102,1,0.0001220703125,979.6872437499958,966.3283999999999,not_in_gurobi_pool,,0110111000111000110,00000000000111111,011011100011100011000000000000111111,128,8192,25,152,true,single,36,1.0e-10,64
VQE_reduced_surrogate,73002,4000,1,0.0001220703125,958.3336937499996,966.3489999999999,not_in_gurobi_pool,,0101011100111001100,00000001000101000,010101110011100110000000001000101000,128,8192,25,152,true,single,36,1.0e-10,64
VQE_reduced_surrogate,73002,3938,1,0.0001220703125,947.8625187500077,966.5648999999999,not_in_gurobi_pool,,0111111101010100011,00000101000110011,011111110101010001100000101000110011,128,8192,25,152,true,single,36,1.0e-10,64
VQE_reduced_surrogate,73002,4055,1,0.0001220703125,969.338768750006,966.6669999999995,not_in_gurobi_pool,,0011011111001010011,00000111000100101,001101111100101001100000111000100101,128,8192,25,152,true,single,36,1.0e-10,64
VQE_reduced_surrogate,73002,4057,1,0.0001220703125,969.4522687499978,966.7804999999998,not_in_gurobi_pool,,1100011101101001100,00000001000101000,110001110110100110000000001000101000,128,8192,25,152,true,single,36,1.0e-10,64
VQE_reduced_surrogate,73002,4059,1,0.0001220703125,969.7697687500033,967.0979999999995,not_in_gurobi_pool,,0011011111001001011,00000111000100110,001101111100100101100000111000100110,128,8192,25,152,true,single,36,1.0e-10,64
VQE_reduced_surrogate,73002,4106,1,0.0001220703125,980.4652437500006,967.1063999999999,not_in_gurobi_pool,,0110001100111011101,00000000000100000,011000110011101110100000000000100000,128,8192,25,152,true,single,36,1.0e-10,64
VQE_reduced_surrogate,73002,4156,1,0.0001220703125,991.1979187500078,967.1519999999996,not_in_gurobi_pool,,0101000010110010100,00100000000000000,010100001011001010000100000000000000,128,8192,25,152,true,single,36,1.0e-10,64
VQE_reduced_surrogate,73002,4004,1,0.0001220703125,959.2571937500031,967.2724999999996,not_in_gurobi_pool,,0100111011000110011,00000101110100001,010011101100011001100000101110100001,128,8192,25,152,true,single,36,1.0e-10,64
VQE_reduced_surrogate,73002,4062,1,0.0001220703125,970.1732687500012,967.5014999999999,not_in_gurobi_pool,,0100111010110101010,00000001000101010,010011101011010101000000001000101010,128,8192,25,152,true,single,36,1.0e-10,64
VQE_reduced_surrogate,73002,4110,1,0.0001220703125,980.9528437499991,967.5939999999996,not_in_gurobi_pool,,0011010010111001101,00000000000101000,001101001011100110100000000000101000,128,8192,25,152,true,single,36,1.0e-10,64
VQE_reduced_surrogate,73002,4159,1,0.0001220703125,991.6399187500197,967.5939999999996,not_in_gurobi_pool,,0011000010110001100,00100000000000000,001100001011000110000100000000000000,128,8192,25,152,true,single,36,1.0e-10,64
VQE_reduced_surrogate,73002,4063,1,0.0001220703125,970.3576687499956,967.6858999999997,not_in_gurobi_pool,,1111101011011000001,10001101000100000,111110101101100000110001101000100000,128,8192,25,152,true,single,36,1.0e-10,64
VQE_reduced_surrogate,73002,4064,1,0.0001220703125,970.7937687499998,968.1219999999996,not_in_gurobi_pool,,1011000111110100011,00100000000000011,101100011111010001100100000000000011,128,8192,25,152,true,single,36,1.0e-10,64
VQE_reduced_surrogate,73002,4065,1,0.0001220703125,970.8837687500022,968.2119999999998,not_in_gurobi_pool,,1101000111110010011,00100000000000101,110100011111001001100100000000000101,128,8192,25,152,true,single,36,1.0e-10,64
VQE_reduced_surrogate,73002,4008,1,0.0001220703125,960.2771937499933,968.2924999999998,not_in_gurobi_pool,,1100110001111110100,00000000010101000,110011000111111010000000000010101000,128,8192,25,152,true,single,36,1.0e-10,64
VQE_reduced_surrogate,73002,4067,1,0.0001220703125,970.9642687499975,968.2924999999998,not_in_gurobi_pool,,1100100001110110101,00100000010000000,110010000111011010100100000010000000,128,8192,25,152,true,single,36,1.0e-10,64
VQE_reduced_surrogate,73002,4068,1,0.0001220703125,971.0002687499891,968.3284999999996,not_in_gurobi_pool,,0100111110101101111,00000001000101010,010011111010110111100000001000101010,128,8192,25,152,true,single,36,1.0e-10,64
VQE_reduced_surrogate,73002,4009,1,0.0001220703125,960.4061937499889,968.4214999999995,not_in_gurobi_pool,,0100011001110100001,10000001000101000,010001100111010000110000001000101000,128,8192,25,152,true,single,36,1.0e-10,64
VQE_reduced_surrogate,73002,4112,1,0.0001220703125,981.7928437499802,968.434,not_in_gurobi_pool,,0011110110111011101,00000000000101000,001111011011101110100000000000101000,128,8192,25,152,true,single,36,1.0e-10,64
VQE_reduced_surrogate,73002,4010,1,0.0001220703125,960.6296937499976,968.6449999999995,not_in_gurobi_pool,,0101111001111010001,10000001000101000,010111100111101000110000001000101000,128,8192,25,152,true,single,36,1.0e-10,64
VQE_reduced_surrogate,73002,4171,1,0.0001220703125,992.961918749995,968.9159999999995,not_in_gurobi_pool,,0101000110111001110,00100000000000110,010100011011100111000100000000000110,128,8192,25,152,true,single,36,1.0e-10,64
VQE_reduced_surrogate,73002,4013,1,0.0001220703125,960.9011937499961,968.9164999999996,not_in_gurobi_pool,,0100110011110000001,10001000010101000,010011001111000000110001000010101000,128,8192,25,152,true,single,36,1.0e-10,64
VQE_reduced_surrogate,73002,4114,1,0.0001220703125,982.2858437499931,968.9269999999997,not_in_gurobi_pool,,0011010110111001110,00000000000101110,001101011011100111000000000000101110,128,8192,25,152,true,single,36,1.0e-10,64
VQE_reduced_surrogate,73002,4069,1,0.0001220703125,971.7216687499988,969.0498999999998,not_in_gurobi_pool,,1111101110110100100,00000000000100000,111110111011010010000000000000100000,128,8192,25,152,true,single,36,1.0e-10,64
VQE_reduced_surrogate,73002,4070,1,0.0001220703125,971.7842687500029,969.1124999999995,not_in_gurobi_pool,,0010000110110110110,00100000010000001,001000011011011011000100000010000001,128,8192,25,152,true,single,36,1.0e-10,64
VQE_reduced_surrogate,73002,3953,1,0.0001220703125,950.557118750015,969.2594999999997,not_in_gurobi_pool,,1100010111110101011,00000000010101010,110001011111010101100000000010101010,128,8192,25,152,true,single,36,1.0e-10,64
VQE_reduced_surrogate,73002,4073,1,0.0001220703125,972.3052687499955,969.6334999999997,not_in_gurobi_pool,,0100100010111011110,00100000010000100,010010001011101111000100000010000100,128,8192,25,152,true,single,36,1.0e-10,64
VQE_reduced_surrogate,73002,4074,1,0.0001220703125,972.3703687500024,969.6985999999997,not_in_gurobi_pool,,1000001110110110100,01000101000000000,100000111011011010001000101000000000,128,8192,25,152,true,single,36,1.0e-10,64
VQE_reduced_surrogate,73002,4077,1,0.0001220703125,972.6012687499999,969.9294999999997,not_in_gurobi_pool,,1100101111000110101,00000101110000000,110010111100011010100000101110000000,128,8192,25,152,true,single,36,1.0e-10,64
VQE_reduced_surrogate,73002,4079,1,0.0001220703125,972.9527687499833,970.281,not_in_gurobi_pool,,1101111110111101101,00000001000101000,110111111011110110100000001000101000,128,8192,25,152,true,single,36,1.0e-10,64
VQE_reduced_surrogate,73002,4080,1,0.0001220703125,973.0322687499945,970.3604999999998,not_in_gurobi_pool,,1100101111000101101,00000101110000000,110010111100010110100000101110000000,128,8192,25,152,true,single,36,1.0e-10,64
VQE_reduced_surrogate,73002,4081,1,0.0001220703125,973.0537687499898,970.3820000000001,not_in_gurobi_pool,,1101111110111011101,00000001000101000,110111111011101110100000001000101000,128,8192,25,152,true,single,36,1.0e-10,64
VQE_reduced_surrogate,73002,4120,1,0.0001220703125,983.9793437499968,970.6204999999998,not_in_gurobi_pool,,0100101101101011101,00000001000000000,010010110110101110100000001000000000,128,8192,25,152,true,single,36,1.0e-10,64
VQE_reduced_surrogate,73002,3963,1,0.0001220703125,952.2667187500097,970.9690999999998,not_in_gurobi_pool,,1001101011110000000,10001101000000000,100110101111000000010001101000000000,128,8192,25,152,true,single,36,1.0e-10,64
VQE_reduced_surrogate,73002,3906,1,0.0001220703125,941.7110437500037,971.1004999999998,not_in_gurobi_pool,,0010010011111010011,00000000010101101,001001001111101001100000000010101101,128,8192,25,152,true,single,36,1.0e-10,64
VQE_reduced_surrogate,73002,4124,1,0.0001220703125,984.6058437500014,971.2469999999998,not_in_gurobi_pool,,0011101101100001110,00000100000000110,001110110110000111000000100000000110,128,8192,25,152,true,single,36,1.0e-10,64
VQE_reduced_surrogate,73002,4083,1,0.0001220703125,973.9317687500009,971.2599999999998,not_in_gurobi_pool,,0011011101111011011,00000100000101100,001101110111101101100000100000101100,128,8192,25,152,true,single,36,1.0e-10,64
VQE_reduced_surrogate,73002,4129,1,0.0001220703125,985.1584437500014,971.7995999999998,not_in_gurobi_pool,,0000010111110110010,01000000010001001,000001011111011001001000000010001001,128,8192,25,152,true,single,36,1.0e-10,64
VQE_reduced_surrogate,73002,4186,1,0.0001220703125,995.953918750002,971.9079999999997,not_in_gurobi_pool,,0101000101110100110,00100000000000011,010100010111010011000100000000000011,128,8192,25,152,true,single,36,1.0e-10,64
VQE_reduced_surrogate,73002,4187,1,0.0001220703125,995.9649187500029,971.9189999999996,not_in_gurobi_pool,,0011000101111100110,00100000000000011,001100010111110011000100000000000011,128,8192,25,152,true,single,36,1.0e-10,64
VQE_reduced_surrogate,73002,4130,1,0.0001220703125,985.2778437500012,971.9189999999999,not_in_gurobi_pool,,0011010001110100111,00000000000101011,001101000111010011100000000000101011,128,8192,25,152,true,single,36,1.0e-10,64
VQE_reduced_surrogate,73002,4244,1,0.0001220703125,1006.660393750001,971.9273999999997,not_in_gurobi_pool,,0110111010110100101,00000000000111000,011011101011010010100000000000111000,128,8192,25,152,true,single,36,1.0e-10,64
VQE_reduced_surrogate,73002,4027,1,0.0001220703125,964.1140937500008,972.1293999999998,not_in_gurobi_pool,,0110101111001100100,00000101010100000,011010111100110010000000101010100000,128,8192,25,152,true,single,36,1.0e-10,64
VQE_reduced_surrogate,73002,4191,1,0.0001220703125,996.2689187500014,972.2229999999997,not_in_gurobi_pool,,0011001111000100101,00000111000000000,001100111100010010100000111000000000,128,8192,25,152,true,single,36,1.0e-10,64
VQE_reduced_surrogate,73002,3970,1,0.0001220703125,953.5997187500056,972.3020999999994,not_in_gurobi_pool,,1001101011111000011,00001101000000111,100110101111100001100001101000000111,128,8192,25,152,true,single,36,1.0e-10,64
VQE_reduced_surrogate,73002,4131,1,0.0001220703125,985.9118437500101,972.5529999999997,not_in_gurobi_pool,,0011001010110001101,00000100000000000,001100101011000110100000100000000000,128,8192,25,152,true,single,36,1.0e-10,64
VQE_reduced_surrogate,73002,4029,1,0.0001220703125,964.6191937500016,972.6344999999997,not_in_gurobi_pool,,0100111011011011000,10000101110100000,010011101101101100010000101110100000,128,8192,25,152,true,single,36,1.0e-10,64
VQE_reduced_surrogate,73002,4089,1,0.0001220703125,975.3067687499904,972.6349999999995,not_in_gurobi_pool,,1101111001111010100,00000001000101000,110111100111101010000000001000101000,128,8192,25,152,true,single,36,1.0e-10,64
VQE_reduced_surrogate,73002,4090,1,0.0001220703125,975.615268749991,972.9434999999996,not_in_gurobi_pool,,1100011001110001100,00000001000101000,110001100111000110000000001000101000,128,8192,25,152,true,single,36,1.0e-10,64
VQE_reduced_surrogate,73002,4032,1,0.0001220703125,965.0331937500002,973.0484999999996,not_in_gurobi_pool,,1100001011110010011,00000001000000101,110000101111001001100000001000000101,128,8192,25,152,true,single,36,1.0e-10,64
VQE_reduced_surrogate,73002,4033,1,0.0001220703125,965.0546937500076,973.0699999999995,not_in_gurobi_pool,,1101001111110100011,00000001000000011,110100111111010001100000001000000011,128,8192,25,152,true,single,36,1.0e-10,64
VQE_reduced_surrogate,73002,4133,1,0.0001220703125,986.6183437499965,973.2594999999999,not_in_gurobi_pool,,0100001010111011101,00000001000000000,010000101011101110100000001000000000,128,8192,25,152,true,single,36,1.0e-10,64
VQE_reduced_surrogate,73002,4250,1,0.0001220703125,1007.9933937499984,973.2603999999999,not_in_gurobi_pool,,0110111010110100111,00000000000111011,011011101011010011100000000000111011,128,8192,25,152,true,single,36,1.0e-10,64
VQE_reduced_surrogate,73002,4037,1,0.0001220703125,966.2570937500022,974.2723999999997,not_in_gurobi_pool,,0110111101011110110,00000101010110001,011011110101111011000000101010110001,128,8192,25,152,true,single,36,1.0e-10,64
VQE_reduced_surrogate,73002,4139,1,0.0001220703125,987.9433437499931,974.5844999999995,not_in_gurobi_pool,,1100001001111110110,00000001000000001,110000100111111011000000001000000001,128,8192,25,152,true,single,36,1.0e-10,64
VQE_reduced_surrogate,73002,4039,1,0.0001220703125,966.688093749995,974.7033999999998,not_in_gurobi_pool,,0110111101011101110,00000101010110010,011011110101110111000000101010110010,128,8192,25,152,true,single,36,1.0e-10,64
VQE_reduced_surrogate,73002,4095,1,0.0001220703125,977.3977687499707,974.7259999999997,not_in_gurobi_pool,,0011111110111011111,00000100000101100,001111111011101111100000100000101100,128,8192,25,152,true,single,36,1.0e-10,64
VQE_reduced_surrogate,73002,4209,1,0.0001220703125,998.811518749998,974.7655999999995,not_in_gurobi_pool,,0000111111001011111,01000111110000100,000011111100101111101000111110000100,128,8192,25,152,true,single,36,1.0e-10,64
VQE_reduced_surrogate,73002,3993,1,0.0001220703125,957.3461187500063,976.0484999999996,not_in_gurobi_pool,,0100011111110010011,00000001000101101,010001111111001001100000001000101101,128,8192,25,152,true,single,36,1.0e-10,64
VQE_reduced_surrogate,73002,4157,1,0.0001220703125,991.3454437499945,977.9865999999995,not_in_gurobi_pool,,0000111001111101111,01000101000001010,000011100111110111101000101000001010,128,8192,25,152,true,single,36,1.0e-10,64
VQE_reduced_surrogate,73002,4222,1,0.0001220703125,1002.42091875,978.3749999999998,not_in_gurobi_pool,,0101001011011100101,00000101100000000,010100101101110010100000101100000000,128,8192,25,152,true,single,36,1.0e-10,64
VQE_reduced_surrogate,73002,4111,1,0.0001220703125,981.3772687500007,978.7054999999998,not_in_gurobi_pool,,1100101011111010101,00000001000000000,110010101111101010100000001000000000,128,8192,25,152,true,single,36,1.0e-10,64
VQE_reduced_surrogate,73002,4113,1,0.0001220703125,981.8082687499989,979.1364999999998,not_in_gurobi_pool,,1100101011110001101,00000001000000000,110010101111000110100000001000000000,128,8192,25,152,true,single,36,1.0e-10,64
VQE_reduced_surrogate,73002,4119,1,0.0001220703125,983.1412687499992,980.4694999999999,not_in_gurobi_pool,,1100001111111001110,00000001000000110,110000111111100111000000001000000110,128,8192,25,152,true,single,36,1.0e-10,64
VQE_reduced_surrogate,73002,4164,1,0.0001220703125,992.4259687499946,989.7541999999996,not_in_gurobi_pool,,0111110100101000000,10001000000111000,011111010010100000010001000000111000,128,8192,25,152,true,single,36,1.0e-10,64
VQE_reduced_surrogate,73002,4078,1,0.0001220703125,972.9393187500091,991.6416999999997,not_in_gurobi_pool,,0110100100100101000,10100000010100000,011010010010010100010100000010100000,128,8192,25,152,true,single,36,1.0e-10,64
VQE_reduced_surrogate,73002,4019,1,0.0001220703125,962.436743749998,991.8261999999995,not_in_gurobi_pool,,0111100100100100011,00100000000100011,011110010010010001100100000000100011,128,8192,25,152,true,single,36,1.0e-10,64
VQE_reduced_surrogate,73002,4082,1,0.0001220703125,973.3978187500052,992.1001999999996,not_in_gurobi_pool,,0111101100000100000,10010101000100000,011110110000010000010010101000100000,128,8192,25,152,true,single,36,1.0e-10,64
VQE_reduced_surrogate,73002,4135,1,0.0001220703125,986.7794937499982,994.7947999999997,not_in_gurobi_pool,,1100010010101101000,10000000010101000,110001001010110100010000000010101000,128,8192,25,152,true,single,36,1.0e-10,64
VQE_reduced_surrogate,73002,4201,1,0.0001220703125,997.8826687500293,995.2108999999998,not_in_gurobi_pool,,0000100100000101100,01110101011000000,000010010000010110001110101011000000,128,8192,25,152,true,single,36,1.0e-10,64
VQE_reduced_surrogate,73002,4253,1,0.0001220703125,1009.1325437500022,995.7737,not_in_gurobi_pool,,1110101000100111011,00000000000100000,111010100010011101100000000000100000,128,8192,25,152,true,single,36,1.0e-10,64
VQE_reduced_surrogate,73002,4138,1,0.0001220703125,987.9018937499993,995.9171999999994,not_in_gurobi_pool,,0111100100111000000,10101000000100000,011110010011100000010101000000100000,128,8192,25,152,true,single,36,1.0e-10,64
VQE_reduced_surrogate,73002,4205,1,0.0001220703125,998.5889687499969,995.9171999999996,not_in_gurobi_pool,,0111110000111000000,10001000000111000,011111000011100000010001000000111000,128,8192,25,152,true,single,36,1.0e-10,64
VQE_reduced_surrogate,73002,4255,1,0.0001220703125,1009.3550437499973,995.9962,not_in_gurobi_pool,,0111110100000001111,00010000010110110,011111010000000111100010000010110110,128,8192,25,152,true,single,36,1.0e-10,64
VQE_reduced_surrogate,73002,4140,1,0.0001220703125,988.1758937500058,996.1911999999998,not_in_gurobi_pool,,1111101100001010100,00010101000100000,111110110000101010000010101000100000,128,8192,25,152,true,single,36,1.0e-10,64
VQE_reduced_surrogate,73002,4141,1,0.0001220703125,988.2448937500037,996.2601999999997,not_in_gurobi_pool,,1111110000110101011,00000000000111010,111111000011010101100000000000111010,128,8192,25,152,true,single,36,1.0e-10,64
VQE_reduced_surrogate,73002,4143,1,0.0001220703125,988.6068937500031,996.6221999999998,not_in_gurobi_pool,,1111101100001001100,00010101000100000,111110110000100110000010101000100000,128,8192,25,152,true,single,36,1.0e-10,64
VQE_reduced_surrogate,73002,4144,1,0.0001220703125,988.6464937499914,996.6617999999999,not_in_gurobi_pool,,0100011000101011000,10000001000101000,010001100010101100010000001000101000,128,8192,25,152,true,single,36,1.0e-10,64
VQE_reduced_surrogate,73002,4325,1,0.0001220703125,1020.7848187499997,996.7388999999996,not_in_gurobi_pool,,1000111000000110101,01010111110000000,100011100000011010101010111110000000,128,8192,25,152,true,single,36,1.0e-10,64
VQE_reduced_surrogate,73002,4262,1,0.0001220703125,1010.1061437499959,996.7472999999995,not_in_gurobi_pool,,0101000010101010000,10100000000000000,010100001010101000010100000000000000,128,8192,25,152,true,single,36,1.0e-10,64
VQE_reduced_surrogate,73002,4210,1,0.0001220703125,999.4210687499906,996.7492999999997,not_in_gurobi_pool,,0011100110001111011,00100100010000000,001110011000111101100100100010000000,128,8192,25,152,true,single,36,1.0e-10,64
VQE_reduced_surrogate,73002,4264,1,0.0001220703125,1010.1171437500027,996.7582999999995,not_in_gurobi_pool,,0011000010100010000,10100000000000000,001100001010001000010100000000000000,128,8192,25,152,true,single,36,1.0e-10,64
VQE_reduced_surrogate,73002,4145,1,0.0001220703125,989.0723937499724,997.0876999999994,not_in_gurobi_pool,,1110010001100100000,10000000010111000,111001000110010000010000000010111000,128,8192,25,152,true,single,36,1.0e-10,64
VQE_reduced_surrogate,73002,4329,1,0.0001220703125,1021.4393187500034,997.3933999999997,not_in_gurobi_pool,,1001111000001011100,00010111100000000,100111100000101110000010111100000000,128,8192,25,152,true,single,36,1.0e-10,64
VQE_reduced_surrogate,73002,4148,1,0.0001220703125,989.6539937499945,997.6692999999996,not_in_gurobi_pool,,0011010101000110001,10000100010100000,001101010100011000110000100010100000,128,8192,25,152,true,single,36,1.0e-10,64
VQE_reduced_surrogate,73002,4213,1,0.0001220703125,1000.5479687499901,997.8761999999997,not_in_gurobi_pool,,1111001000111000001,10001000000100000,111100100011100000110001000000100000,128,8192,25,152,true,single,36,1.0e-10,64
VQE_reduced_surrogate,73002,4214,1,0.0001220703125,1000.6470687499984,997.9752999999996,not_in_gurobi_pool,,0101010000101001100,00000000000101000,010101000010100110000000000000101000,128,8192,25,152,true,single,36,1.0e-10,64
VQE_reduced_surrogate,73002,4149,1,0.0001220703125,990.0009937500042,998.0162999999998,not_in_gurobi_pool,,0101011100100101011,00000001000101010,010101110010010101100000001000101010,128,8192,25,152,true,single,36,1.0e-10,64
VQE_reduced_surrogate,73002,4151,1,0.0001220703125,990.430493749999,998.4457999999997,not_in_gurobi_pool,,1100010110011111000,10000001011100000,110001011001111100010000001011100000,128,8192,25,152,true,single,36,1.0e-10,64
VQE_reduced_surrogate,73002,4103,1,0.0001220703125,979.8188187499968,998.5211999999999,not_in_gurobi_pool,,0111110000111001010,00000000000111110,011111000011100101000000000000111110,128,8192,25,152,true,single,36,1.0e-10,64
VQE_reduced_surrogate,73002,4152,1,0.0001220703125,990.5684937499987,998.5837999999999,not_in_gurobi_pool,,1100011010101010000,10000001000101000,110001101010101000010000001000101000,128,8192,25,152,true,single,36,1.0e-10,64
VQE_reduced_surrogate,73002,4218,1,0.0001220703125,1001.3860687500016,998.7142999999996,not_in_gurobi_pool,,0101110100100101101,00000000000101000,010111010010010110100000000000101000,128,8192,25,152,true,single,36,1.0e-10,64
VQE_reduced_surrogate,73002,4153,1,0.0001220703125,990.730893750007,998.7461999999996,not_in_gurobi_pool,,1111101110101010000,10000000000100000,111110111010101000010000000000100000,128,8192,25,152,true,single,36,1.0e-10,64
VQE_reduced_surrogate,73002,4270,1,0.0001220703125,1012.1781437500044,998.8192999999999,not_in_gurobi_pool,,0101010110100110011,00000000000101001,010101011010011001100000000000101001,128,8192,25,152,true,single,36,1.0e-10,64
VQE_reduced_surrogate,73002,4056,1,0.0001220703125,969.4379437500074,998.8273999999997,not_in_gurobi_pool,,0001001000101111010,00000101000000000,000100100010111101000000101000000000,128,8192,25,152,true,single,36,1.0e-10,64
VQE_reduced_surrogate,73002,4154,1,0.0001220703125,991.1318937499973,999.1471999999999,not_in_gurobi_pool,,1111111000111001001,10000000000111000,111111100011100100110000000000111000,128,8192,25,152,true,single,36,1.0e-10,64
VQE_reduced_surrogate,73002,4219,1,0.0001220703125,1001.9800687499962,999.3082999999997,not_in_gurobi_pool,,0101010000100001110,00000000000101110,010101000010000111000000000000101110,128,8192,25,152,true,single,36,1.0e-10,64
VQE_reduced_surrogate,73002,4337,1,0.0001220703125,1023.4082187499926,999.3622999999998,not_in_gurobi_pool,,0011000010101011011,00100000000000100,001100001010101101100100000000000100,128,8192,25,152,true,single,36,1.0e-10,64
VQE_reduced_surrogate,73002,4220,1,0.0001220703125,1002.1280687500025,999.4562999999998,not_in_gurobi_pool,,1011111110101110000,10000100000101000,101111111010111000010000100000101000,128,8192,25,152,true,single,36,1.0e-10,64
VQE_reduced_surrogate,73002,4224,1,0.0001220703125,1002.5265687500064,999.8547999999996,not_in_gurobi_pool,,1100011110101011000,10000001000101000,110001111010101100010000001000101000,128,8192,25,152,true,single,36,1.0e-10,64
VQE_reduced_surrogate,73002,4226,1,0.0001220703125,1002.639568749993,999.9677999999994,not_in_gurobi_pool,,0100100110101111011,00100000010000000,010010011010111101100100000010000000,128,8192,25,152,true,single,36,1.0e-10,64
VQE_reduced_surrogate,73002,4160,1,0.0001220703125,992.1044937499992,1000.1197999999997,not_in_gurobi_pool,,1100111000100110101,00000001000101000,110011100010011010100000001000101000,128,8192,25,152,true,single,36,1.0e-10,64
VQE_reduced_surrogate,73002,4161,1,0.0001220703125,992.1068937499899,1000.1221999999997,not_in_gurobi_pool,,1111010001011010000,10000000010110000,111101000101101000010000000010110000,128,8192,25,152,true,single,36,1.0e-10,64
VQE_reduced_surrogate,73002,4281,1,0.0001220703125,1013.6301437499803,1000.2712999999994,not_in_gurobi_pool,,0101000001101010000,10100000000000000,010100000110101000010100000000000000,128,8192,25,152,true,single,36,1.0e-10,64
VQE_reduced_surrogate,73002,4282,1,0.0001220703125,1013.6411437499867,1000.2822999999994,not_in_gurobi_pool,,0011000001101010000,10100000000000000,001100000110101000010100000000000000,128,8192,25,152,true,single,36,1.0e-10,64
VQE_reduced_surrogate,73002,4162,1,0.0001220703125,992.2853937499974,1000.3006999999998,not_in_gurobi_pool,,0110001000001100110,00010101010100011,011000100000110011000010101010100011,128,8192,25,152,true,single,36,1.0e-10,64
VQE_reduced_surrogate,73002,4163,1,0.0001220703125,992.3243937500035,1000.3396999999998,not_in_gurobi_pool,,0110101100001011101,00010101010100000,011010110000101110100010101010100000,128,8192,25,152,true,single,36,1.0e-10,64
VQE_reduced_surrogate,73002,4283,1,0.0001220703125,1013.7531437500043,1000.3942999999997,not_in_gurobi_pool,,0011111000001100110,00010111000100011,001111100000110011000010111000100011,128,8192,25,152,true,single,36,1.0e-10,64
VQE_reduced_surrogate,73002,4284,1,0.0001220703125,1013.7540437500015,1000.3951999999998,not_in_gurobi_pool,,0111110100011010101,00010000010110000,011111010001101010100010000010110000,128,8192,25,152,true,single,36,1.0e-10,64
VQE_reduced_surrogate,73002,4229,1,0.0001220703125,1003.0734687499985,1000.4016999999999,not_in_gurobi_pool,,0110111000001010110,00010101010110101,011011100000101011000010101010110101,128,8192,25,152,true,single,36,1.0e-10,64
VQE_reduced_surrogate,73002,4167,1,0.0001220703125,992.5114937500002,1000.5267999999996,not_in_gurobi_pool,,1100010010110110001,10000000010101000,110001001011011000110000000010101000,128,8192,25,152,true,single,36,1.0e-10,64
VQE_reduced_surrogate,73002,4168,1,0.0001220703125,992.5354937499974,1000.5507999999998,not_in_gurobi_pool,,1100111000100101101,00000001000101000,110011100010010110100000001000101000,128,8192,25,152,true,single,36,1.0e-10,64
VQE_reduced_surrogate,73002,4231,1,0.0001220703125,1003.3275687500088,1000.6557999999995,not_in_gurobi_pool,,1100011010101110011,00000001000101001,110001101010111001100000001000101001,128,8192,25,152,true,single,36,1.0e-10,64
VQE_reduced_surrogate,73002,4287,1,0.0001220703125,1014.0876437499892,1000.7287999999996,not_in_gurobi_pool,,1100100011000110000,10100001011000000,110010001100011000010100001011000000,128,8192,25,152,true,single,36,1.0e-10,64
VQE_reduced_surrogate,73002,4347,1,0.0001220703125,1024.9722187500083,1000.9262999999996,not_in_gurobi_pool,,0011001100001001110,00010111000000110,001100110000100111000010111000000110,128,8192,25,152,true,single,36,1.0e-10,64
VQE_reduced_surrogate,73002,4348,1,0.0001220703125,1024.9722187500117,1000.9262999999996,not_in_gurobi_pool,,0011001000001001110,00010111000000110,001100100000100111000010111000000110,128,8192,25,152,true,single,36,1.0e-10,64
VQE_reduced_surrogate,73002,4289,1,0.0001220703125,1014.2851437499978,1000.9262999999999,not_in_gurobi_pool,,0011011100001001111,00010111000100110,001101110000100111100010111000100110,128,8192,25,152,true,single,36,1.0e-10,64
VQE_reduced_surrogate,73002,4115,1,0.0001220703125,982.4054187500012,1001.1077999999995,not_in_gurobi_pool,,1100110010101000110,00000000010101111,110011001010100011000000000010101111,128,8192,25,152,true,single,36,1.0e-10,64
VQE_reduced_surrogate,73002,4349,1,0.0001220703125,1025.1726187500012,1001.1266999999998,not_in_gurobi_pool,,1110001010100101011,00000000000100010,111000101010010101100000000000100010,128,8192,25,152,true,single,36,1.0e-10,64
VQE_reduced_surrogate,73002,4234,1,0.0001220703125,1003.8909687499979,1001.2192,not_in_gurobi_pool,,1111111000111101011,00000000000111010,111111100011110101100000000000111010,128,8192,25,152,true,single,36,1.0e-10,64
VQE_reduced_surrogate,73002,4173,1,0.0001220703125,993.2519937499981,1001.2672999999998,not_in_gurobi_pool,,1101111000101001110,00000001000101110,110111100010100111000000001000101110,128,8192,25,152,true,single,36,1.0e-10,64
VQE_reduced_surrogate,73002,4174,1,0.0001220703125,993.3885937500224,1001.4038999999998,not_in_gurobi_pool,,0000100010000101100,01100101011000000,000010001000010110001100101011000000,128,8192,25,152,true,single,36,1.0e-10,64
VQE_reduced_surrogate,73002,4175,1,0.0001220703125,993.5063937499895,1001.5216999999998,not_in_gurobi_pool,,0110010001101010011,00000000010111101,011001000110101001100000000010111101,128,8192,25,152,true,single,36,1.0e-10,64
VQE_reduced_surrogate,73002,4176,1,0.0001220703125,993.5164937499974,1001.5318,not_in_gurobi_pool,,0100111000000101110,00010101110100010,010011100000010111000010101110100010,128,8192,25,152,true,single,36,1.0e-10,64
VQE_reduced_surrogate,73002,4117,1,0.0001220703125,982.912818750006,1001.6151999999997,not_in_gurobi_pool,,0111101100110100000,10000000000100000,011110110011010000010000000000100000,128,8192,25,152,true,single,36,1.0e-10,64
VQE_reduced_surrogate,73002,4118,1,0.0001220703125,983.0118187499984,1001.7141999999999,not_in_gurobi_pool,,1111100010111001010,00100000000100110,111110001011100101000100000000100110,128,8192,25,152,true,single,36,1.0e-10,64
VQE_reduced_surrogate,73002,4294,1,0.0001220703125,1015.2856437499995,1001.9268,not_in_gurobi_pool,,1100101110100111011,00000001000000000,110010111010011101100000001000000000,128,8192,25,152,true,single,36,1.0e-10,64
VQE_reduced_surrogate,73002,4177,1,0.0001220703125,993.991493749983,1002.0067999999997,not_in_gurobi_pool,,1100011001101100000,10000001000101000,110001100110110000010000001000101000,128,8192,25,152,true,single,36,1.0e-10,64
VQE_reduced_surrogate,73002,4178,1,0.0001220703125,994.0039937499955,1002.0192999999997,not_in_gurobi_pool,,1101111000111111011,00000001000101000,110111100011111101100000001000101000,128,8192,25,152,true,single,36,1.0e-10,64
VQE_reduced_surrogate,73002,4179,1,0.0001220703125,994.085893749989,1002.1012000000001,not_in_gurobi_pool,,0111100110011101011,00100000010100010,011110011001110101100100000010100010,128,8192,25,152,true,single,36,1.0e-10,64
VQE_reduced_surrogate,73002,4296,1,0.0001220703125,1015.8601437500015,1002.5012999999994,not_in_gurobi_pool,,1101110010100001110,00000000000101110,110111001010000111000000000000101110,128,8192,25,152,true,single,36,1.0e-10,64
VQE_reduced_surrogate,73002,4180,1,0.0001220703125,994.5234937499927,1002.5387999999998,not_in_gurobi_pool,,1100011001101001001,10000001000101000,110001100110100100110000001000101000,128,8192,25,152,true,single,36,1.0e-10,64
VQE_reduced_surrogate,73002,4413,1,0.0001220703125,1037.5086937500046,1002.7757000000001,not_in_gurobi_pool,,0110110000010101110,00010000011110010,011011000001010111000010000011110010,128,8192,25,152,true,single,36,1.0e-10,64
VQE_reduced_surrogate,73002,4237,1,0.0001220703125,1005.4569687499948,1002.7851999999999,not_in_gurobi_pool,,1111111100011001100,00010101000110000,111111110001100110000010101000110000,128,8192,25,152,true,single,36,1.0e-10,64
VQE_reduced_surrogate,73002,4414,1,0.0001220703125,1037.609693750003,1002.8767000000003,not_in_gurobi_pool,,0110110100010011110,00010000011110100,011011010001001111000010000011110100,128,8192,25,152,true,single,36,1.0e-10,64
VQE_reduced_surrogate,73002,4238,1,0.0001220703125,1005.617068750018,1002.9452999999996,not_in_gurobi_pool,,0011001000101001100,00000100000000000,001100100010100110000000100000000000,128,8192,25,152,true,single,36,1.0e-10,64
VQE_reduced_surrogate,73002,4239,1,0.0001220703125,1005.6830687499867,1003.0112999999997,not_in_gurobi_pool,,0101000011000100000,10100001010000000,010100001100010000010100001010000000,128,8192,25,152,true,single,36,1.0e-10,64
VQE_reduced_surrogate,73002,4181,1,0.0001220703125,995.0338937499985,1003.0491999999997,not_in_gurobi_pool,,0111111100110010011,00000000000111101,011111110011001001100000000000111101,128,8192,25,152,true,single,36,1.0e-10,64
VQE_reduced_surrogate,73002,4182,1,0.0001220703125,995.0349937500014,1003.0502999999997,not_in_gurobi_pool,,0011111010101010011,00000100000101101,001111101010101001100000100000101101,128,8192,25,152,true,single,36,1.0e-10,64
VQE_reduced_surrogate,73002,4183,1,0.0001220703125,995.0349937500016,1003.0502999999997,not_in_gurobi_pool,,0011011110101010011,00000100000101101,001101111010101001100000100000101101,128,8192,25,152,true,single,36,1.0e-10,64
VQE_reduced_surrogate,73002,4240,1,0.0001220703125,1005.9846687499949,1003.3128999999997,not_in_gurobi_pool,,1000010111101010000,11000000010001000,100001011110101000011000000010001000,128,8192,25,152,true,single,36,1.0e-10,64
VQE_reduced_surrogate,73002,4359,1,0.0001220703125,1027.479818750001,1003.4338999999998,not_in_gurobi_pool,,1000111000011011100,01010111110000000,100011100001101110001010111110000000,128,8192,25,152,true,single,36,1.0e-10,64
VQE_reduced_surrogate,73002,4242,1,0.0001220703125,1006.1071687499921,1003.4353999999994,not_in_gurobi_pool,,1001010111100010000,10000000000001000,100101011110001000010000000000001000,128,8192,25,152,true,single,36,1.0e-10,64
VQE_reduced_surrogate,73002,4185,1,0.0001220703125,995.4659937499998,1003.4812999999997,not_in_gurobi_pool,,0011011110101001011,00000100000101110,001101111010100101100000100000101110,128,8192,25,152,true,single,36,1.0e-10,64
VQE_reduced_surrogate,73002,4360,1,0.0001220703125,1027.6663187500048,1003.6203999999996,not_in_gurobi_pool,,0001010010110110001,10000000000001000,000101001011011000110000000000001000,128,8192,25,152,true,single,36,1.0e-10,64
VQE_reduced_surrogate,73002,4300,1,0.0001220703125,1017.1481437499999,1003.7892999999995,not_in_gurobi_pool,,0011001110100110011,00000100000000001,001100111010011001100000100000000001,128,8192,25,152,true,single,36,1.0e-10,64
VQE_reduced_surrogate,73002,4188,1,0.0001220703125,996.0354937499915,1004.0507999999995,not_in_gurobi_pool,,1100010001110110001,10000000010101000,110001000111011000110000000010101000,128,8192,25,152,true,single,36,1.0e-10,64
VQE_reduced_surrogate,73002,4303,1,0.0001220703125,1017.4501437499964,1004.0912999999998,not_in_gurobi_pool,,0011110110110101001,10000000000101000,001111011011010100110000000000101000,128,8192,25,152,true,single,36,1.0e-10,64
VQE_reduced_surrogate,73002,4306,1,0.0001220703125,1017.6266437499769,1004.2677999999999,not_in_gurobi_pool,,0100011001101000000,10001001000101000,010001100110100000010001001000101000,128,8192,25,152,true,single,36,1.0e-10,64
VQE_reduced_surrogate,73002,4245,1,0.0001220703125,1006.9500687500145,1004.2782999999997,not_in_gurobi_pool,,0011001000100001110,00000100000000110,001100100010000111000000100000000110,128,8192,25,152,true,single,36,1.0e-10,64
VQE_reduced_surrogate,73002,4307,1,0.0001220703125,1017.6376437499841,1004.2787999999998,not_in_gurobi_pool,,0010011001101000001,10001100000101000,001001100110100000110001100000101000,128,8192,25,152,true,single,36,1.0e-10,64
VQE_reduced_surrogate,73002,4190,1,0.0001220703125,996.2649937499953,1004.2802999999999,not_in_gurobi_pool,,0101011000111011011,00000001000101100,010101100011101101100000001000101100,128,8192,25,152,true,single,36,1.0e-10,64
VQE_reduced_surrogate,73002,4309,1,0.0001220703125,1017.8161437499996,1004.4572999999996,not_in_gurobi_pool,,0011100100110110101,00100000000000000,001110010011011010100100000000000000,128,8192,25,152,true,single,36,1.0e-10,64
VQE_reduced_surrogate,73002,4192,1,0.0001220703125,996.4889937500013,1004.5042999999996,not_in_gurobi_pool,,0101011110001000100,00000101100100000,010101111000100010000000101100100000,128,8192,25,152,true,single,36,1.0e-10,64
VQE_reduced_surrogate,73002,4193,1,0.0001220703125,996.5763937500008,1004.5917,not_in_gurobi_pool,,0110010010110001010,00000000010111110,011001001011000101000000000010111110,128,8192,25,152,true,single,36,1.0e-10,64
VQE_reduced_surrogate,73002,4194,1,0.0001220703125,996.722493749992,1004.7377999999999,not_in_gurobi_pool,,1100001010010111011,00000101110000000,110000101001011101100000101110000000,128,8192,25,152,true,single,36,1.0e-10,64
VQE_reduced_surrogate,73002,4132,1,0.0001220703125,986.0354187500002,1004.7378000000001,not_in_gurobi_pool,,1100011010011111011,00000101110100000,110001101001111101100000101110100000,128,8192,25,152,true,single,36,1.0e-10,64
VQE_reduced_surrogate,73002,4195,1,0.0001220703125,996.8503937500077,1004.8656999999998,not_in_gurobi_pool,,1110111010001011111,00000101010110100,111011101000101111100000101010110100,128,8192,25,152,true,single,36,1.0e-10,64
VQE_reduced_surrogate,73002,4247,1,0.0001220703125,1007.5600687499975,1004.8882999999996,not_in_gurobi_pool,,0011110000110101101,00000000000101000,001111000011010110100000000000101000,128,8192,25,152,true,single,36,1.0e-10,64
VQE_reduced_surrogate,73002,4248,1,0.0001220703125,1007.5685687499931,1004.8967999999998,not_in_gurobi_pool,,0100001100110111010,00000001000000000,010000110011011101000000001000000000,128,8192,25,152,true,single,36,1.0e-10,64
VQE_reduced_surrogate,73002,4366,1,0.0001220703125,1029.0282187499977,1004.9822999999997,not_in_gurobi_pool,,0101000010110110011,00100000000000001,010100001011011001100100000000000001,128,8192,25,152,true,single,36,1.0e-10,64
VQE_reduced_surrogate,73002,4314,1,0.0001220703125,1018.3481437500081,1004.9892999999997,not_in_gurobi_pool,,0011100000111011100,00100000000000000,001110000011101110000100000000000000,128,8192,25,152,true,single,36,1.0e-10,64
VQE_reduced_surrogate,73002,4315,1,0.0001220703125,1018.3481437499984,1004.9892999999997,not_in_gurobi_pool,,0011000100111011101,00100000000000000,001100010011101110100100000000000000,128,8192,25,152,true,single,36,1.0e-10,64
VQE_reduced_surrogate,73002,4367,1,0.0001220703125,1029.0392187499995,1004.9932999999996,not_in_gurobi_pool,,0011000010110110011,00100000000000001,001100001011011001100100000000000001,128,8192,25,152,true,single,36,1.0e-10,64
VQE_reduced_surrogate,73002,4198,1,0.0001220703125,997.0648937499957,1005.0801999999996,not_in_gurobi_pool,,0111110100110010111,00000000000111101,011111010011001011100000000000111101,128,8192,25,152,true,single,36,1.0e-10,64
VQE_reduced_surrogate,73002,4199,1,0.0001220703125,997.3248937499998,1005.3401999999996,not_in_gurobi_pool,,1111101010111001001,10000000000100000,111110101011100100110000000000100000,128,8192,25,152,true,single,36,1.0e-10,64
VQE_reduced_surrogate,73002,4134,1,0.0001220703125,986.6774187499932,1005.3797999999997,not_in_gurobi_pool,,1100011011001001001,10000101110100000,110001101100100100110000101110100000,128,8192,25,152,true,single,36,1.0e-10,64
VQE_reduced_surrogate,73002,4318,1,0.0001220703125,1018.8096437500044,1005.4507999999998,not_in_gurobi_pool,,1100101101100111011,00000001000000000,110010110110011101100000001000000000,128,8192,25,152,true,single,36,1.0e-10,64
VQE_reduced_surrogate,73002,4252,1,0.0001220703125,1008.4470687500036,1005.7752999999998,not_in_gurobi_pool,,0101111010001001100,00000101100100000,010111101000100110000000101100100000,128,8192,25,152,true,single,36,1.0e-10,64
VQE_reduced_surrogate,73002,4372,1,0.0001220703125,1030.1348187500007,1006.0888999999997,not_in_gurobi_pool,,0000010110101101110,01000000010001010,000001011010110111001000000010001010,128,8192,25,152,true,single,36,1.0e-10,64
VQE_reduced_surrogate,73002,4202,1,0.0001220703125,998.1123937499983,1006.1276999999998,not_in_gurobi_pool,,0110110100110101110,00000000010111010,011011010011010111000000000010111010,128,8192,25,152,true,single,36,1.0e-10,64
VQE_reduced_surrogate,73002,4203,1,0.0001220703125,998.1965937499983,1006.2118999999996,not_in_gurobi_pool,,0000000111100100000,11100000010000000,000000011110010000011100000010000000,128,8192,25,152,true,single,36,1.0e-10,64
VQE_reduced_surrogate,73002,4204,1,0.0001220703125,998.1965937500029,1006.2118999999996,not_in_gurobi_pool,,0000000111101100000,11100000010000000,000000011110110000011100000010000000,128,8192,25,152,true,single,36,1.0e-10,64
VQE_reduced_surrogate,73002,4137,1,0.0001220703125,987.7700187500063,1006.4723999999994,not_in_gurobi_pool,,0001101001101011000,10000101000000000,000110100110101100010000101000000000,128,8192,25,152,true,single,36,1.0e-10,64
VQE_reduced_surrogate,73002,4254,1,0.0001220703125,1009.1744687499975,1006.5026999999999,not_in_gurobi_pool,,0110111100011011101,00010101010110000,011011110001101110100010101010110000,128,8192,25,152,true,single,36,1.0e-10,64
VQE_reduced_surrogate,73002,4374,1,0.0001220703125,1030.6312187500002,1006.5852999999997,not_in_gurobi_pool,,0101101100011011100,00010101100000000,010110110001101110000010101100000000,128,8192,25,152,true,single,36,1.0e-10,64
VQE_reduced_surrogate,73002,4375,1,0.0001220703125,1030.6422187500061,1006.5962999999997,not_in_gurobi_pool,,0011101100011011100,00010111000000000,001110110001101110000010111000000000,128,8192,25,152,true,single,36,1.0e-10,64
VQE_reduced_surrogate,73002,4256,1,0.0001220703125,1009.3600687499984,1006.6882999999998,not_in_gurobi_pool,,0011011110001010111,00000111000100101,001101111000101011100000111000100101,128,8192,25,152,true,single,36,1.0e-10,64
VQE_reduced_surrogate,73002,4207,1,0.0001220703125,998.6984937499935,1006.7137999999998,not_in_gurobi_pool,,1100111000110101100,00000001000101000,110011100011010110000000001000101000,128,8192,25,152,true,single,36,1.0e-10,64
VQE_reduced_surrogate,73002,4208,1,0.0001220703125,998.7534937499925,1006.7687999999998,not_in_gurobi_pool,,1100100010011111111,00100001011000000,110010001001111111100100001011000000,128,8192,25,152,true,single,36,1.0e-10,64
VQE_reduced_surrogate,73002,4257,1,0.0001220703125,1009.6529687500001,1006.9811999999997,not_in_gurobi_pool,,1111101110110110011,00000000000100001,111110111011011001100000000000100001,128,8192,25,152,true,single,36,1.0e-10,64
VQE_reduced_surrogate,73002,4321,1,0.0001220703125,1020.4671437500019,1007.1082999999996,not_in_gurobi_pool,,0101001010000001110,00000101100000110,010100101000000111000000101100000110,128,8192,25,152,true,single,36,1.0e-10,64
VQE_reduced_surrogate,73002,4259,1,0.0001220703125,1009.9700687499992,1007.2982999999997,not_in_gurobi_pool,,0011100110010110101,00100100010000000,001110011001011010100100100010000000,128,8192,25,152,true,single,36,1.0e-10,64
VQE_reduced_surrogate,73002,4322,1,0.0001220703125,1020.6611437499994,1007.3022999999998,not_in_gurobi_pool,,0101001101100110011,00000001000000001,010100110110011001100000001000000001,128,8192,25,152,true,single,36,1.0e-10,64
VQE_reduced_surrogate,73002,4261,1,0.0001220703125,1010.0839687499938,1007.4121999999998,not_in_gurobi_pool,,1111101110110101011,00000000000100010,111110111011010101100000000000100010,128,8192,25,152,true,single,36,1.0e-10,64
VQE_reduced_surrogate,73002,4211,1,0.0001220703125,999.5544937499894,1007.5697999999995,not_in_gurobi_pool,,0100010001101001100,00000000010101000,010001000110100110000000000010101000,128,8192,25,152,true,single,36,1.0e-10,64
VQE_reduced_surrogate,73002,4377,1,0.0001220703125,1031.6502187500028,1007.6042999999995,not_in_gurobi_pool,,0101000101111101000,10100000000000000,010100010111110100010100000000000000,128,8192,25,152,true,single,36,1.0e-10,64
VQE_reduced_surrogate,73002,4379,1,0.0001220703125,1031.7316187500076,1007.6856999999995,not_in_gurobi_pool,,0110111010110100000,10000000000111000,011011101011010000010000000000111000,128,8192,25,152,true,single,36,1.0e-10,64
VQE_reduced_surrogate,73002,4380,1,0.0001220703125,1031.8343187500068,1007.7883999999999,not_in_gurobi_pool,,0001111000010101110,00010111100000010,000111100001010111000010111100000010,128,8192,25,152,true,single,36,1.0e-10,64
VQE_reduced_surrogate,73002,4328,1,0.0001220703125,1021.429143749993,1008.0702999999999,not_in_gurobi_pool,,1101110110110101100,00000000000101000,110111011011010110000000000000101000,128,8192,25,152,true,single,36,1.0e-10,64
VQE_reduced_surrogate,73002,4384,1,0.0001220703125,1032.2636187500016,1008.2176999999997,not_in_gurobi_pool,,0110011110110001001,10000000000111000,011001111011000100110000000000111000,128,8192,25,152,true,single,36,1.0e-10,64
VQE_reduced_surrogate,73002,4267,1,0.0001220703125,1010.9225687500025,1008.2507999999998,not_in_gurobi_pool,,1100110111001011100,00000001011100000,110011011100101110000000001011100000,128,8192,25,152,true,single,36,1.0e-10,64
VQE_reduced_surrogate,73002,4049,1,0.0001220703125,968.2168687500036,1008.2933999999996,not_in_gurobi_pool,,1001101111101100000,10000101000000000,100110111110110000010000101000000000,128,8192,25,152,true,single,36,1.0e-10,64
VQE_reduced_surrogate,73002,4331,1,0.0001220703125,1022.0231437500022,1008.6642999999995,not_in_gurobi_pool,,1101010010110001110,00000000000101110,110101001011000111000000000000101110,128,8192,25,152,true,single,36,1.0e-10,64
VQE_reduced_surrogate,73002,4215,1,0.0001220703125,1000.6888937499855,1008.7041999999997,not_in_gurobi_pool,,1111100110111001111,00100000000100110,111110011011100111100100000000100110,128,8192,25,152,true,single,36,1.0e-10,64
VQE_reduced_surrogate,73002,4268,1,0.0001220703125,1011.5400687499989,1008.8682999999996,not_in_gurobi_pool,,0101111001001010100,00000101100100000,010111100100101010000000101100100000,128,8192,25,152,true,single,36,1.0e-10,64
VQE_reduced_surrogate,73002,4389,1,0.0001220703125,1033.0906187500002,1009.0446999999997,not_in_gurobi_pool,,0110101010101001101,00000000000100000,011010101010100110100000000000100000,128,8192,25,152,true,single,36,1.0e-10,64
VQE_reduced_surrogate,73002,4332,1,0.0001220703125,1022.4091437500076,1009.0502999999994,not_in_gurobi_pool,,0011101010111101000,10000100000000000,001110101011110100010000100000000000,128,8192,25,152,true,single,36,1.0e-10,64
VQE_reduced_surrogate,73002,4390,1,0.0001220703125,1033.1526187499985,1009.1066999999998,not_in_gurobi_pool,,0110111110101000111,00000000000111111,011011111010100011100000000000111111,128,8192,25,152,true,single,36,1.0e-10,64
VQE_reduced_surrogate,73002,4216,1,0.0001220703125,1001.125893749994,1009.1411999999998,not_in_gurobi_pool,,0111101110110100011,00000000000100011,011110111011010001100000000000100011,128,8192,25,152,true,single,36,1.0e-10,64
VQE_reduced_surrogate,73002,4269,1,0.0001220703125,1011.9820687500003,1009.3102999999996,not_in_gurobi_pool,,0011111001001001100,00000111000100000,001111100100100110000000111000100000,128,8192,25,152,true,single,36,1.0e-10,64
VQE_reduced_surrogate,73002,4217,1,0.0001220703125,1001.3053937499908,1009.3206999999998,not_in_gurobi_pool,,1110100110111101110,00100000010100010,111010011011110111000100000010100010,128,8192,25,152,true,single,36,1.0e-10,64
VQE_reduced_surrogate,73002,4271,1,0.0001220703125,1012.4885687500039,1009.8167999999998,not_in_gurobi_pool,,0010011110100100110,00000100000101011,001001111010010011000000100000101011,128,8192,25,152,true,single,36,1.0e-10,64
VQE_reduced_surrogate,73002,4334,1,0.0001220703125,1023.236743750004,1009.8778999999995,not_in_gurobi_pool,,0000011110101010110,01000101000001101,000001111010101011001000101000001101,128,8192,25,152,true,single,36,1.0e-10,64
VQE_reduced_surrogate,73002,4155,1,0.0001220703125,991.1778187499999,1009.8801999999998,not_in_gurobi_pool,,1111001110011010111,00000101000100101,111100111001101011100000101000100101,128,8192,25,152,true,single,36,1.0e-10,64
VQE_reduced_surrogate,73002,4272,1,0.0001220703125,1012.5586687500138,1009.8868999999995,not_in_gurobi_pool,,0000101001001101100,01000111110000000,000010100100110110001000111110000000,128,8192,25,152,true,single,36,1.0e-10,64
VQE_reduced_surrogate,73002,4274,1,0.0001220703125,1012.7010687499999,1010.0292999999995,not_in_gurobi_pool,,0101111110101010111,00000001000101101,010111111010101011100000001000101101,128,8192,25,152,true,single,36,1.0e-10,64
VQE_reduced_surrogate,73002,4158,1,0.0001220703125,991.3624187500104,1010.0647999999999,not_in_gurobi_pool,,1100111111101001010,00000001000101110,110011111110100101000000001000101110,128,8192,25,152,true,single,36,1.0e-10,64
VQE_reduced_surrogate,73002,4221,1,0.0001220703125,1002.2774937500064,1010.2928000000002,not_in_gurobi_pool,,1100100001011111111,00100001011000000,110010000101111111100100001011000000,128,8192,25,152,true,single,36,1.0e-10,64
VQE_reduced_surrogate,73002,4276,1,0.0001220703125,1013.0095687499952,1010.3377999999996,not_in_gurobi_pool,,0100111010101001111,00000001000101110,010011101010100111100000001000101110,128,8192,25,152,true,single,36,1.0e-10,64
VQE_reduced_surrogate,73002,4398,1,0.0001220703125,1034.3936187499987,1010.3477,not_in_gurobi_pool,,0110011100110001110,00000000000111110,011001110011000111000000000000111110,128,8192,25,152,true,single,36,1.0e-10,64
VQE_reduced_surrogate,73002,4399,1,0.0001220703125,1034.423618749996,1010.3776999999998,not_in_gurobi_pool,,0110101110101001110,00000000000100110,011010111010100111000000000000100110,128,8192,25,152,true,single,36,1.0e-10,64
VQE_reduced_surrogate,73002,4339,1,0.0001220703125,1023.7421437500038,1010.3832999999995,not_in_gurobi_pool,,0011001110110101010,00000100000000010,001100111011010101000000100000000010,128,8192,25,152,true,single,36,1.0e-10,64
VQE_reduced_surrogate,73002,4277,1,0.0001220703125,1013.0650687499999,1010.3932999999995,not_in_gurobi_pool,,0101010110111000110,00000000000101111,010101011011100011000000000000101111,128,8192,25,152,true,single,36,1.0e-10,64
VQE_reduced_surrogate,73002,4340,1,0.0001220703125,1023.8041437500028,1010.4452999999999,not_in_gurobi_pool,,0101000111011101000,10100001010000000,010100011101110100010100001010000000,128,8192,25,152,true,single,36,1.0e-10,64
VQE_reduced_surrogate,73002,4223,1,0.0001220703125,1002.4763937499965,1010.4916999999998,not_in_gurobi_pool,,0110101011000101011,00000101010100010,011010101100010101100000101010100010,128,8192,25,152,true,single,36,1.0e-10,64
VQE_reduced_surrogate,73002,4279,1,0.0001220703125,1013.4755687500046,1010.8038000000001,not_in_gurobi_pool,,1100101111100101011,00000001000000010,110010111110010101100000001000000010,128,8192,25,152,true,single,36,1.0e-10,64
VQE_reduced_surrogate,73002,4280,1,0.0001220703125,1013.6195687500049,1010.9477999999997,not_in_gurobi_pool,,0100000110110101100,00100000010000000,010000011011010110000100000010000000,128,8192,25,152,true,single,36,1.0e-10,64
VQE_reduced_surrogate,73002,4227,1,0.0001220703125,1003.0444937500033,1011.0597999999998,not_in_gurobi_pool,,0010110010111011100,00000000010101000,001011001011101110000000000010101000,128,8192,25,152,true,single,36,1.0e-10,64
VQE_reduced_surrogate,73002,4228,1,0.0001220703125,1003.044493750002,1011.0597999999998,not_in_gurobi_pool,,0010010010111011101,00000000010101000,001001001011101110100000000010101000,128,8192,25,152,true,single,36,1.0e-10,64
VQE_reduced_surrogate,73002,4343,1,0.0001220703125,1024.4455437499967,1011.0866999999998,not_in_gurobi_pool,,0110001100111101110,00000000000100010,011000110011110111000000000000100010,128,8192,25,152,true,single,36,1.0e-10,64
VQE_reduced_surrogate,73002,4230,1,0.0001220703125,1003.1324937499933,1011.1477999999997,not_in_gurobi_pool,,0100111000110011110,00000001000101100,010011100011001111000000001000101100,128,8192,25,152,true,single,36,1.0e-10,64
VQE_reduced_surrogate,73002,4166,1,0.0001220703125,992.4685187500088,1011.1708999999996,not_in_gurobi_pool,,0000101111101100000,11000101000000000,000010111110110000011000101000000000,128,8192,25,152,true,single,36,1.0e-10,64
VQE_reduced_surrogate,73002,4344,1,0.0001220703125,1024.536643749991,1011.1777999999995,not_in_gurobi_pool,,0100101010101011111,00000001000000100,010010101010101111100000001000000100,128,8192,25,152,true,single,36,1.0e-10,64
VQE_reduced_surrogate,73002,4285,1,0.0001220703125,1013.9250687500055,1011.2532999999996,not_in_gurobi_pool,,0011100101010101101,00100100010000000,001110010101010110100100100010000000,128,8192,25,152,true,single,36,1.0e-10,64
VQE_reduced_surrogate,73002,4169,1,0.0001220703125,992.569518750008,1011.2718999999997,not_in_gurobi_pool,,0000101111101010000,11000101000000000,000010111110101000011000101000000000,128,8192,25,152,true,single,36,1.0e-10,64
VQE_reduced_surrogate,73002,4170,1,0.0001220703125,992.5718187500029,1011.2741999999998,not_in_gurobi_pool,,1111101011011010000,10000101000100000,111110101101101000010000101000100000,128,8192,25,152,true,single,36,1.0e-10,64
VQE_reduced_surrogate,73002,4286,1,0.0001220703125,1013.9635687499963,1011.2918,not_in_gurobi_pool,,0100001111001111011,00000101110000000,010000111100111101100000101110000000,128,8192,25,152,true,single,36,1.0e-10,64
VQE_reduced_surrogate,73002,4458,1,0.0001220703125,1046.0856937500089,1011.3526999999999,not_in_gurobi_pool,,0110110011001010111,00000000011110101,011011001100101011100000000011110101,128,8192,25,152,true,single,36,1.0e-10,64
VQE_reduced_surrogate,73002,4288,1,0.0001220703125,1014.2534687499985,1011.5816999999997,not_in_gurobi_pool,,0110110010111001110,00000000010111110,011011001011100111000000000010111110,128,8192,25,152,true,single,36,1.0e-10,64
VQE_reduced_surrogate,73002,4232,1,0.0001220703125,1003.5663937500008,1011.5817,not_in_gurobi_pool,,0110100010111001110,00100000010100110,011010001011100111000100000010100110,128,8192,25,152,true,single,36,1.0e-10,64
VQE_reduced_surrogate,73002,4233,1,0.0001220703125,1003.6808937500016,1011.6961999999999,not_in_gurobi_pool,,1111100101110100111,00100000000100011,111110010111010011100100000000100011,128,8192,25,152,true,single,36,1.0e-10,64
VQE_reduced_surrogate,73002,4403,1,0.0001220703125,1035.9893187499997,1011.9433999999997,not_in_gurobi_pool,,0001110010110110110,00000000000001001,000111001011011011000000000000001001,128,8192,25,152,true,single,36,1.0e-10,64
VQE_reduced_surrogate,73002,4116,1,0.0001220703125,982.6507437499824,1012.0401999999999,not_in_gurobi_pool,,0111101110011000111,00000101000100111,011110111001100011100000101000100111,128,8192,25,152,true,single,36,1.0e-10,64
VQE_reduced_surrogate,73002,4292,1,0.0001220703125,1014.8020687499977,1012.1302999999996,not_in_gurobi_pool,,0011111101100100100,00000100000101000,001111110110010010000000100000101000,128,8192,25,152,true,single,36,1.0e-10,64
VQE_reduced_surrogate,73002,4352,1,0.0001220703125,1025.7731437499763,1012.4142999999997,not_in_gurobi_pool,,0011110110111101110,00000000000101010,001111011011110111000000000000101010,128,8192,25,152,true,single,36,1.0e-10,64
VQE_reduced_surrogate,73002,4409,1,0.0001220703125,1036.5612187499837,1012.5152999999996,not_in_gurobi_pool,,0011000110111011111,00100000000000100,001100011011101111100100000000000100,128,8192,25,152,true,single,36,1.0e-10,64
VQE_reduced_surrogate,73002,4293,1,0.0001220703125,1015.2005687499961,1012.5287999999998,not_in_gurobi_pool,,0100011101101001100,00000001000101000,010001110110100110000000001000101000,128,8192,25,152,true,single,36,1.0e-10,64
VQE_reduced_surrogate,73002,4235,1,0.0001220703125,1004.5610937499982,1012.5763999999997,not_in_gurobi_pool,,0001110111000101110,00000101010000010,000111011100010111000000101010000010,128,8192,25,152,true,single,36,1.0e-10,64
VQE_reduced_surrogate,73002,4295,1,0.0001220703125,1015.4500687499926,1012.7782999999995,not_in_gurobi_pool,,0101111110011011100,00000101100100000,010111111001101110000000101100100000,128,8192,25,152,true,single,36,1.0e-10,64
VQE_reduced_surrogate,73002,4236,1,0.0001220703125,1004.8904937499983,1012.9057999999995,not_in_gurobi_pool,,1100010001111011110,00000000010101100,110001000111101111000000000010101100,128,8192,25,152,true,single,36,1.0e-10,64
VQE_reduced_surrogate,73002,4353,1,0.0001220703125,1026.2656437499988,1012.9067999999997,not_in_gurobi_pool,,1100101010110101100,00000001000000000,110010101011010110000000001000000000,128,8192,25,152,true,single,36,1.0e-10,64
VQE_reduced_surrogate,73002,4356,1,0.0001220703125,1026.7607437500023,1013.4018999999998,not_in_gurobi_pool,,0000111001101010111,01000101000001101,000011100110101011101000101000001101,128,8192,25,152,true,single,36,1.0e-10,64
VQE_reduced_surrogate,73002,4297,1,0.0001220703125,1016.5046687500114,1013.8328999999997,not_in_gurobi_pool,,0000101001101001110,01000101000000110,000010100110100111001000101000000110,128,8192,25,152,true,single,36,1.0e-10,64
VQE_reduced_surrogate,73002,4298,1,0.0001220703125,1016.6560687500003,1013.9842999999998,not_in_gurobi_pool,,0101111101101001111,00000001000101110,010111110110100111100000001000101110,128,8192,25,152,true,single,36,1.0e-10,64
VQE_reduced_surrogate,73002,4241,1,0.0001220703125,1006.0353937499992,1014.0506999999997,not_in_gurobi_pool,,0110111011010100000,10000101010110000,011011101101010000010000101010110000,128,8192,25,152,true,single,36,1.0e-10,64
VQE_reduced_surrogate,73002,4299,1,0.0001220703125,1017.1135687499982,1014.4417999999998,not_in_gurobi_pool,,1100101011001101111,00000101110000010,110010101100110111100000101110000010,128,8192,25,152,true,single,36,1.0e-10,64
VQE_reduced_surrogate,73002,4243,1,0.0001220703125,1006.4484937500004,1014.4637999999995,not_in_gurobi_pool,,1100101011110010000,10000001000000000,110010101111001000010000001000000000,128,8192,25,152,true,single,36,1.0e-10,64
VQE_reduced_surrogate,73002,4301,1,0.0001220703125,1017.2965687500032,1014.6247999999998,not_in_gurobi_pool,,0010011101111111011,00000100000101000,001001110111111101100000100000101000,128,8192,25,152,true,single,36,1.0e-10,64
VQE_reduced_surrogate,73002,4302,1,0.0001220703125,1017.4410687499997,1014.7692999999997,not_in_gurobi_pool,,0011111010110100101,00000100000101000,001111101011010010100000100000101000,128,8192,25,152,true,single,36,1.0e-10,64
VQE_reduced_surrogate,73002,4304,1,0.0001220703125,1017.5420687499957,1014.8702999999994,not_in_gurobi_pool,,0011111010111010101,00000100000101000,001111101011101010100000100000101000,128,8192,25,152,true,single,36,1.0e-10,64
VQE_reduced_surrogate,73002,4308,1,0.0001220703125,1017.7774687500041,1015.1056999999996,not_in_gurobi_pool,,0110010101111001110,00000000010111110,011001010111100111000000000010111110,128,8192,25,152,true,single,36,1.0e-10,64
VQE_reduced_surrogate,73002,4311,1,0.0001220703125,1017.973068749998,1015.3012999999999,not_in_gurobi_pool,,0011111010110001101,00000100000101000,001111101011000110100000100000101000,128,8192,25,152,true,single,36,1.0e-10,64
VQE_reduced_surrogate,73002,4312,1,0.0001220703125,1018.0350687500004,1015.3632999999995,not_in_gurobi_pool,,0011001110111000110,00000100000000111,001100111011100011000000100000000111,128,8192,25,152,true,single,36,1.0e-10,64
VQE_reduced_surrogate,73002,4246,1,0.0001220703125,1007.3544937499969,1015.3697999999997,not_in_gurobi_pool,,0100111011001001101,00000101110100000,010011101100100110100000101110100000,128,8192,25,152,true,single,36,1.0e-10,64
VQE_reduced_surrogate,73002,4313,1,0.0001220703125,1018.1186687500024,1015.4468999999997,not_in_gurobi_pool,,0000101010110110101,01000101000000000,000010101011011010101000101000000000,128,8192,25,152,true,single,36,1.0e-10,64
VQE_reduced_surrogate,73002,4427,1,0.0001220703125,1039.5512187500003,1015.5052999999998,not_in_gurobi_pool,,0101001111011011000,10000101100000000,010100111101101100010000101100000000,128,8192,25,152,true,single,36,1.0e-10,64
VQE_reduced_surrogate,73002,4197,1,0.0001220703125,996.9048187500018,1015.6072000000001,not_in_gurobi_pool,,0111101111010010011,00000101000100101,011110111101001001100000101000100101,128,8192,25,152,true,single,36,1.0e-10,64
VQE_reduced_surrogate,73002,4249,1,0.0001220703125,1007.9008937499952,1015.9161999999997,not_in_gurobi_pool,,1111101101110000110,00000000000100111,111110110111000011000000000000100111,128,8192,25,152,true,single,36,1.0e-10,64
VQE_reduced_surrogate,73002,4369,1,0.0001220703125,1029.2971437499834,1015.9382999999996,not_in_gurobi_pool,,0011110101111101110,00000000000101010,001111010111110111000000000000101010,128,8192,25,152,true,single,36,1.0e-10,64
VQE_reduced_surrogate,73002,4200,1,0.0001220703125,997.3358187499973,1016.0381999999997,not_in_gurobi_pool,,0111101111010001011,00000101000100110,011110111101000101100000101000100110,128,8192,25,152,true,single,36,1.0e-10,64
VQE_reduced_surrogate,73002,4251,1,0.0001220703125,1008.0228937500051,1016.0382,not_in_gurobi_pool,,0111111111011001011,00000101000110110,011111111101100101100000101000110110,128,8192,25,152,true,single,36,1.0e-10,64
VQE_reduced_surrogate,73002,4317,1,0.0001220703125,1018.7915687499969,1016.1197999999997,not_in_gurobi_pool,,0010101111000101101,00000111010000000,001010111100010110100000111010000000,128,8192,25,152,true,single,36,1.0e-10,64
VQE_reduced_surrogate,73002,4319,1,0.0001220703125,1018.8640687499974,1016.1922999999995,not_in_gurobi_pool,,0101011110111010111,00000001000101101,010101111011101011100000001000101101,128,8192,25,152,true,single,36,1.0e-10,64
VQE_reduced_surrogate,73002,4320,1,0.0001220703125,1018.8750687499962,1016.2032999999994,not_in_gurobi_pool,,0011111010110010111,00000100000101101,001111101011001011100000100000101101,128,8192,25,152,true,single,36,1.0e-10,64
VQE_reduced_surrogate,73002,4370,1,0.0001220703125,1029.8307437500055,1016.4718999999996,not_in_gurobi_pool,,0000011010111001110,01000101000001110,000001101011100111001000101000001110,128,8192,25,152,true,single,36,1.0e-10,64
VQE_reduced_surrogate,73002,4206,1,0.0001220703125,998.6315187500043,1017.3338999999996,not_in_gurobi_pool,,0000001011111100001,11000101000000000,000000101111110000111000101000000000,128,8192,25,152,true,single,36,1.0e-10,64
VQE_reduced_surrogate,73002,4376,1,0.0001220703125,1030.8331437499799,1017.4742999999994,not_in_gurobi_pool,,0011101010111011111,00000100000000100,001110101011101111100000100000000100,128,8192,25,152,true,single,36,1.0e-10,64
VQE_reduced_surrogate,73002,4258,1,0.0001220703125,1009.7114937499969,1017.7267999999999,not_in_gurobi_pool,,1100100111111100110,00100000010000011,110010011111110011000100000010000011,128,8192,25,152,true,single,36,1.0e-10,64
VQE_reduced_surrogate,73002,4327,1,0.0001220703125,1020.8865687500015,1018.2147999999995,not_in_gurobi_pool,,0100110011010110110,00000001011100001,010011001101011011000000001011100001,128,8192,25,152,true,single,36,1.0e-10,64
VQE_reduced_surrogate,73002,4330,1,0.0001220703125,1021.486068749992,1018.8142999999998,not_in_gurobi_pool,,0101111001111001101,00000001000101000,010111100111100110100000001000101000,128,8192,25,152,true,single,36,1.0e-10,64
VQE_reduced_surrogate,73002,4382,1,0.0001220703125,1032.195543750013,1018.8367000000001,not_in_gurobi_pool,,0110111111110010011,00000000000111101,011011111111001001100000000000111101,128,8192,25,152,true,single,36,1.0e-10,64
VQE_reduced_surrogate,73002,4266,1,0.0001220703125,1010.9039937499997,1018.9192999999993,not_in_gurobi_pool,,0101001111111010011,00000001000000101,010100111111101001100000001000000101,128,8192,25,152,true,single,36,1.0e-10,64
VQE_reduced_surrogate,73002,4388,1,0.0001220703125,1032.826143749992,1019.4672999999998,not_in_gurobi_pool,,1011111011011100110,00000111000100011,101111101101110011000000111000100011,128,8192,25,152,true,single,36,1.0e-10,64
VQE_reduced_surrogate,73002,4275,1,0.0001220703125,1012.9854937499924,1021.0007999999996,not_in_gurobi_pool,,0100011011010100100,00000101110100000,010001101101010010000000101110100000,128,8192,25,152,true,single,36,1.0e-10,64
VQE_reduced_surrogate,73002,4278,1,0.0001220703125,1013.3374937500046,1021.3527999999999,not_in_gurobi_pool,,1100011111110100101,00000001000101000,110001111111010010100000001000101000,128,8192,25,152,true,single,36,1.0e-10,64
VQE_reduced_surrogate,73002,4291,1,0.0001220703125,1014.6704937500115,1022.6857999999995,not_in_gurobi_pool,,1100011111110100111,00000001000101011,110001111111010011100000001000101011,128,8192,25,152,true,single,36,1.0e-10,64
VQE_reduced_surrogate,73002,4354,1,0.0001220703125,1026.4174687500056,1023.7456999999999,not_in_gurobi_pool,,0110111111010011111,00000101010110100,011011111101001111100000101010110100,128,8192,25,152,true,single,36,1.0e-10,64
VQE_reduced_surrogate,73002,4400,1,0.0001220703125,1034.5208687500067,1031.8491,not_in_gurobi_pool,,0010110000001111000,10010100011100000,001011000000111100010010100011100000,128,8192,25,152,true,single,36,1.0e-10,64
VQE_reduced_surrogate,73002,4346,1,0.0001220703125,1024.6731937499994,1032.6885,not_in_gurobi_pool,,1111101000001110000,10010101000100000,111110100000111000010010101000100000,128,8192,25,152,true,single,36,1.0e-10,64
VQE_reduced_surrogate,73002,4467,1,0.0001220703125,1047.4114437499964,1034.0525999999995,not_in_gurobi_pool,,0011000000100110001,10100000000000000,001100000010011000110100000000000000,128,8192,25,152,true,single,36,1.0e-10,64
VQE_reduced_surrogate,73002,4412,1,0.0001220703125,1037.245368749992,1034.5735999999995,not_in_gurobi_pool,,0101010000101011000,10000000000101000,010101000010101100010000000000101000,128,8192,25,152,true,single,36,1.0e-10,64
VQE_reduced_surrogate,73002,4358,1,0.0001220703125,1026.932193749992,1034.9475,not_in_gurobi_pool,,1111010010001001010,00000000010110110,111101001000100101000000000010110110,128,8192,25,152,true,single,36,1.0e-10,64
VQE_reduced_surrogate,73002,4423,1,0.0001220703125,1038.7242687500054,1036.0524999999996,not_in_gurobi_pool,,0111110000010100000,10010000010110000,011111000001010000010010000010110000,128,8192,25,152,true,single,36,1.0e-10,64
VQE_reduced_surrogate,73002,4536,1,0.0001220703125,1060.2265187500018,1036.1806,not_in_gurobi_pool,,0101001100000011000,10010101100000000,010100110000001100010010101100000000,128,8192,25,152,true,single,36,1.0e-10,64
VQE_reduced_surrogate,73002,4362,1,0.0001220703125,1028.1681937500018,1036.1834999999996,not_in_gurobi_pool,,0111110010000010000,10000000010110000,011111001000001000010000000010110000,128,8192,25,152,true,single,36,1.0e-10,64
VQE_reduced_surrogate,73002,4477,1,0.0001220703125,1049.8154437500039,1036.4565999999995,not_in_gurobi_pool,,1101100000010111011,00110001010000000,110110000001011101100110001010000000,128,8192,25,152,true,single,36,1.0e-10,64
VQE_reduced_surrogate,73002,4478,1,0.0001220703125,1050.0053437499837,1036.6464999999998,not_in_gurobi_pool,,0111100100011000011,00111000010100111,011110010001100001100111000010100111,128,8192,25,152,true,single,36,1.0e-10,64
VQE_reduced_surrogate,73002,4482,1,0.0001220703125,1050.5934437500075,1037.2345999999995,not_in_gurobi_pool,,1101110010101110001,10000000000101000,110111001010111000110000000000101000,128,8192,25,152,true,single,36,1.0e-10,64
VQE_reduced_surrogate,73002,4483,1,0.0001220703125,1050.6424437500168,1037.2835999999995,not_in_gurobi_pool,,0101100100010101000,10110001010000000,010110010001010100010110001010000000,128,8192,25,152,true,single,36,1.0e-10,64
VQE_reduced_surrogate,73002,4316,1,0.0001220703125,1018.6301187499996,1037.3324999999995,not_in_gurobi_pool,,1111100100101010101,00100000000100000,111110010010101010100100000000100000,128,8192,25,152,true,single,36,1.0e-10,64
VQE_reduced_surrogate,73002,4484,1,0.0001220703125,1050.7544437500173,1037.3955999999996,not_in_gurobi_pool,,0011100100010011000,10110100010000000,001110010001001100010110100010000000,128,8192,25,152,true,single,36,1.0e-10,64
VQE_reduced_surrogate,73002,4433,1,0.0001220703125,1040.093368749992,1037.4215999999994,not_in_gurobi_pool,,0101011000101000000,10001001000101000,010101100010100000010001001000101000,128,8192,25,152,true,single,36,1.0e-10,64
VQE_reduced_surrogate,73002,4435,1,0.0001220703125,1040.7933687500058,1038.1215999999995,not_in_gurobi_pool,,0011110100001101100,00010100010100000,001111010000110110000010100010100000,128,8192,25,152,true,single,36,1.0e-10,64
VQE_reduced_surrogate,73002,4490,1,0.0001220703125,1051.5378437499878,1038.1789999999996,not_in_gurobi_pool,,0110011000101010000,10000000000111000,011001100010101000010000000000111000,128,8192,25,152,true,single,36,1.0e-10,64
VQE_reduced_surrogate,73002,4492,1,0.0001220703125,1051.922443750001,1038.5635999999997,not_in_gurobi_pool,,1101100100101011100,00100000000000000,110110010010101110000100000000000000,128,8192,25,152,true,single,36,1.0e-10,64
VQE_reduced_surrogate,73002,4437,1,0.0001220703125,1041.2463687499956,1038.5745999999995,not_in_gurobi_pool,,1011010100101011101,00000000000101000,101101010010101110100000000000101000,128,8192,25,152,true,single,36,1.0e-10,64
VQE_reduced_surrogate,73002,4494,1,0.0001220703125,1052.382443750004,1039.0235999999998,not_in_gurobi_pool,,0011000100000110111,00110100010000001,001100010000011011100110100010000001,128,8192,25,152,true,single,36,1.0e-10,64
VQE_reduced_surrogate,73002,4260,1,0.0001220703125,1010.0150437500047,1039.4044999999994,not_in_gurobi_pool,,0111100100111100000,10100000000100000,011110010011110000010100000000100000,128,8192,25,152,true,single,36,1.0e-10,64
VQE_reduced_surrogate,73002,4323,1,0.0001220703125,1020.7021187500061,1039.4044999999996,not_in_gurobi_pool,,0111110100110100000,10000000000111000,011111010011010000010000000000111000,128,8192,25,152,true,single,36,1.0e-10,64
VQE_reduced_surrogate,73002,4324,1,0.0001220703125,1020.70211875,1039.4044999999996,not_in_gurobi_pool,,0111110000111100001,10000000000111000,011111000011110000110000000000111000,128,8192,25,152,true,single,36,1.0e-10,64
VQE_reduced_surrogate,73002,4555,1,0.0001220703125,1063.4959187499994,1039.4499999999998,not_in_gurobi_pool,,0110111000101011000,10000000000111000,011011100010101100010000000000111000,128,8192,25,152,true,single,36,1.0e-10,64
VQE_reduced_surrogate,73002,4326,1,0.0001220703125,1020.8031187499987,1039.5054999999998,not_in_gurobi_pool,,0111110000111010000,10000000000111000,011111000011101000010000000000111000,128,8192,25,152,true,single,36,1.0e-10,64
VQE_reduced_surrogate,73002,4443,1,0.0001220703125,1042.2153687500097,1039.5435999999995,not_in_gurobi_pool,,0011001000101011000,10000100000000000,001100100010101100010000100000000000,128,8192,25,152,true,single,36,1.0e-10,64
VQE_reduced_surrogate,73002,4444,1,0.0001220703125,1042.2153687500022,1039.5435999999995,not_in_gurobi_pool,,0011001100100011001,10000100000000000,001100110010001100110000100000000000,128,8192,25,152,true,single,36,1.0e-10,64
VQE_reduced_surrogate,73002,4378,1,0.0001220703125,1031.6976937500026,1039.713,not_in_gurobi_pool,,1110010000100101111,00000000010111010,111001000010010111100000000010111010,128,8192,25,152,true,single,36,1.0e-10,64
VQE_reduced_surrogate,73002,4265,1,0.0001220703125,1010.5470437499944,1039.9364999999996,not_in_gurobi_pool,,0111100100111001001,10100000000100000,011110010011100100110100000000100000,128,8192,25,152,true,single,36,1.0e-10,64
VQE_reduced_surrogate,73002,4502,1,0.0001220703125,1053.502343750005,1040.1434999999997,not_in_gurobi_pool,,1111010100011010101,00010000010110000,111101010001101010100010000010110000,128,8192,25,152,true,single,36,1.0e-10,64
VQE_reduced_surrogate,73002,4503,1,0.0001220703125,1053.5023437500015,1040.1434999999997,not_in_gurobi_pool,,1111010000011010101,00010000010110000,111101000001101010100010000010110000,128,8192,25,152,true,single,36,1.0e-10,64
VQE_reduced_surrogate,73002,4449,1,0.0001220703125,1042.8318687500007,1040.1600999999996,not_in_gurobi_pool,,0010101100101111001,10000100000000000,001010110010111100110000100000000000,128,8192,25,152,true,single,36,1.0e-10,64
VQE_reduced_surrogate,73002,4505,1,0.0001220703125,1053.5294437500008,1040.1705999999997,not_in_gurobi_pool,,1101111000001011101,00010101100100000,110111100000101110100010101100100000,128,8192,25,152,true,single,36,1.0e-10,64
VQE_reduced_surrogate,73002,4385,1,0.0001220703125,1032.5277937499993,1040.5430999999999,not_in_gurobi_pool,,0100010010101101000,10000000010101000,010001001010110100010000000010101000,128,8192,25,152,true,single,36,1.0e-10,64
VQE_reduced_surrogate,73002,4451,1,0.0001220703125,1043.2762687499992,1040.6044999999997,not_in_gurobi_pool,,1111110010001001100,00000000010110000,111111001000100110000000000010110000,128,8192,25,152,true,single,36,1.0e-10,64
VQE_reduced_surrogate,73002,4387,1,0.0001220703125,1032.6021937500025,1040.6174999999998,not_in_gurobi_pool,,1111100110011011000,10100000010100000,111110011001101100010100000010100000,128,8192,25,152,true,single,36,1.0e-10,64
VQE_reduced_surrogate,73002,4507,1,0.0001220703125,1054.0954437500045,1040.7365999999997,not_in_gurobi_pool,,0101000000110011000,10100000000000000,010100000011001100010100000000000000,128,8192,25,152,true,single,36,1.0e-10,64
VQE_reduced_surrogate,73002,4568,1,0.0001220703125,1065.2355187499988,1041.1895999999997,not_in_gurobi_pool,,1101100001101101001,10100000000000000,110110000110110100110100000000000000,128,8192,25,152,true,single,36,1.0e-10,64
VQE_reduced_surrogate,73002,4391,1,0.0001220703125,1033.2647937499942,1041.2800999999997,not_in_gurobi_pool,,1100011100000101110,00010101110100010,110001110000010111000010101110100010,128,8192,25,152,true,single,36,1.0e-10,64
VQE_reduced_surrogate,73002,4512,1,0.0001220703125,1054.680843750011,1041.3219999999997,not_in_gurobi_pool,,1110100010000011100,00100000011100000,111010001000001110000100000011100000,128,8192,25,152,true,single,36,1.0e-10,64
VQE_reduced_surrogate,73002,4333,1,0.0001220703125,1022.8406187499997,1041.5429999999997,not_in_gurobi_pool,,0110000100101010110,00100000010100101,011000010010101011000100000010100101,128,8192,25,152,true,single,36,1.0e-10,64
VQE_reduced_surrogate,73002,4454,1,0.0001220703125,1044.400768750001,1041.729,not_in_gurobi_pool,,0110111100010110000,10010101010110000,011011110001011000010010101010110000,128,8192,25,152,true,single,36,1.0e-10,64
VQE_reduced_surrogate,73002,4335,1,0.0001220703125,1023.2716187500014,1041.9739999999997,not_in_gurobi_pool,,0110000000101001110,00100000010100110,011000000010100111000100000010100110,128,8192,25,152,true,single,36,1.0e-10,64
VQE_reduced_surrogate,73002,4396,1,0.0001220703125,1033.9931937499985,1042.0085,not_in_gurobi_pool,,0111110000111101011,00000000000111010,011111000011110101100000000000111010,128,8192,25,152,true,single,36,1.0e-10,64
VQE_reduced_surrogate,73002,4397,1,0.0001220703125,1034.094193749994,1042.1094999999996,not_in_gurobi_pool,,0111110000111011011,00000000000111100,011111000011101101100000000000111100,128,8192,25,152,true,single,36,1.0e-10,64
VQE_reduced_surrogate,73002,4336,1,0.0001220703125,1023.4071187499883,1042.1094999999998,not_in_gurobi_pool,,0111100100111011011,00100000000100100,011110010011101101100100000000100100,128,8192,25,152,true,single,36,1.0e-10,64
VQE_reduced_surrogate,73002,4338,1,0.0001220703125,1023.5407187499723,1042.2430999999997,not_in_gurobi_pool,,1100011001000110000,10000101110100000,110001100100011000010000101110100000,128,8192,25,152,true,single,36,1.0e-10,64
VQE_reduced_surrogate,73002,4341,1,0.0001220703125,1023.9961187499994,1042.6984999999997,not_in_gurobi_pool,,1111100010111010001,10100000000100000,111110001011101000110100000000100000,128,8192,25,152,true,single,36,1.0e-10,64
VQE_reduced_surrogate,73002,4342,1,0.0001220703125,1023.9961187500035,1042.6984999999997,not_in_gurobi_pool,,1111100010111010000,10100000000100000,111110001011101000010100000000100000,128,8192,25,152,true,single,36,1.0e-10,64
VQE_reduced_surrogate,73002,4401,1,0.0001220703125,1035.0062937500056,1043.0215999999998,not_in_gurobi_pool,,0011110101000111011,00000100010100000,001111010100011101100000100010100000,128,8192,25,152,true,single,36,1.0e-10,64
VQE_reduced_surrogate,73002,4345,1,0.0001220703125,1024.6656187499864,1043.3679999999995,not_in_gurobi_pool,,0110000001101001000,10100000010100000,011000000110100100010100000010100000,128,8192,25,152,true,single,36,1.0e-10,64
VQE_reduced_surrogate,73002,4673,1,0.0001220703125,1088.952068750001,1043.5319999999995,not_in_gurobi_pool,,0110111010101000000,10001000000111000,011011101010100000010001000000111000,128,8192,25,152,true,single,36,1.0e-10,64
VQE_reduced_surrogate,73002,4522,1,0.0001220703125,1056.94544375,1043.5865999999996,not_in_gurobi_pool,,0011011100010101011,00010111000100010,001101110001010101100010111000100010,128,8192,25,152,true,single,36,1.0e-10,64
VQE_reduced_surrogate,73002,4350,1,0.0001220703125,1025.2843187500055,1043.9866999999997,not_in_gurobi_pool,,1001011000101001110,00000101000001110,100101100010100111000000101000001110,128,8192,25,152,true,single,36,1.0e-10,64
VQE_reduced_surrogate,73002,4461,1,0.0001220703125,1046.7388687499988,1044.0670999999995,not_in_gurobi_pool,,0100100001100101000,10100000010000000,010010000110010100010100000010000000,128,8192,25,152,true,single,36,1.0e-10,64
VQE_reduced_surrogate,73002,4404,1,0.0001220703125,1036.152793749983,1044.1680999999999,not_in_gurobi_pool,,0100010001101011000,10000000010101000,010001000110101100010000000010101000,128,8192,25,152,true,single,36,1.0e-10,64
VQE_reduced_surrogate,73002,4632,1,0.0001220703125,1078.9239937500092,1044.191,not_in_gurobi_pool,,0110110000010101100,00010000011110000,011011000001010110000010000011110000,128,8192,25,152,true,single,36,1.0e-10,64
VQE_reduced_surrogate,73002,4405,1,0.0001220703125,1036.2157937499956,1044.2310999999995,not_in_gurobi_pool,,0100011010100100000,10000001000101000,010001101010010000010000001000101000,128,8192,25,152,true,single,36,1.0e-10,64
VQE_reduced_surrogate,73002,4406,1,0.0001220703125,1036.3082937500023,1044.3235999999997,not_in_gurobi_pool,,1101111100100110110,00000001000101001,110111110010011011000000001000101001,128,8192,25,152,true,single,36,1.0e-10,64
VQE_reduced_surrogate,73002,4407,1,0.0001220703125,1036.3481937499994,1044.3634999999995,not_in_gurobi_pool,,0111111100111100000,10000000000111000,011111110011110000010000000000111000,128,8192,25,152,true,single,36,1.0e-10,64
VQE_reduced_surrogate,73002,4462,1,0.0001220703125,1047.0573687500028,1044.3855999999996,not_in_gurobi_pool,,0011010000011011101,00010100010100000,001101000001101110100010100010100000,128,8192,25,152,true,single,36,1.0e-10,64
VQE_reduced_surrogate,73002,4351,1,0.0001220703125,1025.7491187499968,1044.4514999999994,not_in_gurobi_pool,,0111101100101000101,00000000000100000,011110110010100010100000000000100000,128,8192,25,152,true,single,36,1.0e-10,64
VQE_reduced_surrogate,73002,4408,1,0.0001220703125,1036.5177937500039,1044.5330999999996,not_in_gurobi_pool,,1100010110101101101,00000000010101000,110001011010110110100000000010101000,128,8192,25,152,true,single,36,1.0e-10,64
VQE_reduced_surrogate,73002,4464,1,0.0001220703125,1047.2048687499994,1044.5330999999996,not_in_gurobi_pool,,1100100110100101101,00100000010000000,110010011010010110100100000010000000,128,8192,25,152,true,single,36,1.0e-10,64
VQE_reduced_surrogate,73002,4411,1,0.0001220703125,1036.627793750001,1044.6430999999998,not_in_gurobi_pool,,1010011100100101110,00000100000101010,101001110010010111000000100000101010,128,8192,25,152,true,single,36,1.0e-10,64
VQE_reduced_surrogate,73002,4468,1,0.0001220703125,1047.466368749991,1044.7945999999997,not_in_gurobi_pool,,0011010001101001010,00000000000101110,001101000110100101000000000000101110,128,8192,25,152,true,single,36,1.0e-10,64
VQE_reduced_surrogate,73002,4470,1,0.0001220703125,1047.600368750002,1044.9285999999997,not_in_gurobi_pool,,1101100101001011100,00100001010000000,110110010100101110000100001010000000,128,8192,25,152,true,single,36,1.0e-10,64
VQE_reduced_surrogate,73002,4355,1,0.0001220703125,1026.557118750001,1045.2594999999997,not_in_gurobi_pool,,1111100000110001110,00100000000100110,111110000011000111000100000000100110,128,8192,25,152,true,single,36,1.0e-10,64
VQE_reduced_surrogate,73002,4589,1,0.0001220703125,1069.6129187500046,1045.567,not_in_gurobi_pool,,0110010010011111011,00000000011110000,011001001001111101100000000011110000,128,8192,25,152,true,single,36,1.0e-10,64
VQE_reduced_surrogate,73002,4531,1,0.0001220703125,1058.9539437499784,1045.5950999999995,not_in_gurobi_pool,,1100001001100110000,10000001000000000,110000100110011000010000001000000000,128,8192,25,152,true,single,36,1.0e-10,64
VQE_reduced_surrogate,73002,4473,1,0.0001220703125,1048.3283687500016,1045.6565999999993,not_in_gurobi_pool,,0011010110101000100,00000000000101000,001101011010100010000000000000101000,128,8192,25,152,true,single,36,1.0e-10,64
VQE_reduced_surrogate,73002,4415,1,0.0001220703125,1037.6782937500036,1045.6935999999996,not_in_gurobi_pool,,0011111000101001100,00000100000101000,001111100010100110000000100000101000,128,8192,25,152,true,single,36,1.0e-10,64
VQE_reduced_surrogate,73002,4590,1,0.0001220703125,1069.823918749988,1045.7779999999996,not_in_gurobi_pool,,0110010011001010001,10000000011110000,011001001100101000110000000011110000,128,8192,25,152,true,single,36,1.0e-10,64
VQE_reduced_surrogate,73002,4416,1,0.0001220703125,1037.8637937500062,1045.8790999999999,not_in_gurobi_pool,,1100010110110111011,00000000010101000,110001011011011101100000000010101000,128,8192,25,152,true,single,36,1.0e-10,64
VQE_reduced_surrogate,73002,4417,1,0.0001220703125,1038.137793749995,1046.1530999999998,not_in_gurobi_pool,,1100101010011111000,10000101110000000,110010101001111100010000101110000000,128,8192,25,152,true,single,36,1.0e-10,64
VQE_reduced_surrogate,73002,4534,1,0.0001220703125,1059.697843750008,1046.339,not_in_gurobi_pool,,0110101100100101100,00000000000100000,011010110010010110000000000000100000,128,8192,25,152,true,single,36,1.0e-10,64
VQE_reduced_surrogate,73002,4418,1,0.0001220703125,1038.3361937500001,1046.3514999999995,not_in_gurobi_pool,,1111101001101010011,00000000000100101,111110100110101001100000000000100101,128,8192,25,152,true,single,36,1.0e-10,64
VQE_reduced_surrogate,73002,4420,1,0.0001220703125,1038.3847937499966,1046.4000999999996,not_in_gurobi_pool,,0100011100101011101,00000001000101000,010001110010101110100000001000101000,128,8192,25,152,true,single,36,1.0e-10,64
VQE_reduced_surrogate,73002,4535,1,0.0001220703125,1059.8554437500022,1046.4965999999995,not_in_gurobi_pool,,0011010110100010100,00000000000101000,001101011010001010000000000000101000,128,8192,25,152,true,single,36,1.0e-10,64
VQE_reduced_surrogate,73002,4422,1,0.0001220703125,1038.5081937499997,1046.5234999999996,not_in_gurobi_pool,,0111101100100100111,00000000000100011,011110110010010011100000000000100011,128,8192,25,152,true,single,36,1.0e-10,64
VQE_reduced_surrogate,73002,4475,1,0.0001220703125,1049.2823687500027,1046.6105999999997,not_in_gurobi_pool,,0011110111000110000,10000100010100000,001111011100011000010000100010100000,128,8192,25,152,true,single,36,1.0e-10,64
VQE_reduced_surrogate,73002,4361,1,0.0001220703125,1027.9511187499968,1046.6534999999997,not_in_gurobi_pool,,1111100101110001001,10100000000100000,111110010111000100110100000000100000,128,8192,25,152,true,single,36,1.0e-10,64
VQE_reduced_surrogate,73002,4476,1,0.0001220703125,1049.506868749999,1046.8350999999998,not_in_gurobi_pool,,0100011010101101011,00000001000101010,010001101010110101100000001000101010,128,8192,25,152,true,single,36,1.0e-10,64
VQE_reduced_surrogate,73002,4424,1,0.0001220703125,1038.8316937500106,1046.8469999999998,not_in_gurobi_pool,,0110100010111011000,10100000010100000,011010001011101100010100000010100000,128,8192,25,152,true,single,36,1.0e-10,64
VQE_reduced_surrogate,73002,4305,1,0.0001220703125,1017.5990437499925,1046.9884999999997,not_in_gurobi_pool,,0111100100110000111,00100000000100111,011110010011000011100100000000100111,128,8192,25,152,true,single,36,1.0e-10,64
VQE_reduced_surrogate,73002,4425,1,0.0001220703125,1039.0112937500037,1047.0266,not_in_gurobi_pool,,0011111000100001110,00000100000101110,001111100010000111000000100000101110,128,8192,25,152,true,single,36,1.0e-10,64
VQE_reduced_surrogate,73002,4643,1,0.0001220703125,1081.7819937500035,1047.0489999999998,not_in_gurobi_pool,,0110110111000011000,10000000011110000,011011011100001100010000000011110000,128,8192,25,152,true,single,36,1.0e-10,64
VQE_reduced_surrogate,73002,4595,1,0.0001220703125,1071.1955187499934,1047.1495999999995,not_in_gurobi_pool,,0011001001101000000,10001100000000000,001100100110100000010001100000000000,128,8192,25,152,true,single,36,1.0e-10,64
VQE_reduced_surrogate,73002,4363,1,0.0001220703125,1028.5011187499967,1047.2034999999998,not_in_gurobi_pool,,0111000101011010011,00100000010100101,011100010101101001100100000010100101,128,8192,25,152,true,single,36,1.0e-10,64
VQE_reduced_surrogate,73002,4310,1,0.0001220703125,1017.9030437499946,1047.2924999999998,not_in_gurobi_pool,,0111101110001000101,00000101000100000,011110111000100010100000101000100000,128,8192,25,152,true,single,36,1.0e-10,64
VQE_reduced_surrogate,73002,4364,1,0.0001220703125,1028.7707187499934,1047.4730999999997,not_in_gurobi_pool,,1100011110001101110,00000101110100010,110001111000110111000000101110100010,128,8192,25,152,true,single,36,1.0e-10,64
VQE_reduced_surrogate,73002,4426,1,0.0001220703125,1039.466793750001,1047.4820999999995,not_in_gurobi_pool,,1100011010101000101,00000001000101000,110001101010100010100000001000101000,128,8192,25,152,true,single,36,1.0e-10,64
VQE_reduced_surrogate,73002,4479,1,0.0001220703125,1050.2282687500074,1047.5564999999997,not_in_gurobi_pool,,1111111110110100001,10000000000111000,111111111011010000110000000000111000,128,8192,25,152,true,single,36,1.0e-10,64
VQE_reduced_surrogate,73002,4365,1,0.0001220703125,1028.9321187499975,1047.6345,not_in_gurobi_pool,,0111000001011001011,00100000010100110,011100000101100101100100000010100110,128,8192,25,152,true,single,36,1.0e-10,64
VQE_reduced_surrogate,73002,4480,1,0.0001220703125,1050.3609687500057,1047.6891999999998,not_in_gurobi_pool,,0000110001011111001,11000101011000000,000011000101111100111000101011000000,128,8192,25,152,true,single,36,1.0e-10,64
VQE_reduced_surrogate,73002,4544,1,0.0001220703125,1061.0874437499954,1047.7285999999995,not_in_gurobi_pool,,0011110110101100110,00000000000101011,001111011010110011000000000000101011,128,8192,25,152,true,single,36,1.0e-10,64
VQE_reduced_surrogate,73002,4368,1,0.0001220703125,1029.066318749995,1047.7686999999996,not_in_gurobi_pool,,0001001110101111011,00000101000000000,000100111010111101100000101000000000,128,8192,25,152,true,single,36,1.0e-10,64
VQE_reduced_surrogate,73002,4429,1,0.0001220703125,1039.8232937500013,1047.8385999999998,not_in_gurobi_pool,,0011110101000101100,00000100010100000,001111010100010110000000100010100000,128,8192,25,152,true,single,36,1.0e-10,64
VQE_reduced_surrogate,73002,4430,1,0.0001220703125,1039.84079374998,1047.8560999999995,not_in_gurobi_pool,,0100011001101010000,10000001000101000,010001100110101000010000001000101000,128,8192,25,152,true,single,36,1.0e-10,64
VQE_reduced_surrogate,73002,4431,1,0.0001220703125,1039.8517937499882,1047.8670999999995,not_in_gurobi_pool,,0010011001101010000,10000100000101000,001001100110101000010000100000101000,128,8192,25,152,true,single,36,1.0e-10,64
VQE_reduced_surrogate,73002,4545,1,0.0001220703125,1061.2548437499843,1047.8959999999997,not_in_gurobi_pool,,0110001001101010000,10000000000100000,011000100110101000010000000000100000,128,8192,25,152,true,single,36,1.0e-10,64
VQE_reduced_surrogate,73002,4432,1,0.0001220703125,1040.0417937499997,1048.0570999999998,not_in_gurobi_pool,,1100010101100101101,00000000010101000,110001010110010110100000000010101000,128,8192,25,152,true,single,36,1.0e-10,64
VQE_reduced_surrogate,73002,4485,1,0.0001220703125,1050.921868749986,1048.2500999999995,not_in_gurobi_pool,,0100000111101000000,10101000010000000,010000011110100000010101000010000000,128,8192,25,152,true,single,36,1.0e-10,64
VQE_reduced_surrogate,73002,4546,1,0.0001220703125,1061.6194437499892,1048.2605999999996,not_in_gurobi_pool,,0011110110101001110,00000000000101110,001111011010100111000000000000101110,128,8192,25,152,true,single,36,1.0e-10,64
VQE_reduced_surrogate,73002,4691,1,0.0001220703125,1093.8090687499966,1048.389,not_in_gurobi_pool,,0110011101101000011,00001000000111111,011001110110100001100001000000111111,128,8192,25,152,true,single,36,1.0e-10,64
VQE_reduced_surrogate,73002,4486,1,0.0001220703125,1051.1068687499933,1048.4350999999995,not_in_gurobi_pool,,0100000010100110111,00100000010000001,010000001010011011100100000010000001,128,8192,25,152,true,single,36,1.0e-10,64
VQE_reduced_surrogate,73002,4547,1,0.0001220703125,1061.7944437499966,1048.4355999999998,not_in_gurobi_pool,,0101001110010101001,10000101100000000,010100111001010100110000101100000000,128,8192,25,152,true,single,36,1.0e-10,64
VQE_reduced_surrogate,73002,4548,1,0.0001220703125,1061.897443750007,1048.5385999999994,not_in_gurobi_pool,,0011100000110110110,00100000000000001,001110000011011011000100000000000001,128,8192,25,152,true,single,36,1.0e-10,64
VQE_reduced_surrogate,73002,4487,1,0.0001220703125,1051.2103687499982,1048.5385999999996,not_in_gurobi_pool,,0011110000110110110,00000000000101001,001111000011011011000000000000101001,128,8192,25,152,true,single,36,1.0e-10,64
VQE_reduced_surrogate,73002,4371,1,0.0001220703125,1029.9361187500008,1048.6385,not_in_gurobi_pool,,0111111010011010011,00000101000110101,011111101001101001100000101000110101,128,8192,25,152,true,single,36,1.0e-10,64
VQE_reduced_surrogate,73002,4489,1,0.0001220703125,1051.424868750003,1048.7530999999997,not_in_gurobi_pool,,1100111010101001100,00000001000101000,110011101010100110000000001000101000,128,8192,25,152,true,single,36,1.0e-10,64
VQE_reduced_surrogate,73002,4491,1,0.0001220703125,1051.5572687499935,1048.8854999999996,not_in_gurobi_pool,,1111111000111001101,00000000000111000,111111100011100110100000000000111000,128,8192,25,152,true,single,36,1.0e-10,64
VQE_reduced_surrogate,73002,4605,1,0.0001220703125,1073.0186187499962,1048.9726999999996,not_in_gurobi_pool,,0001010110110111011,00000000000001000,000101011011011101100000000000001000,128,8192,25,152,true,single,36,1.0e-10,64
VQE_reduced_surrogate,73002,4436,1,0.0001220703125,1040.9836937499906,1048.9989999999996,not_in_gurobi_pool,,0110010001110100001,10000000010111000,011001000111010000110000000010111000,128,8192,25,152,true,single,36,1.0e-10,64
VQE_reduced_surrogate,73002,4607,1,0.0001220703125,1073.0585187499785,1049.0125999999993,not_in_gurobi_pool,,0011100110111111011,00100000000000000,001110011011111101100100000000000000,128,8192,25,152,true,single,36,1.0e-10,64
VQE_reduced_surrogate,73002,4554,1,0.0001220703125,1062.7144437499976,1049.3555999999996,not_in_gurobi_pool,,1101101001000110100,00000101100000000,110110100100011010000000101100000000,128,8192,25,152,true,single,36,1.0e-10,64
VQE_reduced_surrogate,73002,4438,1,0.0001220703125,1041.42019374999,1049.4355,not_in_gurobi_pool,,0111101100011010111,00010101000100101,011110110001101011100010101000100101,128,8192,25,152,true,single,36,1.0e-10,64
VQE_reduced_surrogate,73002,4493,1,0.0001220703125,1052.1638687499967,1049.4920999999997,not_in_gurobi_pool,,1100111110101101101,00000001000101000,110011111010110110100000001000101000,128,8192,25,152,true,single,36,1.0e-10,64
VQE_reduced_surrogate,73002,4439,1,0.0001220703125,1041.631893749998,1049.6472,not_in_gurobi_pool,,0000100000111111111,01100000010000000,000010000011111111101100000010000000,128,8192,25,152,true,single,36,1.0e-10,64
VQE_reduced_surrogate,73002,4440,1,0.0001220703125,1041.6318937499905,1049.6472,not_in_gurobi_pool,,0000100100111111111,01100000010000000,000010010011111111101100000010000000,128,8192,25,152,true,single,36,1.0e-10,64
VQE_reduced_surrogate,73002,4441,1,0.0001220703125,1041.7543937499897,1049.7696999999996,not_in_gurobi_pool,,0001100000111111111,00100000000000000,000110000011111111100100000000000000,128,8192,25,152,true,single,36,1.0e-10,64
VQE_reduced_surrogate,73002,4610,1,0.0001220703125,1074.0665187499953,1050.0205999999996,not_in_gurobi_pool,,0011000101101010101,00100000000000000,001100010110101010100100000000000000,128,8192,25,152,true,single,36,1.0e-10,64
VQE_reduced_surrogate,73002,4442,1,0.0001220703125,1042.0366937500003,1050.0520000000001,not_in_gurobi_pool,,0110101100010110110,00010101010100001,011010110001011011000010101010100001,128,8192,25,152,true,single,36,1.0e-10,64
VQE_reduced_surrogate,73002,4560,1,0.0001220703125,1063.7994437499985,1050.4405999999994,not_in_gurobi_pool,,0101010101101001101,00000000000101000,010101010110100110100000000000101000,128,8192,25,152,true,single,36,1.0e-10,64
VQE_reduced_surrogate,73002,4561,1,0.0001220703125,1063.8259437500008,1050.4670999999998,not_in_gurobi_pool,,1100100111000110101,00100001011000000,110010011100011010100100001011000000,128,8192,25,152,true,single,36,1.0e-10,64
VQE_reduced_surrogate,73002,4497,1,0.0001220703125,1053.1454687500081,1050.4736999999996,not_in_gurobi_pool,,0001100001101000110,00100000000000111,000110000110100011000100000000000111,128,8192,25,152,true,single,36,1.0e-10,64
VQE_reduced_surrogate,73002,4445,1,0.0001220703125,1042.50129375001,1050.5165999999995,not_in_gurobi_pool,,0101011110110100000,10000001000101000,010101111011010000010000001000101000,128,8192,25,152,true,single,36,1.0e-10,64
VQE_reduced_surrogate,73002,4613,1,0.0001220703125,1074.5679187500036,1050.5219999999997,not_in_gurobi_pool,,0110011110100000100,00000000000111000,011001111010000010000000000000111000,128,8192,25,152,true,single,36,1.0e-10,64
VQE_reduced_surrogate,73002,4446,1,0.0001220703125,1042.5122937500066,1050.5275999999994,not_in_gurobi_pool,,0011111010110100001,10000100000101000,001111101011010000110000100000101000,128,8192,25,152,true,single,36,1.0e-10,64
VQE_reduced_surrogate,73002,4448,1,0.0001220703125,1042.5531937499936,1050.5684999999996,not_in_gurobi_pool,,0111100110010100111,00100000010100011,011110011001010011100100000010100011,128,8192,25,152,true,single,36,1.0e-10,64
VQE_reduced_surrogate,73002,4447,1,0.0001220703125,1042.553193749989,1050.5685,not_in_gurobi_pool,,0111100110011100111,00100000010100011,011110011001110011100100000010100011,128,8192,25,152,true,single,36,1.0e-10,64
VQE_reduced_surrogate,73002,4381,1,0.0001220703125,1031.8722187500014,1050.5745999999997,not_in_gurobi_pool,,0101011000111000100,00000001000101000,010101100011100010000000001000101000,128,8192,25,152,true,single,36,1.0e-10,64
VQE_reduced_surrogate,73002,4498,1,0.0001220703125,1053.2763687500071,1050.6045999999997,not_in_gurobi_pool,,0101001110101000100,00000001000000000,010100111010100010000000001000000000,128,8192,25,152,true,single,36,1.0e-10,64
VQE_reduced_surrogate,73002,4499,1,0.0001220703125,1053.2873687500125,1050.6155999999996,not_in_gurobi_pool,,0011001110101000100,00000100000000000,001100111010100010000000100000000000,128,8192,25,152,true,single,36,1.0e-10,64
VQE_reduced_surrogate,73002,4500,1,0.0001220703125,1053.287368750016,1050.6155999999996,not_in_gurobi_pool,,0011101010101000100,00000100000000000,001110101010100010000000100000000000,128,8192,25,152,true,single,36,1.0e-10,64
VQE_reduced_surrogate,73002,4501,1,0.0001220703125,1053.3678687500044,1050.6960999999997,not_in_gurobi_pool,,1100100010110101100,00100000010000000,110010001011010110000100000010000000,128,8192,25,152,true,single,36,1.0e-10,64
VQE_reduced_surrogate,73002,4504,1,0.0001220703125,1053.5098687499985,1050.8380999999997,not_in_gurobi_pool,,1100011110111111010,00000001000101000,110001111011111101000000001000101000,128,8192,25,152,true,single,36,1.0e-10,64
VQE_reduced_surrogate,73002,4383,1,0.0001220703125,1032.2168187500017,1050.9191999999998,not_in_gurobi_pool,,1000101111100100001,11000101000000000,100010111110010000111000101000000000,128,8192,25,152,true,single,36,1.0e-10,64
VQE_reduced_surrogate,73002,4450,1,0.0001220703125,1042.9907937499927,1051.0060999999996,not_in_gurobi_pool,,1100011001101000101,00000001000101000,110001100110100010100000001000101000,128,8192,25,152,true,single,36,1.0e-10,64
VQE_reduced_surrogate,73002,4563,1,0.0001220703125,1064.7024437500013,1051.3435999999995,not_in_gurobi_pool,,0101001110101100101,00000001000000000,010100111010110010100000001000000000,128,8192,25,152,true,single,36,1.0e-10,64
VQE_reduced_surrogate,73002,4564,1,0.0001220703125,1064.7134437500029,1051.3545999999994,not_in_gurobi_pool,,0011101010101100101,00000100000000000,001110101010110010100000100000000000,128,8192,25,152,true,single,36,1.0e-10,64
VQE_reduced_surrogate,73002,4506,1,0.0001220703125,1054.051368749999,1051.3795999999998,not_in_gurobi_pool,,0011100110010110110,00100100010000001,001110011001011011000100100010000001,128,8192,25,152,true,single,36,1.0e-10,64
VQE_reduced_surrogate,73002,4617,1,0.0001220703125,1075.819518749997,1051.7735999999998,not_in_gurobi_pool,,0101100001101001111,00100000000000110,010110000110100111100100000000000110,128,8192,25,152,true,single,36,1.0e-10,64
VQE_reduced_surrogate,73002,4565,1,0.0001220703125,1065.143443749992,1051.7845999999995,not_in_gurobi_pool,,0011110001101001111,00000000000101110,001111000110100111100000000000101110,128,8192,25,152,true,single,36,1.0e-10,64
VQE_reduced_surrogate,73002,4509,1,0.0001220703125,1054.5178687499938,1051.8460999999995,not_in_gurobi_pool,,1100111001101010100,00000001000101000,110011100110101010000000001000101000,128,8192,25,152,true,single,36,1.0e-10,64
VQE_reduced_surrogate,73002,4567,1,0.0001220703125,1065.2138437499987,1051.8549999999998,not_in_gurobi_pool,,0110101110101000110,00000000000100111,011010111010100011000000000000100111,128,8192,25,152,true,single,36,1.0e-10,64
VQE_reduced_surrogate,73002,4618,1,0.0001220703125,1075.913918750003,1051.8679999999997,not_in_gurobi_pool,,0110011010111010011,00000000000111101,011001101011101001100000000000111101,128,8192,25,152,true,single,36,1.0e-10,64
VQE_reduced_surrogate,73002,4510,1,0.0001220703125,1054.5792687500002,1051.9074999999996,not_in_gurobi_pool,,1111101101100100101,00000000000100000,111110110110010010100000000000100000,128,8192,25,152,true,single,36,1.0e-10,64
VQE_reduced_surrogate,73002,4452,1,0.0001220703125,1044.1382937499939,1052.1535999999994,not_in_gurobi_pool,,0101111100110110101,00000001000101000,010111110011011010100000001000101000,128,8192,25,152,true,single,36,1.0e-10,64
VQE_reduced_surrogate,73002,4453,1,0.0001220703125,1044.1492937499906,1052.1645999999994,not_in_gurobi_pool,,0011111100110110101,00000100000101000,001111110011011010100000100000101000,128,8192,25,152,true,single,36,1.0e-10,64
VQE_reduced_surrogate,73002,4392,1,0.0001220703125,1033.5307187499961,1052.2330999999997,not_in_gurobi_pool,,0100111001000110101,00000101110100000,010011100100011010100000101110100000,128,8192,25,152,true,single,36,1.0e-10,64
VQE_reduced_surrogate,73002,4516,1,0.0001220703125,1055.1049687500033,1052.4331999999995,not_in_gurobi_pool,,0000011000110101101,01000101000001000,000001100011010110101000101000001000,128,8192,25,152,true,single,36,1.0e-10,64
VQE_reduced_surrogate,73002,4570,1,0.0001220703125,1065.821043750003,1052.4621999999995,not_in_gurobi_pool,,0000100001101011111,01100000010000100,000010000110101111101100000010000100,128,8192,25,152,true,single,36,1.0e-10,64
VQE_reduced_surrogate,73002,4455,1,0.0001220703125,1044.449193750007,1052.4645,not_in_gurobi_pool,,1111100001011011111,00100000010100100,111110000101101111100100000010100100,128,8192,25,152,true,single,36,1.0e-10,64
VQE_reduced_surrogate,73002,4571,1,0.0001220703125,1065.8425437500064,1052.4836999999998,not_in_gurobi_pool,,0001100001100101111,00100000000000010,000110000110010111100100000000000010,128,8192,25,152,true,single,36,1.0e-10,64
VQE_reduced_surrogate,73002,4517,1,0.0001220703125,1055.2498687500024,1052.5780999999997,not_in_gurobi_pool,,0010011010110110011,00000100000101001,001001101011011001100000100000101001,128,8192,25,152,true,single,36,1.0e-10,64
VQE_reduced_surrogate,73002,4393,1,0.0001220703125,1033.8833187500006,1052.5856999999996,not_in_gurobi_pool,,0001101110100101101,00000101000000000,000110111010010110100000101000000000,128,8192,25,152,true,single,36,1.0e-10,64
VQE_reduced_surrogate,73002,4394,1,0.0001220703125,1033.945318750012,1052.6476999999995,not_in_gurobi_pool,,0001101010101100110,00000101000000011,000110101010110011000000101000000011,128,8192,25,152,true,single,36,1.0e-10,64
VQE_reduced_surrogate,73002,4395,1,0.0001220703125,1033.9817187499996,1052.6840999999997,not_in_gurobi_pool,,1100100011110001001,10100000010000000,110010001111000100110100000010000000,128,8192,25,152,true,single,36,1.0e-10,64
VQE_reduced_surrogate,73002,4573,1,0.0001220703125,1066.1364437499951,1052.7775999999997,not_in_gurobi_pool,,0101001110101010111,00000001000000101,010100111010101011100000001000000101,128,8192,25,152,true,single,36,1.0e-10,64
VQE_reduced_surrogate,73002,4574,1,0.0001220703125,1066.1364437499954,1052.7775999999997,not_in_gurobi_pool,,0101101010101010111,00000001000000101,010110101010101011100000001000000101,128,8192,25,152,true,single,36,1.0e-10,64
VQE_reduced_surrogate,73002,4520,1,0.0001220703125,1055.7023687499986,1053.0305999999996,not_in_gurobi_pool,,1011011010011001110,00000111000100110,101101101001100111000000111000100110,128,8192,25,152,true,single,36,1.0e-10,64
VQE_reduced_surrogate,73002,4576,1,0.0001220703125,1066.449443750006,1053.0905999999995,not_in_gurobi_pool,,0011010010111001100,00000000000101000,001101001011100110000000000000101000,128,8192,25,152,true,single,36,1.0e-10,64
VQE_reduced_surrogate,73002,4577,1,0.0001220703125,1066.5674437499938,1053.2085999999997,not_in_gurobi_pool,,0101101110101001110,00000001000000110,010110111010100111000000001000000110,128,8192,25,152,true,single,36,1.0e-10,64
VQE_reduced_surrogate,73002,4578,1,0.0001220703125,1066.5784437499942,1053.2195999999997,not_in_gurobi_pool,,0011101110101001110,00000100000000110,001110111010100111000000100000000110,128,8192,25,152,true,single,36,1.0e-10,64
VQE_reduced_surrogate,73002,4579,1,0.0001220703125,1066.5784437499942,1053.2195999999997,not_in_gurobi_pool,,0011001110101001111,00000100000000110,001100111010100111100000100000000110,128,8192,25,152,true,single,36,1.0e-10,64
VQE_reduced_surrogate,73002,4581,1,0.0001220703125,1067.1550437499964,1053.7961999999995,not_in_gurobi_pool,,0000011110101101111,01000101000001010,000001111010110111101000101000001010,128,8192,25,152,true,single,36,1.0e-10,64
VQE_reduced_surrogate,73002,4624,1,0.0001220703125,1077.9265187500027,1053.8805999999997,not_in_gurobi_pool,,0101000010111100110,00100000000000011,010100001011110011000100000000000011,128,8192,25,152,true,single,36,1.0e-10,64
VQE_reduced_surrogate,73002,4402,1,0.0001220703125,1035.197118749994,1053.8995,not_in_gurobi_pool,,1111101010011011111,00000101000100100,111110101001101111100000101000100100,128,8192,25,152,true,single,36,1.0e-10,64
VQE_reduced_surrogate,73002,4625,1,0.0001220703125,1078.038518750002,1053.9925999999998,not_in_gurobi_pool,,0011000010111010110,00100000000000101,001100001011101011000100000000000101,128,8192,25,152,true,single,36,1.0e-10,64
VQE_reduced_surrogate,73002,4457,1,0.0001220703125,1046.0362937500001,1054.0515999999998,not_in_gurobi_pool,,0011111001110100000,10000100000101000,001111100111010000010000100000101000,128,8192,25,152,true,single,36,1.0e-10,64
VQE_reduced_surrogate,73002,4459,1,0.0001220703125,1046.0872937500033,1054.1026,not_in_gurobi_pool,,0011010001011011101,00000100010100000,001101000101101110100000100010100000,128,8192,25,152,true,single,36,1.0e-10,64
VQE_reduced_surrogate,73002,4523,1,0.0001220703125,1057.0338687500061,1054.3620999999996,not_in_gurobi_pool,,1100111101110111011,00000001000101000,110011110111011101100000001000101000,128,8192,25,152,true,single,36,1.0e-10,64
VQE_reduced_surrogate,73002,4629,1,0.0001220703125,1078.4585187500043,1054.4125999999999,not_in_gurobi_pool,,0101000010110001110,00100000000000110,010100001011000111000100000000000110,128,8192,25,152,true,single,36,1.0e-10,64
VQE_reduced_surrogate,73002,4630,1,0.0001220703125,1078.4695187500097,1054.4235999999999,not_in_gurobi_pool,,0011000010110001110,00100000000000110,001100001011000111000100000000000110,128,8192,25,152,true,single,36,1.0e-10,64
VQE_reduced_surrogate,73002,4460,1,0.0001220703125,1046.4087937499933,1054.4240999999995,not_in_gurobi_pool,,0010010011110000000,10001000010101000,001001001111000000010001000010101000,128,8192,25,152,true,single,36,1.0e-10,64
VQE_reduced_surrogate,73002,4524,1,0.0001220703125,1057.2182687500003,1054.5464999999997,not_in_gurobi_pool,,1111101010110100101,00000000000100000,111110101011010010100000000000100000,128,8192,25,152,true,single,36,1.0e-10,64
VQE_reduced_surrogate,73002,4463,1,0.0001220703125,1047.1147937499964,1055.1300999999999,not_in_gurobi_pool,,0100010010111011110,00000000010101100,010001001011101111000000000010101100,128,8192,25,152,true,single,36,1.0e-10,64
VQE_reduced_surrogate,73002,4465,1,0.0001220703125,1047.236893750011,1055.2521999999994,not_in_gurobi_pool,,0000011111101100011,01000101000001011,000001111110110001101000101000001011,128,8192,25,152,true,single,36,1.0e-10,64
VQE_reduced_surrogate,73002,4525,1,0.0001220703125,1057.9853687499976,1055.3135999999997,not_in_gurobi_pool,,1011111111001000110,00000111000100111,101111111100100011000000111000100111,128,8192,25,152,true,single,36,1.0e-10,64
VQE_reduced_surrogate,73002,4526,1,0.0001220703125,1058.006368750011,1055.3345999999997,not_in_gurobi_pool,,0011100001010101110,00100100010000010,001110000101010111000100100010000010,128,8192,25,152,true,single,36,1.0e-10,64
VQE_reduced_surrogate,73002,4466,1,0.0001220703125,1047.34019375002,1055.3555000000001,not_in_gurobi_pool,,1111111011011010011,00000101000110101,111111101101101001100000101000110101,128,8192,25,152,true,single,36,1.0e-10,64
VQE_reduced_surrogate,73002,4469,1,0.0001220703125,1047.512193749995,1055.5275000000001,not_in_gurobi_pool,,0111111110010100111,00000101000110011,011111111001010011100000101000110011,128,8192,25,152,true,single,36,1.0e-10,64
VQE_reduced_surrogate,73002,4471,1,0.0001220703125,1047.903793749996,1055.9190999999998,not_in_gurobi_pool,,1100111011000100110,00000101110100011,110011101100010011000000101110100011,128,8192,25,152,true,single,36,1.0e-10,64
VQE_reduced_surrogate,73002,4472,1,0.0001220703125,1048.0441937499847,1056.0594999999998,not_in_gurobi_pool,,0111111110011001111,00000101000110110,011111111001100111100000101000110110,128,8192,25,152,true,single,36,1.0e-10,64
VQE_reduced_surrogate,73002,4528,1,0.0001220703125,1058.7628687499964,1056.0910999999996,not_in_gurobi_pool,,0100011001110110011,00000001000101001,010001100111011001100000001000101001,128,8192,25,152,true,single,36,1.0e-10,64
VQE_reduced_surrogate,73002,4592,1,0.0001220703125,1069.9734437499967,1056.6145999999999,not_in_gurobi_pool,,0011010001110001100,00000000000101000,001101000111000110000000000000101000,128,8192,25,152,true,single,36,1.0e-10,64
VQE_reduced_surrogate,73002,4474,1,0.0001220703125,1048.6606937499882,1056.676,not_in_gurobi_pool,,0110111110010101110,00000101010110010,011011111001010111000000101010110010,128,8192,25,152,true,single,36,1.0e-10,64
VQE_reduced_surrogate,73002,4533,1,0.0001220703125,1059.542368749993,1056.8705999999995,not_in_gurobi_pool,,0011111010010011111,00000111000100100,001111101001001111100000111000100100,128,8192,25,152,true,single,36,1.0e-10,64
VQE_reduced_surrogate,73002,4419,1,0.0001220703125,1038.3793187499962,1057.0816999999995,not_in_gurobi_pool,,1001101010110101110,00000101000000010,100110101011010111000000101000000010,128,8192,25,152,true,single,36,1.0e-10,64
VQE_reduced_surrogate,73002,4644,1,0.0001220703125,1081.8665187500035,1057.8205999999998,not_in_gurobi_pool,,0011101011001010101,00000111000000000,001110101100101010100000111000000000,128,8192,25,152,true,single,36,1.0e-10,64
VQE_reduced_surrogate,73002,4596,1,0.0001220703125,1071.3974437500128,1058.0385999999996,not_in_gurobi_pool,,0101001010110001100,00000001000000000,010100101011000110000000001000000000,128,8192,25,152,true,single,36,1.0e-10,64
VQE_reduced_surrogate,73002,4542,1,0.0001220703125,1060.7938687499952,1058.1220999999998,not_in_gurobi_pool,,0100000001110110110,00100000010000001,010000000111011011000100000010000001,128,8192,25,152,true,single,36,1.0e-10,64
VQE_reduced_surrogate,73002,4543,1,0.0001220703125,1060.8337687500032,1058.1619999999996,not_in_gurobi_pool,,0110110101111110110,00000000010111001,011011010111111011000000000010111001,128,8192,25,152,true,single,36,1.0e-10,64
VQE_reduced_surrogate,73002,4600,1,0.0001220703125,1071.8785437500017,1058.5196999999998,not_in_gurobi_pool,,0001101111000110101,00000111100000000,000110111100011010100000111100000000,128,8192,25,152,true,single,36,1.0e-10,64
VQE_reduced_surrogate,73002,4481,1,0.0001220703125,1050.548793750003,1058.5640999999996,not_in_gurobi_pool,,0010010001111101110,00000000010101010,001001000111110111000000000010101010,128,8192,25,152,true,single,36,1.0e-10,64
VQE_reduced_surrogate,73002,4434,1,0.0001220703125,1040.1473187500035,1058.8497,not_in_gurobi_pool,,0001101010111011100,00000101000000000,000110101011101110000000101000000000,128,8192,25,152,true,single,36,1.0e-10,64
VQE_reduced_surrogate,73002,4603,1,0.0001220703125,1072.2484437499888,1058.8895999999997,not_in_gurobi_pool,,0011101110110011101,00000100000000000,001110111011001110100000100000000000,128,8192,25,152,true,single,36,1.0e-10,64
VQE_reduced_surrogate,73002,4488,1,0.0001220703125,1051.3587937500024,1059.3740999999995,not_in_gurobi_pool,,0010011011010101011,00000111010100010,001001101101010101100000111010100010,128,8192,25,152,true,single,36,1.0e-10,64
VQE_reduced_surrogate,73002,4549,1,0.0001220703125,1062.1663687500063,1059.4945999999993,not_in_gurobi_pool,,0101111111111000000,10001001000101000,010111111111100000010001001000101000,128,8192,25,152,true,single,36,1.0e-10,64
VQE_reduced_surrogate,73002,4550,1,0.0001220703125,1062.2288687499924,1059.5570999999995,not_in_gurobi_pool,,0100011110111110110,00000001000101001,010001111011111011000000001000101001,128,8192,25,152,true,single,36,1.0e-10,64
VQE_reduced_surrogate,73002,4655,1,0.0001220703125,1083.6305187499972,1059.5845999999995,not_in_gurobi_pool,,0011101011001001111,00000111000000110,001110101100100111100000111000000110,128,8192,25,152,true,single,36,1.0e-10,64
VQE_reduced_surrogate,73002,4373,1,0.0001220703125,1030.3466437500035,1059.7360999999996,not_in_gurobi_pool,,1100010011110000111,00000000010101111,110001001111000011100000000010101111,128,8192,25,152,true,single,36,1.0e-10,64
VQE_reduced_surrogate,73002,4552,1,0.0001220703125,1062.474868750003,1059.8030999999996,not_in_gurobi_pool,,1100101111101001111,00000001000000110,110010111110100111100000001000000110,128,8192,25,152,true,single,36,1.0e-10,64
VQE_reduced_surrogate,73002,4553,1,0.0001220703125,1062.567368749994,1059.8955999999996,not_in_gurobi_pool,,1101111001110001110,00000001000101110,110111100111000111000000001000101110,128,8192,25,152,true,single,36,1.0e-10,64
VQE_reduced_surrogate,73002,4608,1,0.0001220703125,1073.5330437499917,1060.1742,not_in_gurobi_pool,,0000101111010111011,01000111110000000,000010111101011101101000111110000000,128,8192,25,152,true,single,36,1.0e-10,64
VQE_reduced_surrogate,73002,4495,1,0.0001220703125,1052.691393749993,1060.7066999999997,not_in_gurobi_pool,,1001111001110011111,00000101000001100,100111100111001111100000101000001100,128,8192,25,152,true,single,36,1.0e-10,64
VQE_reduced_surrogate,73002,4612,1,0.0001220703125,1074.147443750006,1060.7885999999996,not_in_gurobi_pool,,0011000011010001110,00100100010000110,001100001101000111000100100010000110,128,8192,25,152,true,single,36,1.0e-10,64
VQE_reduced_surrogate,73002,4556,1,0.0001220703125,1063.4998687499667,1060.8280999999997,not_in_gurobi_pool,,0100101110111111111,00000001000000000,010010111011111111100000001000000000,128,8192,25,152,true,single,36,1.0e-10,64
VQE_reduced_surrogate,73002,4558,1,0.0001220703125,1063.6228687499959,1060.9510999999998,not_in_gurobi_pool,,0100001111111110000,10000001000000000,010000111111111000010000001000000000,128,8192,25,152,true,single,36,1.0e-10,64
VQE_reduced_surrogate,73002,4496,1,0.0001220703125,1052.994893750002,1061.0101999999995,not_in_gurobi_pool,,0000101111100010101,01000101000000000,000010111110001010101000101000000000,128,8192,25,152,true,single,36,1.0e-10,64
VQE_reduced_surrogate,73002,4693,1,0.0001220703125,1095.7819937499978,1061.0489999999998,not_in_gurobi_pool,,0110111001111010100,00000000000111000,011011100111101010000000000000111000,128,8192,25,152,true,single,36,1.0e-10,64
VQE_reduced_surrogate,73002,4513,1,0.0001220703125,1054.7588937499997,1062.7742,not_in_gurobi_pool,,0000101111100001111,01000101000000110,000010111110000111101000101000000110,128,8192,25,152,true,single,36,1.0e-10,64
VQE_reduced_surrogate,73002,4514,1,0.0001220703125,1054.7611937499992,1062.7764999999997,not_in_gurobi_pool,,1111101011011001111,00000101000100110,111110101101100111100000101000100110,128,8192,25,152,true,single,36,1.0e-10,64
VQE_reduced_surrogate,73002,4518,1,0.0001220703125,1055.459793749999,1063.4750999999997,not_in_gurobi_pool,,0100100011110100111,00100000010000011,010010001111010011100100000010000011,128,8192,25,152,true,single,36,1.0e-10,64
VQE_reduced_surrogate,73002,4519,1,0.0001220703125,1055.5607937499965,1063.5760999999998,not_in_gurobi_pool,,0100100011110010111,00100000010000101,010010001111001011100100000010000101,128,8192,25,152,true,single,36,1.0e-10,64
VQE_reduced_surrogate,73002,4622,1,0.0001220703125,1077.2414437500022,1063.8825999999995,not_in_gurobi_pool,,0011111011010100100,00000111000100000,001111101101010010000000111000100000,128,8192,25,152,true,single,36,1.0e-10,64
VQE_reduced_surrogate,73002,4456,1,0.0001220703125,1045.3047187500001,1064.0070999999996,not_in_gurobi_pool,,0100110011111001111,00000000010101110,010011001111100111100000000010101110,128,8192,25,152,true,single,36,1.0e-10,64
VQE_reduced_surrogate,73002,4521,1,0.0001220703125,1056.0027937500026,1064.0180999999998,not_in_gurobi_pool,,0010000111110001110,00100000010000110,001000011111000111000100000010000110,128,8192,25,152,true,single,36,1.0e-10,64
VQE_reduced_surrogate,73002,4580,1,0.0001220703125,1066.992768750002,1064.3209999999997,not_in_gurobi_pool,,0110111011011001100,00000101010110000,011011101101100110000000101010110000,128,8192,25,152,true,single,36,1.0e-10,64
VQE_reduced_surrogate,73002,4636,1,0.0001220703125,1079.6728437500021,1066.3139999999999,not_in_gurobi_pool,,1110101111111110111,00000000000100001,111010111111111011100000000000100001,128,8192,25,152,true,single,36,1.0e-10,64
VQE_reduced_surrogate,73002,4527,1,0.0001220703125,1058.337793749994,1066.3530999999998,not_in_gurobi_pool,,0100111011010101111,00000101110100010,010011101101010111100000101110100010,128,8192,25,152,true,single,36,1.0e-10,64
VQE_reduced_surrogate,73002,4421,1,0.0001220703125,1038.399243750002,1067.7887,not_in_gurobi_pool,,0001111111110000110,00000101000001111,000111111111000011000000101000001111,128,8192,25,152,true,single,36,1.0e-10,64
VQE_reduced_surrogate,73002,4604,1,0.0001220703125,1072.3768687499908,1069.7050999999997,not_in_gurobi_pool,,0100001111111101111,00000001000000010,010000111111110111100000001000000010,128,8192,25,152,true,single,36,1.0e-10,64
VQE_reduced_surrogate,73002,4583,1,0.0001220703125,1067.916493749991,1075.9317999999998,not_in_gurobi_pool,,1111010010001010000,10000000010110000,111101001000101000010000000010110000,128,8192,25,152,true,single,36,1.0e-10,64
VQE_reduced_surrogate,73002,4584,1,0.0001220703125,1068.0154937500008,1076.0307999999998,not_in_gurobi_pool,,1111011100001010011,00010101000110101,111101110000101001100010101000110101,128,8192,25,152,true,single,36,1.0e-10,64
VQE_reduced_surrogate,73002,4591,1,0.0001220703125,1069.9334937499978,1077.9487999999997,not_in_gurobi_pool,,1111111000100100000,10000000000111000,111111100010010000010000000000111000,128,8192,25,152,true,single,36,1.0e-10,64
VQE_reduced_surrogate,73002,4593,1,0.0001220703125,1070.8864937500023,1078.9017999999999,not_in_gurobi_pool,,0111100100011010000,10110000010100000,011110010001101000010110000010100000,128,8192,25,152,true,single,36,1.0e-10,64
VQE_reduced_surrogate,73002,4537,1,0.0001220703125,1060.2294187499926,1078.9317999999998,not_in_gurobi_pool,,0111100110001010001,10100000010100000,011110011000101000110100000010100000,128,8192,25,152,true,single,36,1.0e-10,64
VQE_reduced_surrogate,73002,4538,1,0.0001220703125,1060.2294187499929,1078.9317999999998,not_in_gurobi_pool,,0111100010000010001,10100000010100000,011110001000001000110100000010100000,128,8192,25,152,true,single,36,1.0e-10,64
VQE_reduced_surrogate,73002,4539,1,0.0001220703125,1060.229418750003,1078.9317999999998,not_in_gurobi_pool,,0111100110000010000,10100000010100000,011110011000001000010100000010100000,128,8192,25,152,true,single,36,1.0e-10,64
VQE_reduced_surrogate,73002,4689,1,0.0001220703125,1092.5906437500037,1079.2317999999998,not_in_gurobi_pool,,1111110000000101111,00010000010110010,111111000000010111100010000010110010,128,8192,25,152,true,single,36,1.0e-10,64
VQE_reduced_surrogate,73002,4646,1,0.0001220703125,1082.2726687499996,1079.6008999999997,not_in_gurobi_pool,,0101010100010110001,10010001010100000,010101010001011000110010001010100000,128,8192,25,152,true,single,36,1.0e-10,64
VQE_reduced_surrogate,73002,4652,1,0.0001220703125,1082.569168749998,1079.8973999999998,not_in_gurobi_pool,,1100101000101111001,10000001000000000,110010100010111100110000001000000000,128,8192,25,152,true,single,36,1.0e-10,64
VQE_reduced_surrogate,73002,4727,1,0.0001220703125,1104.045218749994,1079.9993,not_in_gurobi_pool,,1110011000100110010,00000000000111001,111001100010011001000000000000111001,128,8192,25,152,true,single,36,1.0e-10,64
VQE_reduced_surrogate,73002,4602,1,0.0001220703125,1072.1854937499993,1080.2007999999998,not_in_gurobi_pool,,0111101000000101011,00010101000100010,011110100000010101100010101000100010,128,8192,25,152,true,single,36,1.0e-10,64
VQE_reduced_surrogate,73002,4653,1,0.0001220703125,1083.2245687500022,1080.5528,not_in_gurobi_pool,,1111111000101101011,00000000000111010,111111100010110101100000000000111010,128,8192,25,152,true,single,36,1.0e-10,64
VQE_reduced_surrogate,73002,4692,1,0.0001220703125,1094.3297437500191,1080.9708999999998,not_in_gurobi_pool,,0011100000001011100,00110100010000000,001110000000101110000110100010000000,128,8192,25,152,true,single,36,1.0e-10,64
VQE_reduced_surrogate,73002,4659,1,0.0001220703125,1084.2585687499995,1081.5867999999998,not_in_gurobi_pool,,1111111000000100100,00010101000110000,111111100000010010000010101000110000,128,8192,25,152,true,single,36,1.0e-10,64
VQE_reduced_surrogate,73002,4557,1,0.0001220703125,1063.5384187499951,1082.2407999999998,not_in_gurobi_pool,,0111110100101000101,00000000000111000,011111010010100010100000000000111000,128,8192,25,152,true,single,36,1.0e-10,64
VQE_reduced_surrogate,73002,4559,1,0.0001220703125,1063.6524187499988,1082.3547999999996,not_in_gurobi_pool,,0111100101000100000,10100000010100000,011110010100010000010100000010100000,128,8192,25,152,true,single,36,1.0e-10,64
VQE_reduced_surrogate,73002,4696,1,0.0001220703125,1096.7837437500048,1083.4248999999998,not_in_gurobi_pool,,0011110110100101000,10000000000101000,001111011010010100010000000000101000,128,8192,25,152,true,single,36,1.0e-10,64
VQE_reduced_surrogate,73002,4614,1,0.0001220703125,1075.598593749995,1083.6138999999998,not_in_gurobi_pool,,0101011000101011011,00000001000101100,010101100010101101100000001000101100,128,8192,25,152,true,single,36,1.0e-10,64
VQE_reduced_surrogate,73002,4616,1,0.0001220703125,1075.77349375,1083.7888,not_in_gurobi_pool,,0111010101001010011,00000000010110101,011101010100101001100000000010110101,128,8192,25,152,true,single,36,1.0e-10,64
VQE_reduced_surrogate,73002,4508,1,0.0001220703125,1054.4003437500069,1083.7897999999996,not_in_gurobi_pool,,0111101010000100000,10000101000100000,011110101000010000010000101000100000,128,8192,25,152,true,single,36,1.0e-10,64
VQE_reduced_surrogate,73002,4566,1,0.0001220703125,1065.1884187500073,1083.8908,not_in_gurobi_pool,,0111111110001010000,10000101000110000,011111111000101000010000101000110000,128,8192,25,152,true,single,36,1.0e-10,64
VQE_reduced_surrogate,73002,4511,1,0.0001220703125,1054.628343749992,1084.0177999999996,not_in_gurobi_pool,,0111000100111001011,00100000000100110,011100010011100101100100000000100110,128,8192,25,152,true,single,36,1.0e-10,64
VQE_reduced_surrogate,73002,4569,1,0.0001220703125,1065.3154187500004,1084.0177999999999,not_in_gurobi_pool,,0111110000110001010,00000000000111110,011111000011000101000000000000111110,128,8192,25,152,true,single,36,1.0e-10,64
VQE_reduced_surrogate,73002,4665,1,0.0001220703125,1086.7442687500043,1084.0724999999998,not_in_gurobi_pool,,0000100100111111001,11100000010000000,000010010011111100111100000010000000,128,8192,25,152,true,single,36,1.0e-10,64
VQE_reduced_surrogate,73002,4619,1,0.0001220703125,1076.0964937499994,1084.1117999999997,not_in_gurobi_pool,,1111111000110100000,10000000000111000,111111100011010000010000000000111000,128,8192,25,152,true,single,36,1.0e-10,64
VQE_reduced_surrogate,73002,4666,1,0.0001220703125,1086.7955687499978,1084.1237999999998,not_in_gurobi_pool,,1111100100011100110,00110000010100011,111110010001110011000110000010100011,128,8192,25,152,true,single,36,1.0e-10,64
VQE_reduced_surrogate,73002,4699,1,0.0001220703125,1097.5807437500055,1084.2218999999998,not_in_gurobi_pool,,0011100000101101101,00100000000000000,001110000010110110100100000000000000,128,8192,25,152,true,single,36,1.0e-10,64
VQE_reduced_surrogate,73002,4703,1,0.0001220703125,1098.2041437499709,1084.8452999999995,not_in_gurobi_pool,,0110010001101000000,10001000010111000,011001000110100000010001000010111000,128,8192,25,152,true,single,36,1.0e-10,64
VQE_reduced_surrogate,73002,4621,1,0.0001220703125,1076.8530937499968,1084.8683999999996,not_in_gurobi_pool,,1100101100001111111,00010101110000000,110010110000111111100010101110000000,128,8192,25,152,true,single,36,1.0e-10,64
VQE_reduced_surrogate,73002,4575,1,0.0001220703125,1066.392418750007,1085.0947999999999,not_in_gurobi_pool,,0111100110010010000,10100000010100000,011110011001001000010100000010100000,128,8192,25,152,true,single,36,1.0e-10,64
VQE_reduced_surrogate,73002,4623,1,0.0001220703125,1077.5024937499861,1085.5178,not_in_gurobi_pool,,1111010001010100000,10000000010110000,111101000101010000010000000010110000,128,8192,25,152,true,single,36,1.0e-10,64
VQE_reduced_surrogate,73002,4667,1,0.0001220703125,1088.4506687499816,1085.7788999999996,not_in_gurobi_pool,,0011010001101010000,10000000000101000,001101000110101000010000000000101000,128,8192,25,152,true,single,36,1.0e-10,64
VQE_reduced_surrogate,73002,4669,1,0.0001220703125,1088.5935687500032,1085.9217999999998,not_in_gurobi_pool,,0111110110001010101,00000000010110000,011111011000101010100000000010110000,128,8192,25,152,true,single,36,1.0e-10,64
VQE_reduced_surrogate,73002,4672,1,0.0001220703125,1088.8241687500047,1086.1523999999995,not_in_gurobi_pool,,1100011010100110011,00000001000101001,110001101010011001100000001000101001,128,8192,25,152,true,single,36,1.0e-10,64
VQE_reduced_surrogate,73002,4707,1,0.0001220703125,1099.7327437499998,1086.3738999999994,not_in_gurobi_pool,,0011011110101000001,10001100000101000,001101111010100000110001100000101000,128,8192,25,152,true,single,36,1.0e-10,64
VQE_reduced_surrogate,73002,4708,1,0.0001220703125,1099.7327437500062,1086.3738999999994,not_in_gurobi_pool,,0011011110101000000,10001100000101000,001101111010100000010001100000101000,128,8192,25,152,true,single,36,1.0e-10,64
VQE_reduced_surrogate,73002,4582,1,0.0001220703125,1067.7924187499966,1086.4948,not_in_gurobi_pool,,0111101110000011011,00000101000100100,011110111000001101100000101000100100,128,8192,25,152,true,single,36,1.0e-10,64
VQE_reduced_surrogate,73002,4631,1,0.0001220703125,1078.8614937500004,1086.8767999999998,not_in_gurobi_pool,,1111100101001001100,00100000010100000,111110010100100110000100000010100000,128,8192,25,152,true,single,36,1.0e-10,64
VQE_reduced_surrogate,73002,4675,1,0.0001220703125,1089.6251687499966,1086.9533999999996,not_in_gurobi_pool,,0010100110011111001,10100100011000000,001010011001111100110100100011000000,128,8192,25,152,true,single,36,1.0e-10,64
VQE_reduced_surrogate,73002,4711,1,0.0001220703125,1100.3281437500025,1086.9692999999997,not_in_gurobi_pool,,0110100010000101101,00100000011100000,011010001000010110100100000011100000,128,8192,25,152,true,single,36,1.0e-10,64
VQE_reduced_surrogate,73002,4767,1,0.0001220703125,1111.06521875,1087.0192999999995,not_in_gurobi_pool,,0110111010100100001,10000000000111000,011011101010010000110000000000111000,128,8192,25,152,true,single,36,1.0e-10,64
VQE_reduced_surrogate,73002,4768,1,0.0001220703125,1111.0652187500045,1087.0192999999995,not_in_gurobi_pool,,0110111010100100000,10000000000111000,011011101010010000010000000000111000,128,8192,25,152,true,single,36,1.0e-10,64
VQE_reduced_surrogate,73002,4633,1,0.0001220703125,1079.0240937500012,1087.0394,not_in_gurobi_pool,,0010011100000101110,00010111010100010,001001110000010111000010111010100010,128,8192,25,152,true,single,36,1.0e-10,64
VQE_reduced_surrogate,73002,4676,1,0.0001220703125,1089.7346687500003,1087.0628999999997,not_in_gurobi_pool,,0011100110000101101,00100100010000000,001110011000010110100100100010000000,128,8192,25,152,true,single,36,1.0e-10,64
VQE_reduced_surrogate,73002,4677,1,0.0001220703125,1089.753068749996,1087.0812999999998,not_in_gurobi_pool,,0110111000011111011,00010101010110000,011011100001111101100010101010110000,128,8192,25,152,true,single,36,1.0e-10,64
VQE_reduced_surrogate,73002,4585,1,0.0001220703125,1068.4089187499933,1087.1113,not_in_gurobi_pool,,0110101110000111011,00000101010100000,011010111000011101100000101010100000,128,8192,25,152,true,single,36,1.0e-10,64
VQE_reduced_surrogate,73002,4635,1,0.0001220703125,1079.4339937499876,1087.4492999999998,not_in_gurobi_pool,,0110010001101001010,00000000010111110,011001000110100101000000000010111110,128,8192,25,152,true,single,36,1.0e-10,64
VQE_reduced_surrogate,73002,4587,1,0.0001220703125,1068.7716187500023,1087.4739999999997,not_in_gurobi_pool,,1001111000100101110,00000101000001010,100111100010010111000000101000001010,128,8192,25,152,true,single,36,1.0e-10,64
VQE_reduced_surrogate,73002,4714,1,0.0001220703125,1100.9257437500019,1087.5668999999996,not_in_gurobi_pool,,1101110010101010110,00000000000101101,110111001010101011000000000000101101,128,8192,25,152,true,single,36,1.0e-10,64
VQE_reduced_surrogate,73002,4715,1,0.0001220703125,1101.1376437499912,1087.7787999999998,not_in_gurobi_pool,,0111010101011000000,10001000010110000,011101010101100000010001000010110000,128,8192,25,152,true,single,36,1.0e-10,64
VQE_reduced_surrogate,73002,4681,1,0.0001220703125,1090.855168750002,1088.1833999999997,not_in_gurobi_pool,,1100100110100110110,00100000010000001,110010011010011011000100000010000001,128,8192,25,152,true,single,36,1.0e-10,64
VQE_reduced_surrogate,73002,4532,1,0.0001220703125,1059.014343750003,1088.4037999999996,not_in_gurobi_pool,,0111100100111000100,00100000000100000,011110010011100010000100000000100000,128,8192,25,152,true,single,36,1.0e-10,64
VQE_reduced_surrogate,73002,4682,1,0.0001220703125,1091.1386687499983,1088.4668999999997,not_in_gurobi_pool,,0011010100011011110,00010100010100100,001101010001101111000010100010100100,128,8192,25,152,true,single,36,1.0e-10,64
VQE_reduced_surrogate,73002,4684,1,0.0001220703125,1091.5471687499937,1088.8754,not_in_gurobi_pool,,1100111001101011000,10000001000101000,110011100110101100010000001000101000,128,8192,25,152,true,single,36,1.0e-10,64
VQE_reduced_surrogate,73002,4639,1,0.0001220703125,1080.9455937500052,1088.9608999999998,not_in_gurobi_pool,,1101110111101010000,10000000000101000,110111011110101000010000000000101000,128,8192,25,152,true,single,36,1.0e-10,64
VQE_reduced_surrogate,73002,4640,1,0.0001220703125,1081.0161937500027,1089.0314999999996,not_in_gurobi_pool,,0000101000111111001,11000101000000000,000010100011111100111000101000000000,128,8192,25,152,true,single,36,1.0e-10,64
VQE_reduced_surrogate,73002,4641,1,0.0001220703125,1081.0349937500025,1089.0502999999997,not_in_gurobi_pool,,0110100010101100101,00100000010100000,011010001010110010100100000010100000,128,8192,25,152,true,single,36,1.0e-10,64
VQE_reduced_surrogate,73002,4772,1,0.0001220703125,1113.195218749999,1089.1492999999998,not_in_gurobi_pool,,0110111000101100110,00000000000111011,011011100010110011000000000000111011,128,8192,25,152,true,single,36,1.0e-10,64
VQE_reduced_surrogate,73002,4685,1,0.0001220703125,1091.8230687500038,1089.1512999999995,not_in_gurobi_pool,,0110010110101010101,00000000010111000,011001011010101010100000000010111000,128,8192,25,152,true,single,36,1.0e-10,64
VQE_reduced_surrogate,73002,4773,1,0.0001220703125,1113.296218749999,1089.2503,not_in_gurobi_pool,,0110111000101010110,00000000000111101,011011100010101011000000000000111101,128,8192,25,152,true,single,36,1.0e-10,64
VQE_reduced_surrogate,73002,4774,1,0.0001220703125,1113.311218750004,1089.2652999999998,not_in_gurobi_pool,,0110100111001110000,10100000011100000,011010011100111000010100000011100000,128,8192,25,152,true,single,36,1.0e-10,64
VQE_reduced_surrogate,73002,4642,1,0.0001220703125,1081.269493749994,1089.2848,not_in_gurobi_pool,,0111101100110110011,00000000000100001,011110110011011001100000000000100001,128,8192,25,152,true,single,36,1.0e-10,64
VQE_reduced_surrogate,73002,4720,1,0.0001220703125,1102.7067437500034,1089.3478999999998,not_in_gurobi_pool,,0101100111001110000,10100001010000000,010110011100111000010100001010000000,128,8192,25,152,true,single,36,1.0e-10,64
VQE_reduced_surrogate,73002,4776,1,0.0001220703125,1113.6228187500094,1089.5768999999996,not_in_gurobi_pool,,0101000010111101000,10100000000000000,010100001011110100010100000000000000,128,8192,25,152,true,single,36,1.0e-10,64
VQE_reduced_surrogate,73002,4594,1,0.0001220703125,1070.9724187499937,1089.6747999999998,not_in_gurobi_pool,,0111100100111001101,00100000000100000,011110010011100110100100000000100000,128,8192,25,152,true,single,36,1.0e-10,64
VQE_reduced_surrogate,73002,4779,1,0.0001220703125,1113.7272187499964,1089.6813,not_in_gurobi_pool,,0110111000101001110,00000000000111110,011011100010100111000000000000111110,128,8192,25,152,true,single,36,1.0e-10,64
VQE_reduced_surrogate,73002,4780,1,0.0001220703125,1113.7348187500113,1089.6888999999996,not_in_gurobi_pool,,0011000010111011000,10100000000000000,001100001011101100010100000000000000,128,8192,25,152,true,single,36,1.0e-10,64
VQE_reduced_surrogate,73002,4687,1,0.0001220703125,1092.409668749995,1089.7378999999994,not_in_gurobi_pool,,0011110110101000110,00000000000101111,001111011010100011000000000000101111,128,8192,25,152,true,single,36,1.0e-10,64
VQE_reduced_surrogate,73002,4723,1,0.0001220703125,1103.1803437500037,1089.8214999999996,not_in_gurobi_pool,,0000100110100110101,01100000010000000,000010011010011010101100000010000000,128,8192,25,152,true,single,36,1.0e-10,64
VQE_reduced_surrogate,73002,4688,1,0.0001220703125,1092.5485687500027,1089.8767999999998,not_in_gurobi_pool,,0111110101001001101,00000000010110000,011111010100100110100000000010110000,128,8192,25,152,true,single,36,1.0e-10,64
VQE_reduced_surrogate,73002,4645,1,0.0001220703125,1081.9340937499967,1089.9493999999995,not_in_gurobi_pool,,0100011100100110110,00000001000101001,010001110010011011000000001000101001,128,8192,25,152,true,single,36,1.0e-10,64
VQE_reduced_surrogate,73002,4540,1,0.0001220703125,1060.5633437500003,1089.9527999999996,not_in_gurobi_pool,,0111101010010100001,10000101000100000,011110101001010000110000101000100000,128,8192,25,152,true,single,36,1.0e-10,64
VQE_reduced_surrogate,73002,4597,1,0.0001220703125,1071.4260187499888,1090.1283999999996,not_in_gurobi_pool,,1100010001101000110,00000000010101111,110001000110100011000000000010101111,128,8192,25,152,true,single,36,1.0e-10,64
VQE_reduced_surrogate,73002,4541,1,0.0001220703125,1060.7819437500118,1090.1713999999995,not_in_gurobi_pool,,1100110011101010011,00000000010101101,110011001110101001100000000010101101,128,8192,25,152,true,single,36,1.0e-10,64
VQE_reduced_surrogate,73002,4782,1,0.0001220703125,1114.3114187500023,1090.2654999999997,not_in_gurobi_pool,,0000010110111111000,11000000010001000,000001011011111100011000000010001000,128,8192,25,152,true,single,36,1.0e-10,64
VQE_reduced_surrogate,73002,4647,1,0.0001220703125,1082.2894937500012,1090.3047999999994,not_in_gurobi_pool,,1111001110111100001,10000000000100000,111100111011110000110000000000100000,128,8192,25,152,true,single,36,1.0e-10,64
VQE_reduced_surrogate,73002,4725,1,0.0001220703125,1103.6727437499949,1090.3138999999996,not_in_gurobi_pool,,1101111000010101110,00010101100100010,110111100001010111000010101100100010,128,8192,25,152,true,single,36,1.0e-10,64
VQE_reduced_surrogate,73002,4648,1,0.0001220703125,1082.3280937499999,1090.3433999999995,not_in_gurobi_pool,,0100010010101100110,00000000010101011,010001001010110011000000000010101011,128,8192,25,152,true,single,36,1.0e-10,64
VQE_reduced_surrogate,73002,4726,1,0.0001220703125,1103.7338437500023,1090.3749999999995,not_in_gurobi_pool,,0001100110100101101,00100000000000000,000110011010010110100100000000000000,128,8192,25,152,true,single,36,1.0e-10,64
VQE_reduced_surrogate,73002,4649,1,0.0001220703125,1082.3650937499967,1090.3803999999996,not_in_gurobi_pool,,0100011100100101110,00000001000101010,010001110010010111000000001000101010,128,8192,25,152,true,single,36,1.0e-10,64
VQE_reduced_surrogate,73002,4690,1,0.0001220703125,1093.0566687500043,1090.3848999999996,not_in_gurobi_pool,,0011110000110101100,00000000000101000,001111000011010110000000000000101000,128,8192,25,152,true,single,36,1.0e-10,64
VQE_reduced_surrogate,73002,4651,1,0.0001220703125,1082.4604937500003,1090.4757999999995,not_in_gurobi_pool,,0111110000110100111,00000000000111011,011111000011010011100000000000111011,128,8192,25,152,true,single,36,1.0e-10,64
VQE_reduced_surrogate,73002,4598,1,0.0001220703125,1071.7734187499973,1090.4757999999997,not_in_gurobi_pool,,0111100100110100111,00100000000100011,011110010011010011100100000000100011,128,8192,25,152,true,single,36,1.0e-10,64
VQE_reduced_surrogate,73002,4599,1,0.0001220703125,1071.8744187499929,1090.5767999999998,not_in_gurobi_pool,,0111100100110010111,00100000000100101,011110010011001011100100000000100101,128,8192,25,152,true,single,36,1.0e-10,64
VQE_reduced_surrogate,73002,4601,1,0.0001220703125,1071.9956187499906,1090.6979999999994,not_in_gurobi_pool,,0001011001100010000,10000101000001000,000101100110001000010000101000001000,128,8192,25,152,true,single,36,1.0e-10,64
VQE_reduced_surrogate,73002,4728,1,0.0001220703125,1104.0877437500037,1090.7288999999998,not_in_gurobi_pool,,0011101101000111011,00000111000000000,001110110100011101100000111000000000,128,8192,25,152,true,single,36,1.0e-10,64
VQE_reduced_surrogate,73002,4734,1,0.0001220703125,1104.8247437499997,1091.4658999999997,not_in_gurobi_pool,,0101101101100110001,10000001000000000,010110110110011000110000001000000000,128,8192,25,152,true,single,36,1.0e-10,64
VQE_reduced_surrogate,73002,4606,1,0.0001220703125,1073.0350187499937,1091.7373999999998,not_in_gurobi_pool,,0100000111101100001,10100000010000000,010000011110110000110100000010000000,128,8192,25,152,true,single,36,1.0e-10,64
VQE_reduced_surrogate,73002,4656,1,0.0001220703125,1083.7640937499953,1091.7793999999997,not_in_gurobi_pool,,1100011000110110101,00000001000101000,110001100011011010100000001000101000,128,8192,25,152,true,single,36,1.0e-10,64
VQE_reduced_surrogate,73002,4736,1,0.0001220703125,1105.207743749981,1091.8488999999997,not_in_gurobi_pool,,0011110110101011111,00000000000101100,001111011010101111100000000000101100,128,8192,25,152,true,single,36,1.0e-10,64
VQE_reduced_surrogate,73002,4737,1,0.0001220703125,1105.231343749989,1091.8724999999997,not_in_gurobi_pool,,0000111110011111001,11000111110000000,000011111001111100111000111110000000,128,8192,25,152,true,single,36,1.0e-10,64
VQE_reduced_surrogate,73002,4658,1,0.0001220703125,1083.9834937500004,1091.9987999999996,not_in_gurobi_pool,,0111101101101100011,00000000000100011,011110110110110001100000000000100011,128,8192,25,152,true,single,36,1.0e-10,64
VQE_reduced_surrogate,73002,4738,1,0.0001220703125,1105.3807437500002,1092.0218999999995,not_in_gurobi_pool,,0011101010001101101,00000111000000000,001110101000110110100000111000000000,128,8192,25,152,true,single,36,1.0e-10,64
VQE_reduced_surrogate,73002,4609,1,0.0001220703125,1073.5780187499956,1092.2803999999994,not_in_gurobi_pool,,0010000111101001001,10100000010000000,001000011110100100110100000010000000,128,8192,25,152,true,single,36,1.0e-10,64
VQE_reduced_surrogate,73002,4739,1,0.0001220703125,1105.7002437500048,1092.3413999999998,not_in_gurobi_pool,,1100001110101011100,00000001000000000,110000111010101110000000001000000000,128,8192,25,152,true,single,36,1.0e-10,64
VQE_reduced_surrogate,73002,4741,1,0.0001220703125,1105.9447437500025,1092.5858999999998,not_in_gurobi_pool,,0011011100010001110,00010111000100110,001101110001000111000010111000100110,128,8192,25,152,true,single,36,1.0e-10,64
VQE_reduced_surrogate,73002,4846,1,0.0001220703125,1127.4492937500065,1092.7162999999996,not_in_gurobi_pool,,0110111001101110011,00000000000111001,011011100110111001100000000000111001,128,8192,25,152,true,single,36,1.0e-10,64
VQE_reduced_surrogate,73002,4611,1,0.0001220703125,1074.088018749994,1092.7903999999999,not_in_gurobi_pool,,0100011110000110110,00000101110100001,010001111000011011000000101110100001,128,8192,25,152,true,single,36,1.0e-10,64
VQE_reduced_surrogate,73002,4694,1,0.0001220703125,1095.814168750001,1093.1423999999997,not_in_gurobi_pool,,1100111110101110110,00000001000101001,110011111010111011000000001000101001,128,8192,25,152,true,single,36,1.0e-10,64
VQE_reduced_surrogate,73002,4695,1,0.0001220703125,1095.8866687500044,1093.2148999999997,not_in_gurobi_pool,,0101000010010101101,00100001010000000,010100001001010110100100001010000000,128,8192,25,152,true,single,36,1.0e-10,64
VQE_reduced_surrogate,73002,4746,1,0.0001220703125,1106.5921437500117,1093.2332999999999,not_in_gurobi_pool,,0110100110010011100,00100000011100000,011010011001001110000100000011100000,128,8192,25,152,true,single,36,1.0e-10,64
VQE_reduced_surrogate,73002,4662,1,0.0001220703125,1085.359093750003,1093.3743999999995,not_in_gurobi_pool,,0100010101101110101,00000000010101000,010001010110111010100000000010101000,128,8192,25,152,true,single,36,1.0e-10,64
VQE_reduced_surrogate,73002,4562,1,0.0001220703125,1064.1883437500007,1093.5777999999996,not_in_gurobi_pool,,0111101001010010000,10000101000100000,011110100101001000010000101000100000,128,8192,25,152,true,single,36,1.0e-10,64
VQE_reduced_surrogate,73002,4750,1,0.0001220703125,1107.3727437499992,1094.0138999999997,not_in_gurobi_pool,,0011010001110110011,00000000000101001,001101000111011001100000000000101001,128,8192,25,152,true,single,36,1.0e-10,64
VQE_reduced_surrogate,73002,4663,1,0.0001220703125,1086.185493749991,1094.2007999999996,not_in_gurobi_pool,,1111100010111001111,00100000000100110,111110001011100111100100000000100110,128,8192,25,152,true,single,36,1.0e-10,64
VQE_reduced_surrogate,73002,4664,1,0.0001220703125,1086.185493749996,1094.2007999999996,not_in_gurobi_pool,,1111100010110001111,00100000000100110,111110001011000111100100000000100110,128,8192,25,152,true,single,36,1.0e-10,64
VQE_reduced_surrogate,73002,4697,1,0.0001220703125,1096.8745687499934,1094.2027999999998,not_in_gurobi_pool,,0111111100111010101,00000000000111000,011111110011101010100000000000111000,128,8192,25,152,true,single,36,1.0e-10,64
VQE_reduced_surrogate,73002,4698,1,0.0001220703125,1096.9865687500042,1094.3148,not_in_gurobi_pool,,1111100111010101011,00100000010100010,111110011101010101100100000010100010,128,8192,25,152,true,single,36,1.0e-10,64
VQE_reduced_surrogate,73002,4615,1,0.0001220703125,1075.6390187500067,1094.3413999999998,not_in_gurobi_pool,,0100110111100101011,00000000010101010,010011011110010101100000000010101010,128,8192,25,152,true,single,36,1.0e-10,64
VQE_reduced_surrogate,73002,4753,1,0.0001220703125,1107.7616437500099,1094.4028,not_in_gurobi_pool,,1111110111001001111,00000000010110110,111111011100100111100000000010110110,128,8192,25,152,true,single,36,1.0e-10,64
VQE_reduced_surrogate,73002,4799,1,0.0001220703125,1118.8848187500018,1094.8388999999997,not_in_gurobi_pool,,0101101111000011001,10000101100000000,010110111100001100110000101100000000,128,8192,25,152,true,single,36,1.0e-10,64
VQE_reduced_surrogate,73002,4701,1,0.0001220703125,1097.863068750003,1095.1913,not_in_gurobi_pool,,0110110101111111010,00000000010111000,011011010111111101000000000010111000,128,8192,25,152,true,single,36,1.0e-10,64
VQE_reduced_surrogate,73002,4757,1,0.0001220703125,1108.5703437499928,1095.2114999999997,not_in_gurobi_pool,,0000111110101101101,01000101000001000,000011111010110110101000101000001000,128,8192,25,152,true,single,36,1.0e-10,64
VQE_reduced_surrogate,73002,4758,1,0.0001220703125,1108.603843749998,1095.2449999999997,not_in_gurobi_pool,,0001100101110111011,00100000000000000,000110010111011101100100000000000000,128,8192,25,152,true,single,36,1.0e-10,64
VQE_reduced_surrogate,73002,4620,1,0.0001220703125,1076.563018749995,1095.2653999999998,not_in_gurobi_pool,,0100010010011111111,00000001011100000,010001001001111111100000001011100000,128,8192,25,152,true,single,36,1.0e-10,64
VQE_reduced_surrogate,73002,4702,1,0.0001220703125,1098.1166687500015,1095.4448999999997,not_in_gurobi_pool,,0011001100110011101,00000100000000000,001100110011001110100000100000000000,128,8192,25,152,true,single,36,1.0e-10,64
VQE_reduced_surrogate,73002,4704,1,0.0001220703125,1098.2706687500006,1095.5988999999997,not_in_gurobi_pool,,0101010111001010100,00000001010100000,010101011100101010000000001010100000,128,8192,25,152,true,single,36,1.0e-10,64
VQE_reduced_surrogate,73002,4761,1,0.0001220703125,1109.2457437499968,1095.8868999999997,not_in_gurobi_pool,,1101101101100101101,00000001000000000,110110110110010110100000001000000000,128,8192,25,152,true,single,36,1.0e-10,64
VQE_reduced_surrogate,73002,4705,1,0.0001220703125,1098.5726687500032,1095.9008999999999,not_in_gurobi_pool,,0011010010110000110,00000000000101111,001101001011000011000000000000101111,128,8192,25,152,true,single,36,1.0e-10,64
VQE_reduced_surrogate,73002,4762,1,0.0001220703125,1109.3077437499967,1095.9488999999996,not_in_gurobi_pool,,1101101001101100110,00000001000000011,110110100110110011000000001000000011,128,8192,25,152,true,single,36,1.0e-10,64
VQE_reduced_surrogate,73002,4668,1,0.0001220703125,1088.5300937500033,1096.5453999999997,not_in_gurobi_pool,,0100110010110011100,00000000010101000,010011001011001110000000000010101000,128,8192,25,152,true,single,36,1.0e-10,64
VQE_reduced_surrogate,73002,4670,1,0.0001220703125,1088.6505937499883,1096.6658999999995,not_in_gurobi_pool,,0101111100110101110,00000001000101010,010111110011010111000000001000101010,128,8192,25,152,true,single,36,1.0e-10,64
VQE_reduced_surrogate,73002,4764,1,0.0001220703125,1110.044243750003,1096.6853999999996,not_in_gurobi_pool,,0010001110101011110,00000100000000100,001000111010101111000000100000000100,128,8192,25,152,true,single,36,1.0e-10,64
VQE_reduced_surrogate,73002,4626,1,0.0001220703125,1078.0430187499946,1096.7453999999998,not_in_gurobi_pool,,0100111001000101110,00000101110100010,010011100100010111000000101110100010,128,8192,25,152,true,single,36,1.0e-10,64
VQE_reduced_surrogate,73002,4863,1,0.0001220703125,1131.481293749999,1096.7482999999997,not_in_gurobi_pool,,0110010111000100110,00000000011110011,011001011100010011000000000011110011,128,8192,25,152,true,single,36,1.0e-10,64
VQE_reduced_surrogate,73002,4671,1,0.0001220703125,1088.7390937499888,1096.7543999999996,not_in_gurobi_pool,,0100011001101000101,00000001000101000,010001100110100010100000001000101000,128,8192,25,152,true,single,36,1.0e-10,64
VQE_reduced_surrogate,73002,4627,1,0.0001220703125,1078.0950187500039,1096.7973999999997,not_in_gurobi_pool,,0100111111100010000,10000001000101000,010011111110001000010000001000101000,128,8192,25,152,true,single,36,1.0e-10,64
VQE_reduced_surrogate,73002,4628,1,0.0001220703125,1078.0950187500075,1096.7974,not_in_gurobi_pool,,0100111111101010001,10000001000101000,010011111110101000110000001000101000,128,8192,25,152,true,single,36,1.0e-10,64
VQE_reduced_surrogate,73002,4864,1,0.0001220703125,1131.582293750002,1096.8492999999999,not_in_gurobi_pool,,0110110011000010110,00000000011110101,011011001100001011000000000011110101,128,8192,25,152,true,single,36,1.0e-10,64
VQE_reduced_surrogate,73002,4706,1,0.0001220703125,1099.5746687500055,1096.9028999999996,not_in_gurobi_pool,,0101011010010100100,00000101100100000,010101101001010010000000101100100000,128,8192,25,152,true,single,36,1.0e-10,64
VQE_reduced_surrogate,73002,4765,1,0.0001220703125,1110.5507437499869,1097.1918999999998,not_in_gurobi_pool,,1101110001111011100,00000000000101000,110111000111101110000000000000101000,128,8192,25,152,true,single,36,1.0e-10,64
VQE_reduced_surrogate,73002,4710,1,0.0001220703125,1100.2201687499974,1097.5483999999994,not_in_gurobi_pool,,0100010111000110110,00000001011100001,010001011100011011000000001011100001,128,8192,25,152,true,single,36,1.0e-10,64
VQE_reduced_surrogate,73002,4712,1,0.0001220703125,1100.62226875,1097.9504999999997,not_in_gurobi_pool,,0000000111000101110,01100101011000010,000000011100010111001100101011000010,128,8192,25,152,true,single,36,1.0e-10,64
VQE_reduced_surrogate,73002,4713,1,0.0001220703125,1100.6971687499936,1098.0253999999998,not_in_gurobi_pool,,0100111001101001100,00000001000101000,010011100110100110000000001000101000,128,8192,25,152,true,single,36,1.0e-10,64
VQE_reduced_surrogate,73002,4678,1,0.0001220703125,1090.1989937500082,1098.2142999999999,not_in_gurobi_pool,,1110101111000110101,00000101010100000,111010111100011010100000101010100000,128,8192,25,152,true,single,36,1.0e-10,64
VQE_reduced_surrogate,73002,4588,1,0.0001220703125,1069.0429437500006,1098.4323999999997,not_in_gurobi_pool,,0100110011110001001,10000000010101000,010011001111000100110000000010101000,128,8192,25,152,true,single,36,1.0e-10,64
VQE_reduced_surrogate,73002,4873,1,0.0001220703125,1133.3392937500146,1098.6062999999997,not_in_gurobi_pool,,1110011010111010111,00000000000111101,111001101011101011100000000000111101,128,8192,25,152,true,single,36,1.0e-10,64
VQE_reduced_surrogate,73002,4716,1,0.0001220703125,1101.290168749991,1098.6184,not_in_gurobi_pool,,1100101111011111000,10000101110000000,110010111101111100010000101110000000,128,8192,25,152,true,single,36,1.0e-10,64
VQE_reduced_surrogate,73002,4679,1,0.0001220703125,1090.736093749999,1098.7513999999994,not_in_gurobi_pool,,0010100111111110001,10100000010000000,001010011111111000110100000010000000,128,8192,25,152,true,single,36,1.0e-10,64
VQE_reduced_surrogate,73002,4680,1,0.0001220703125,1090.8251937500022,1098.8404999999998,not_in_gurobi_pool,,0000101111100110011,01000101000000001,000010111110011001101000101000000001,128,8192,25,152,true,single,36,1.0e-10,64
VQE_reduced_surrogate,73002,4874,1,0.0001220703125,1133.612293750004,1098.8792999999996,not_in_gurobi_pool,,0110111001110110011,00000000000111001,011011100111011001100000000000111001,128,8192,25,152,true,single,36,1.0e-10,64
VQE_reduced_surrogate,73002,4529,1,0.0001220703125,1058.8064687500016,1098.8829999999998,not_in_gurobi_pool,,0001100001011111111,00100101010000000,000110000101111111100100101010000000,128,8192,25,152,true,single,36,1.0e-10,64
VQE_reduced_surrogate,73002,4770,1,0.0001220703125,1112.5916437500123,1099.2327999999995,not_in_gurobi_pool,,1111010111011001101,00000000010110000,111101011101100110100000000010110000,128,8192,25,152,true,single,36,1.0e-10,64
VQE_reduced_surrogate,73002,4717,1,0.0001220703125,1101.9110687500106,1099.2393,not_in_gurobi_pool,,1110111011001001111,00000101010110110,111011101100100111100000101010110110,128,8192,25,152,true,single,36,1.0e-10,64
VQE_reduced_surrogate,73002,4638,1,0.0001220703125,1080.6190187499947,1099.3213999999996,not_in_gurobi_pool,,0100100111100000111,00100000010000111,010010011110000011100100000010000111,128,8192,25,152,true,single,36,1.0e-10,64
VQE_reduced_surrogate,73002,4771,1,0.0001220703125,1112.6807437500079,1099.3218999999995,not_in_gurobi_pool,,1101111011001001111,00000101100100110,110111101100100111100000101100100110,128,8192,25,152,true,single,36,1.0e-10,64
VQE_reduced_surrogate,73002,4721,1,0.0001220703125,1102.9376687500062,1100.2658999999996,not_in_gurobi_pool,,0011011110110100100,00000100000101000,001101111011010010000000100000101000,128,8192,25,152,true,single,36,1.0e-10,64
VQE_reduced_surrogate,73002,4778,1,0.0001220703125,1113.6907437499897,1100.3318999999997,not_in_gurobi_pool,,0011101101101011111,00000100000000100,001110110110101111100000100000000100,128,8192,25,152,true,single,36,1.0e-10,64
VQE_reduced_surrogate,73002,4724,1,0.0001220703125,1103.6152687500132,1100.9434999999996,not_in_gurobi_pool,,0000001010110110100,01000101000000000,000000101011011010001000101000000000,128,8192,25,152,true,single,36,1.0e-10,64
VQE_reduced_surrogate,73002,4729,1,0.0001220703125,1104.1371687499993,1101.4653999999998,not_in_gurobi_pool,,0100011010110100110,00000001000101011,010001101011010011000000001000101011,128,8192,25,152,true,single,36,1.0e-10,64
VQE_reduced_surrogate,73002,4730,1,0.0001220703125,1104.1761687499968,1101.5043999999996,not_in_gurobi_pool,,0100011110111011100,00000001000101000,010001111011101110000000001000101000,128,8192,25,152,true,single,36,1.0e-10,64
VQE_reduced_surrogate,73002,4834,1,0.0001220703125,1125.5708187499945,1101.5248999999994,not_in_gurobi_pool,,0101000101110011111,00100000000000100,010100010111001111100100000000000100,128,8192,25,152,true,single,36,1.0e-10,64
VQE_reduced_surrogate,73002,4731,1,0.0001220703125,1104.277168749992,1101.6053999999997,not_in_gurobi_pool,,0100001111000101101,00000101110000000,010000111100010110100000101110000000,128,8192,25,152,true,single,36,1.0e-10,64
VQE_reduced_surrogate,73002,4836,1,0.0001220703125,1125.845918749997,1101.7999999999993,not_in_gurobi_pool,,0001111111001011101,00000111100000000,000111111100101110100000111100000000,128,8192,25,152,true,single,36,1.0e-10,64
VQE_reduced_surrogate,73002,4654,1,0.0001220703125,1083.2890187500007,1101.9913999999997,not_in_gurobi_pool,,1100010011110010101,00000000010101000,110001001111001010100000000010101000,128,8192,25,152,true,single,36,1.0e-10,64
VQE_reduced_surrogate,73002,4733,1,0.0001220703125,1104.7041687500032,1102.0323999999996,not_in_gurobi_pool,,1100101011110110011,00000001000000001,110010101111011001100000001000000001,128,8192,25,152,true,single,36,1.0e-10,64
VQE_reduced_surrogate,73002,4788,1,0.0001220703125,1115.4181437500067,1102.0593000000001,not_in_gurobi_pool,,1110101111100100111,00000000000100011,111010111110010011100000000000100011,128,8192,25,152,true,single,36,1.0e-10,64
VQE_reduced_surrogate,73002,4841,1,0.0001220703125,1126.290818750004,1102.2448999999997,not_in_gurobi_pool,,0011001011010101011,00000111000000010,001100101101010101100000111000000010,128,8192,25,152,true,single,36,1.0e-10,64
VQE_reduced_surrogate,73002,4735,1,0.0001220703125,1105.1351687500014,1102.4633999999996,not_in_gurobi_pool,,1100101011110101011,00000001000000010,110010101111010101100000001000000010,128,8192,25,152,true,single,36,1.0e-10,64
VQE_reduced_surrogate,73002,4657,1,0.0001220703125,1083.7750187499948,1102.4773999999998,not_in_gurobi_pool,,0100011001011110110,00000101110100001,010001100101111011000000101110100001,128,8192,25,152,true,single,36,1.0e-10,64
VQE_reduced_surrogate,73002,4791,1,0.0001220703125,1116.196243749998,1102.8374,not_in_gurobi_pool,,0100001010110011110,00000001000000100,010000101011001111000000001000000100,128,8192,25,152,true,single,36,1.0e-10,64
VQE_reduced_surrogate,73002,4843,1,0.0001220703125,1126.9684187499986,1102.9224999999997,not_in_gurobi_pool,,0000111011011111011,01000111110000000,000011101101111101101000111110000000,128,8192,25,152,true,single,36,1.0e-10,64
VQE_reduced_surrogate,73002,4740,1,0.0001220703125,1105.9321687499948,1103.2603999999997,not_in_gurobi_pool,,1100011101110101110,00000001000101010,110001110111010111000000001000101010,128,8192,25,152,true,single,36,1.0e-10,64
VQE_reduced_surrogate,73002,4660,1,0.0001220703125,1084.5600187500036,1103.2623999999998,not_in_gurobi_pool,,1100110111111011101,00000000010101000,110011011111101110100000000010101000,128,8192,25,152,true,single,36,1.0e-10,64
VQE_reduced_surrogate,73002,4661,1,0.0001220703125,1084.6890187500014,1103.3914,not_in_gurobi_pool,,0100011111110001001,10000001000101000,010001111111000100110000001000101000,128,8192,25,152,true,single,36,1.0e-10,64
VQE_reduced_surrogate,73002,4891,1,0.0001220703125,1138.176293750005,1103.4433,not_in_gurobi_pool,,0110010011011001110,00000000011110110,011001001101100111000000000011110110,128,8192,25,152,true,single,36,1.0e-10,64
VQE_reduced_surrogate,73002,4852,1,0.0001220703125,1128.336218749996,1104.2902999999997,not_in_gurobi_pool,,0110111001110000110,00000000000111111,011011100111000011000000000000111111,128,8192,25,152,true,single,36,1.0e-10,64
VQE_reduced_surrogate,73002,4751,1,0.0001220703125,1107.6911687499976,1105.0194,not_in_gurobi_pool,,0100001111100100111,00000001000000011,010000111110010011100000001000000011,128,8192,25,152,true,single,36,1.0e-10,64
VQE_reduced_surrogate,73002,4709,1,0.0001220703125,1099.865093750004,1107.8803999999993,not_in_gurobi_pool,,0010011111011011100,00000111010100000,001001111101101110000000111010100000,128,8192,25,152,true,single,36,1.0e-10,64
VQE_reduced_surrogate,73002,4686,1,0.0001220703125,1091.8745187499953,1110.5768999999996,not_in_gurobi_pool,,0011111111110000111,00000100000101111,001111111111000011100000100000101111,128,8192,25,152,true,single,36,1.0e-10,64
VQE_reduced_surrogate,73002,4732,1,0.0001220703125,1104.409193749985,1112.4244999999996,not_in_gurobi_pool,,0000101111110101111,01000101000000010,000010111111010111101000101000000010,128,8192,25,152,true,single,36,1.0e-10,64
VQE_reduced_surrogate,73002,4759,1,0.0001220703125,1108.8047937499819,1116.8201,not_in_gurobi_pool,,0111000100001010011,00110000010100101,011100010000101001100110000010100101,128,8192,25,152,true,single,36,1.0e-10,64
VQE_reduced_surrogate,73002,4760,1,0.0001220703125,1109.2357937499855,1117.2511,not_in_gurobi_pool,,0111000100001001011,00110000010100110,011100010000100101100110000010100110,128,8192,25,152,true,single,36,1.0e-10,64
VQE_reduced_surrogate,73002,4813,1,0.0001220703125,1122.2778687499865,1119.6060999999995,not_in_gurobi_pool,,0111001100000000000,10011101000100000,011100110000000000010011101000100000,128,8192,25,152,true,single,36,1.0e-10,64
VQE_reduced_surrogate,73002,4815,1,0.0001220703125,1122.5928687500027,1119.9210999999998,not_in_gurobi_pool,,1111100100011011000,10110000010100000,111110010001101100010110000010100000,128,8192,25,152,true,single,36,1.0e-10,64
VQE_reduced_surrogate,73002,4718,1,0.0001220703125,1101.9947187499934,1120.6970999999996,not_in_gurobi_pool,,1111001000101100001,10000000000100000,111100100010110000110000000000100000,128,8192,25,152,true,single,36,1.0e-10,64
VQE_reduced_surrogate,73002,4775,1,0.0001220703125,1113.3267937500016,1121.3420999999998,not_in_gurobi_pool,,0111110100100101011,00000000000111010,011111010010010101100000000000111010,128,8192,25,152,true,single,36,1.0e-10,64
VQE_reduced_surrogate,73002,4781,1,0.0001220703125,1114.053793750001,1122.0690999999997,not_in_gurobi_pool,,1111101000101011000,10000000000100000,111110100010101100010000000000100000,128,8192,25,152,true,single,36,1.0e-10,64
VQE_reduced_surrogate,73002,4787,1,0.0001220703125,1114.9677937499841,1122.9831,not_in_gurobi_pool,,0111000000010010011,00110000010100101,011100000001001001100110000010100101,128,8192,25,152,true,single,36,1.0e-10,64
VQE_reduced_surrogate,73002,4789,1,0.0001220703125,1115.6817937500018,1123.6970999999994,not_in_gurobi_pool,,0111111100100100001,10000000000111000,011111110010010000110000000000111000,128,8192,25,152,true,single,36,1.0e-10,64
VQE_reduced_surrogate,73002,4790,1,0.0001220703125,1115.681793750005,1123.6970999999994,not_in_gurobi_pool,,0111111100100100000,10000000000111000,011111110010010000010000000000111000,128,8192,25,152,true,single,36,1.0e-10,64
VQE_reduced_surrogate,73002,4887,1,0.0001220703125,1137.0809437500047,1123.7220999999997,not_in_gurobi_pool,,0111110000010110011,00010000010110001,011111000001011001100010000010110001,128,8192,25,152,true,single,36,1.0e-10,64
VQE_reduced_surrogate,73002,4927,1,0.0001220703125,1148.8915187499992,1124.8455999999996,not_in_gurobi_pool,,0110111000100101000,10000000000111000,011011100010010100010000000000111000,128,8192,25,152,true,single,36,1.0e-10,64
VQE_reduced_surrogate,73002,4743,1,0.0001220703125,1106.1987187500054,1124.9010999999996,not_in_gurobi_pool,,0111110000110100000,10000000000111000,011111000011010000010000000000111000,128,8192,25,152,true,single,36,1.0e-10,64
VQE_reduced_surrogate,73002,4793,1,0.0001220703125,1117.1973937500059,1125.2126999999998,not_in_gurobi_pool,,1100010110100111011,00000000010101000,110001011010011101100000000010101000,128,8192,25,152,true,single,36,1.0e-10,64
VQE_reduced_surrogate,73002,4747,1,0.0001220703125,1106.7307187499973,1125.4330999999997,not_in_gurobi_pool,,0111110000110001001,10000000000111000,011111000011000100110000000000111000,128,8192,25,152,true,single,36,1.0e-10,64
VQE_reduced_surrogate,73002,4748,1,0.0001220703125,1106.859718749992,1125.5620999999999,not_in_gurobi_pool,,0111001100101001011,00000000000100110,011100110010100101100000000000100110,128,8192,25,152,true,single,36,1.0e-10,64
VQE_reduced_surrogate,73002,4893,1,0.0001220703125,1139.127943749998,1125.7690999999998,not_in_gurobi_pool,,0111111000010000000,10011101000110000,011111100001000000010011101000110000,128,8192,25,152,true,single,36,1.0e-10,64
VQE_reduced_surrogate,73002,4795,1,0.0001220703125,1118.064293750005,1126.0795999999996,not_in_gurobi_pool,,0110100110101101000,10100000010100000,011010011010110100010100000010100000,128,8192,25,152,true,single,36,1.0e-10,64
VQE_reduced_surrogate,73002,4752,1,0.0001220703125,1107.7432187500062,1126.4455999999998,not_in_gurobi_pool,,0110100100101110101,00100000010100000,011010010010111010100100000010100000,128,8192,25,152,true,single,36,1.0e-10,64
VQE_reduced_surrogate,73002,4800,1,0.0001220703125,1118.9237937499988,1126.9390999999998,not_in_gurobi_pool,,1111101000001101111,00010101000100010,111110100000110111100010101000100010,128,8192,25,152,true,single,36,1.0e-10,64
VQE_reduced_surrogate,73002,4755,1,0.0001220703125,1108.2657187499933,1126.9680999999998,not_in_gurobi_pool,,0111000101001001011,00100000010100110,011100010100100101100100000010100110,128,8192,25,152,true,single,36,1.0e-10,64
VQE_reduced_surrogate,73002,4801,1,0.0001220703125,1118.9622937500033,1126.9775999999997,not_in_gurobi_pool,,0110110100101011100,00000000010111000,011011010010101110000000000010111000,128,8192,25,152,true,single,36,1.0e-10,64
VQE_reduced_surrogate,73002,4756,1,0.0001220703125,1108.5532187499882,1127.2555999999997,not_in_gurobi_pool,,0110001010000110001,10000101010100000,011000101000011000110000101010100000,128,8192,25,152,true,single,36,1.0e-10,64
VQE_reduced_surrogate,73002,4802,1,0.0001220703125,1119.48979375,1127.5050999999999,not_in_gurobi_pool,,0111110100110101011,00000000000111010,011111010011010101100000000000111010,128,8192,25,152,true,single,36,1.0e-10,64
VQE_reduced_surrogate,73002,4858,1,0.0001220703125,1130.1853687499977,1127.5135999999995,not_in_gurobi_pool,,0110010010101011011,00000000010111100,011001001010101101100000000010111100,128,8192,25,152,true,single,36,1.0e-10,64
VQE_reduced_surrogate,73002,4899,1,0.0001220703125,1140.9159437499843,1127.5570999999998,not_in_gurobi_pool,,1111100011001000000,10101000010100000,111110001100100000010101000010100000,128,8192,25,152,true,single,36,1.0e-10,64
VQE_reduced_surrogate,73002,4805,1,0.0001220703125,1119.784793750006,1127.8000999999995,not_in_gurobi_pool,,0111100100011000100,00110000010100000,011110010001100010000110000010100000,128,8192,25,152,true,single,36,1.0e-10,64
VQE_reduced_surrogate,73002,4806,1,0.0001220703125,1119.7912937499825,1127.8065999999997,not_in_gurobi_pool,,0110011000000000110,00010101010110111,011001100000000011000010101010110111,128,8192,25,152,true,single,36,1.0e-10,64
VQE_reduced_surrogate,73002,4763,1,0.0001220703125,1109.391718750006,1128.0940999999996,not_in_gurobi_pool,,1111100010110100000,10100000000100000,111110001011010000010100000000100000,128,8192,25,152,true,single,36,1.0e-10,64
VQE_reduced_surrogate,73002,4807,1,0.0001220703125,1120.3172937499835,1128.3325999999995,not_in_gurobi_pool,,0110010001101100000,10000000010111000,011001000110110000010000000010111000,128,8192,25,152,true,single,36,1.0e-10,64
VQE_reduced_surrogate,73002,4808,1,0.0001220703125,1120.3172937499753,1128.3325999999995,not_in_gurobi_pool,,0110010001100100000,10000000010111000,011001000110010000010000000010111000,128,8192,25,152,true,single,36,1.0e-10,64
VQE_reduced_surrogate,73002,4861,1,0.0001220703125,1131.3398687500028,1128.6680999999996,not_in_gurobi_pool,,0111111100000100111,00010101000110011,011111110000010011100010101000110011,128,8192,25,152,true,single,36,1.0e-10,64
VQE_reduced_surrogate,73002,4862,1,0.0001220703125,1131.4084687500022,1128.7366999999995,not_in_gurobi_pool,,1100000101100111011,00100000010000000,110000010110011101100100000010000000,128,8192,25,152,true,single,36,1.0e-10,64
VQE_reduced_surrogate,73002,4865,1,0.0001220703125,1131.7648687499934,1129.0930999999996,not_in_gurobi_pool,,1111010001000100101,00000000010110000,111101000100010010100000000010110000,128,8192,25,152,true,single,36,1.0e-10,64
VQE_reduced_surrogate,73002,4766,1,0.0001220703125,1110.904718749997,1129.6071,not_in_gurobi_pool,,0111000010011001010,00100000010100110,011100001001100101000100000010100110,128,8192,25,152,true,single,36,1.0e-10,64
VQE_reduced_surrogate,73002,4867,1,0.0001220703125,1132.4883687499978,1129.8165999999999,not_in_gurobi_pool,,0110111100000101110,00010101010110010,011011110000010111000010101010110010,128,8192,25,152,true,single,36,1.0e-10,64
VQE_reduced_surrogate,73002,4810,1,0.0001220703125,1121.8447937500039,1129.8600999999994,not_in_gurobi_pool,,0111111100110100000,10000000000111000,011111110011010000010000000000111000,128,8192,25,152,true,single,36,1.0e-10,64
VQE_reduced_surrogate,73002,4811,1,0.0001220703125,1121.8458937500084,1129.8611999999994,not_in_gurobi_pool,,0011011110101100000,10000100000101000,001101111010110000010000100000101000,128,8192,25,152,true,single,36,1.0e-10,64
VQE_reduced_surrogate,73002,4812,1,0.0001220703125,1121.94689375001,1129.9621999999995,not_in_gurobi_pool,,0011111010101010000,10000100000101000,001111101010101000010000100000101000,128,8192,25,152,true,single,36,1.0e-10,64
VQE_reduced_surrogate,73002,4814,1,0.0001220703125,1122.3778937500015,1130.3931999999995,not_in_gurobi_pool,,0011111010101001001,10000100000101000,001111101010100100110000100000101000,128,8192,25,152,true,single,36,1.0e-10,64
VQE_reduced_surrogate,73002,4769,1,0.0001220703125,1111.8387187500036,1130.5411,not_in_gurobi_pool,,1111101110010110000,10000101000100000,111110111001011000010000101000100000,128,8192,25,152,true,single,36,1.0e-10,64
VQE_reduced_surrogate,73002,4870,1,0.0001220703125,1133.2394687499982,1130.5676999999996,not_in_gurobi_pool,,0100011110100110001,10000001000101000,010001111010011000110000001000101000,128,8192,25,152,true,single,36,1.0e-10,64
VQE_reduced_surrogate,73002,4871,1,0.0001220703125,1133.23946875,1130.5676999999996,not_in_gurobi_pool,,0100011110100110000,10000001000101000,010001111010011000010000001000101000,128,8192,25,152,true,single,36,1.0e-10,64
VQE_reduced_surrogate,73002,4908,1,0.0001220703125,1144.0310437500066,1130.6721999999997,not_in_gurobi_pool,,0101100100010110110,00110001010000001,010110010001011011000110001010000001,128,8192,25,152,true,single,36,1.0e-10,64
VQE_reduced_surrogate,73002,4816,1,0.0001220703125,1122.671793749999,1130.6870999999994,not_in_gurobi_pool,,0111101100101100101,00000000000100000,011110110010110010100000000000100000,128,8192,25,152,true,single,36,1.0e-10,64
VQE_reduced_surrogate,73002,4817,1,0.0001220703125,1122.7438937500037,1130.7591999999997,not_in_gurobi_pool,,0011011100101010100,00000100000101000,001101110010101010000000100000101000,128,8192,25,152,true,single,36,1.0e-10,64
VQE_reduced_surrogate,73002,4818,1,0.0001220703125,1122.7727937499983,1130.7880999999995,not_in_gurobi_pool,,0111101100101010101,00000000000100000,011110110010101010100000000000100000,128,8192,25,152,true,single,36,1.0e-10,64
VQE_reduced_surrogate,73002,4819,1,0.0001220703125,1122.9262937500018,1130.9415999999999,not_in_gurobi_pool,,1110010000110110110,00000000010111001,111001000011011011000000000010111001,128,8192,25,152,true,single,36,1.0e-10,64
VQE_reduced_surrogate,73002,4875,1,0.0001220703125,1133.7629687500098,1131.0911999999998,not_in_gurobi_pool,,0101001000110101000,10000001000000000,010100100011010100010000001000000000,128,8192,25,152,true,single,36,1.0e-10,64
VQE_reduced_surrogate,73002,4951,1,0.0001220703125,1155.1555187499982,1131.1095999999998,not_in_gurobi_pool,,0110111000110011001,10000000000111000,011011100011001100110000000000111000,128,8192,25,152,true,single,36,1.0e-10,64
VQE_reduced_surrogate,73002,4910,1,0.0001220703125,1144.4730437500098,1131.1141999999998,not_in_gurobi_pool,,0011100100010101110,00110100010000010,001110010001010111000110100010000010,128,8192,25,152,true,single,36,1.0e-10,64
VQE_reduced_surrogate,73002,4820,1,0.0001220703125,1123.2037937500093,1131.2190999999996,not_in_gurobi_pool,,0111101100100001100,00000000000100000,011110110010000110000000000000100000,128,8192,25,152,true,single,36,1.0e-10,64
VQE_reduced_surrogate,73002,4821,1,0.0001220703125,1123.2258937500003,1131.2411999999995,not_in_gurobi_pool,,0101001000101000110,00000001000000111,010100100010100011000000001000000111,128,8192,25,152,true,single,36,1.0e-10,64
VQE_reduced_surrogate,73002,4822,1,0.0001220703125,1123.2368937500084,1131.2521999999994,not_in_gurobi_pool,,0011001000101000110,00000100000000111,001100100010100011000000100000000111,128,8192,25,152,true,single,36,1.0e-10,64
VQE_reduced_surrogate,73002,4823,1,0.0001220703125,1123.3493937499973,1131.3646999999994,not_in_gurobi_pool,,0100011100100110100,00000001000101000,010001110010011010000000001000101000,128,8192,25,152,true,single,36,1.0e-10,64
VQE_reduced_surrogate,73002,4954,1,0.0001220703125,1155.5022187499983,1131.4562999999996,not_in_gurobi_pool,,1001110010100101110,00000000000001010,100111001010010111000000000000001010,128,8192,25,152,true,single,36,1.0e-10,64
VQE_reduced_surrogate,73002,4719,1,0.0001220703125,1102.537643749996,1131.9271,not_in_gurobi_pool,,0111001101001001011,00000101000100110,011100110100100101100000101000100110,128,8192,25,152,true,single,36,1.0e-10,64
VQE_reduced_surrogate,73002,4826,1,0.0001220703125,1123.9758937500055,1131.9911999999997,not_in_gurobi_pool,,0011011100100100110,00000100000101011,001101110010010011000000100000101011,128,8192,25,152,true,single,36,1.0e-10,64
VQE_reduced_surrogate,73002,4827,1,0.0001220703125,1124.1057937499934,1132.1210999999996,not_in_gurobi_pool,,0111101100101010111,00000000000100101,011110110010101011100000000000100101,128,8192,25,152,true,single,36,1.0e-10,64
VQE_reduced_surrogate,73002,4962,1,0.0001220703125,1156.3875187499973,1132.3415999999997,not_in_gurobi_pool,,0110011000110101011,00000000000111010,011001100011010101100000000000111010,128,8192,25,152,true,single,36,1.0e-10,64
VQE_reduced_surrogate,73002,4777,1,0.0001220703125,1113.650318749994,1132.3526999999995,not_in_gurobi_pool,,0100010010101000110,00000000010101111,010001001010100011000000000010101111,128,8192,25,152,true,single,36,1.0e-10,64
VQE_reduced_surrogate,73002,4828,1,0.0001220703125,1124.5127937500004,1132.5280999999998,not_in_gurobi_pool,,0111110010111010011,00000000000111101,011111001011101001100000000000111101,128,8192,25,152,true,single,36,1.0e-10,64
VQE_reduced_surrogate,73002,5010,1,0.0001220703125,1167.2785937500028,1132.5455999999997,not_in_gurobi_pool,,0110110011001011000,10000000011110000,011011001100101100010000000011110000,128,8192,25,152,true,single,36,1.0e-10,64
VQE_reduced_surrogate,73002,4829,1,0.0001220703125,1124.5367937499898,1132.5520999999997,not_in_gurobi_pool,,0111101100101001111,00000000000100110,011110110010100111100000000000100110,128,8192,25,152,true,single,36,1.0e-10,64
VQE_reduced_surrogate,73002,4830,1,0.0001220703125,1124.609793750002,1132.6250999999995,not_in_gurobi_pool,,0111100101000001101,00100000010100000,011110010100000110100100000010100000,128,8192,25,152,true,single,36,1.0e-10,64
VQE_reduced_surrogate,73002,4879,1,0.0001220703125,1135.6748687499987,1133.0030999999997,not_in_gurobi_pool,,1111110010011101101,00000000010110000,111111001001110110100000000010110000,128,8192,25,152,true,single,36,1.0e-10,64
VQE_reduced_surrogate,73002,4783,1,0.0001220703125,1114.3372187500065,1133.0395999999998,not_in_gurobi_pool,,0110000100110101101,00100000010100000,011000010011010110100100000010100000,128,8192,25,152,true,single,36,1.0e-10,64
VQE_reduced_surrogate,73002,4831,1,0.0001220703125,1125.0383937499932,1133.0537,not_in_gurobi_pool,,0010110110111111001,10000000010101000,001011011011111100110000000010101000,128,8192,25,152,true,single,36,1.0e-10,64
VQE_reduced_surrogate,73002,4832,1,0.0001220703125,1125.1373937499952,1133.1526999999994,not_in_gurobi_pool,,0010111000110111011,00000100000101000,001011100011011101100000100000101000,128,8192,25,152,true,single,36,1.0e-10,64
VQE_reduced_surrogate,73002,4784,1,0.0001220703125,1114.5199187500075,1133.2222999999994,not_in_gurobi_pool,,0001111000100101110,00000101000001010,000111100010010111000000101000001010,128,8192,25,152,true,single,36,1.0e-10,64
VQE_reduced_surrogate,73002,4967,1,0.0001220703125,1157.3155187499956,1133.2695999999996,not_in_gurobi_pool,,0110111000101011111,00000000000111100,011011100010101111100000000000111100,128,8192,25,152,true,single,36,1.0e-10,64
VQE_reduced_surrogate,73002,4880,1,0.0001220703125,1136.0349687499986,1133.3631999999998,not_in_gurobi_pool,,0011001000101011111,00000100000000100,001100100010101111100000100000000100,128,8192,25,152,true,single,36,1.0e-10,64
VQE_reduced_surrogate,73002,4833,1,0.0001220703125,1125.3698937499964,1133.3851999999997,not_in_gurobi_pool,,0011011101100100000,10000100000101000,001101110110010000010000100000101000,128,8192,25,152,true,single,36,1.0e-10,64
VQE_reduced_surrogate,73002,4881,1,0.0001220703125,1136.1698687500002,1133.4980999999996,not_in_gurobi_pool,,0111111100010100101,00010101000110000,011111110001010010100010101000110000,128,8192,25,152,true,single,36,1.0e-10,64
VQE_reduced_surrogate,73002,4882,1,0.0001220703125,1136.2254687499988,1133.5536999999995,not_in_gurobi_pool,,1100100101100101100,00100000010000000,110010010110010110000100000010000000,128,8192,25,152,true,single,36,1.0e-10,64
VQE_reduced_surrogate,73002,4883,1,0.0001220703125,1136.5218687499973,1133.8500999999999,not_in_gurobi_pool,,1111111000110100100,00000000000111000,111111100011010010000000000000111000,128,8192,25,152,true,single,36,1.0e-10,64
VQE_reduced_surrogate,73002,4884,1,0.0001220703125,1136.6129687500074,1133.9411999999995,not_in_gurobi_pool,,1101111010101010101,00000001000101000,110111101010101010100000001000101000,128,8192,25,152,true,single,36,1.0e-10,64
VQE_reduced_surrogate,73002,4920,1,0.0001220703125,1147.383043750002,1134.0241999999998,not_in_gurobi_pool,,0101000000110110110,00100000000000001,010100000011011011000100000000000001,128,8192,25,152,true,single,36,1.0e-10,64
VQE_reduced_surrogate,73002,4837,1,0.0001220703125,1126.0447937499998,1134.0600999999997,not_in_gurobi_pool,,0111111110000001101,00000101000110000,011111111000000110100000101000110000,128,8192,25,152,true,single,36,1.0e-10,64
VQE_reduced_surrogate,73002,4838,1,0.0001220703125,1126.0743937500047,1134.0896999999998,not_in_gurobi_pool,,1100100111100101011,00100000010000010,110010011110010101100100000010000010,128,8192,25,152,true,single,36,1.0e-10,64
VQE_reduced_surrogate,73002,4970,1,0.0001220703125,1158.1775187499957,1134.1315999999997,not_in_gurobi_pool,,0110101001101110000,10000000000100000,011010100110111000010000000000100000,128,8192,25,152,true,single,36,1.0e-10,64
VQE_reduced_surrogate,73002,4839,1,0.0001220703125,1126.17229375,1134.1875999999995,not_in_gurobi_pool,,1110100001101001110,00100000010100110,111010000110100111000100000010100110,128,8192,25,152,true,single,36,1.0e-10,64
VQE_reduced_surrogate,73002,4840,1,0.0001220703125,1126.2067937500033,1134.2220999999997,not_in_gurobi_pool,,1111100101110101011,00100000000100010,111110010111010101100100000000100010,128,8192,25,152,true,single,36,1.0e-10,64
VQE_reduced_surrogate,73002,4886,1,0.0001220703125,1137.0454687500026,1134.3736999999996,not_in_gurobi_pool,,0010100110100101110,00100000010000010,001010011010010111000100000010000010,128,8192,25,152,true,single,36,1.0e-10,64
VQE_reduced_surrogate,73002,4923,1,0.0001220703125,1147.8680437499886,1134.5091999999995,not_in_gurobi_pool,,0011110010111111011,00000000000101000,001111001011111101100000000000101000,128,8192,25,152,true,single,36,1.0e-10,64
VQE_reduced_surrogate,73002,4888,1,0.0001220703125,1137.2294687500034,1134.5576999999996,not_in_gurobi_pool,,1100111110100110100,00000001000101000,110011111010011010000000001000101000,128,8192,25,152,true,single,36,1.0e-10,64
VQE_reduced_surrogate,73002,4842,1,0.0001220703125,1126.7167937500146,1134.7320999999995,not_in_gurobi_pool,,0111100010010100100,00100000010100000,011110001001010010000100000010100000,128,8192,25,152,true,single,36,1.0e-10,64
VQE_reduced_surrogate,73002,4890,1,0.0001220703125,1137.7325687500063,1135.0607999999997,not_in_gurobi_pool,,1000101110101011100,01000101000000000,100010111010101110001000101000000000,128,8192,25,152,true,single,36,1.0e-10,64
VQE_reduced_surrogate,73002,4844,1,0.0001220703125,1127.1284937500038,1135.1437999999996,not_in_gurobi_pool,,0000000000110111111,01100000010000000,000000000011011111101100000010000000,128,8192,25,152,true,single,36,1.0e-10,64
VQE_reduced_surrogate,73002,4845,1,0.0001220703125,1127.2487937500148,1135.2640999999996,not_in_gurobi_pool,,0111100010010001100,00100000010100000,011110001001000110000100000010100000,128,8192,25,152,true,single,36,1.0e-10,64
VQE_reduced_surrogate,73002,4976,1,0.0001220703125,1159.3600187500094,1135.3140999999994,not_in_gurobi_pool,,0111111110110000000,10001000000111000,011111111011000000010001000000111000,128,8192,25,152,true,single,36,1.0e-10,64
VQE_reduced_surrogate,73002,4847,1,0.0001220703125,1127.470793749989,1135.4860999999999,not_in_gurobi_pool,,0111001101011000001,10001101000100000,011100110101100000110001101000100000,128,8192,25,152,true,single,36,1.0e-10,64
VQE_reduced_surrogate,73002,4792,1,0.0001220703125,1117.1743187499876,1135.8766999999993,not_in_gurobi_pool,,0100010001101000110,00000000010101111,010001000110100011000000000010101111,128,8192,25,152,true,single,36,1.0e-10,64
VQE_reduced_surrogate,73002,4794,1,0.0001220703125,1117.2173187499861,1135.9196999999995,not_in_gurobi_pool,,0100000011101010011,00100000010000101,010000001110101001100100000010000101,128,8192,25,152,true,single,36,1.0e-10,64
VQE_reduced_surrogate,73002,4745,1,0.0001220703125,1106.5302437500034,1135.9196999999997,not_in_gurobi_pool,,0100110011101010011,00000000010101101,010011001110101001100000000010101101,128,8192,25,152,true,single,36,1.0e-10,64
VQE_reduced_surrogate,73002,4928,1,0.0001220703125,1149.3070437499914,1135.9481999999994,not_in_gurobi_pool,,0011110001101001100,00000000000101000,001111000110100110000000000000101000,128,8192,25,152,true,single,36,1.0e-10,64
VQE_reduced_surrogate,73002,4849,1,0.0001220703125,1128.09529375,1136.1106,not_in_gurobi_pool,,0110111010000011111,00000101010110100,011011101000001111100000101010110100,128,8192,25,152,true,single,36,1.0e-10,64
VQE_reduced_surrogate,73002,4929,1,0.0001220703125,1149.533043749993,1136.1741999999995,not_in_gurobi_pool,,0011011100011011111,00010111000100100,001101110001101111100010111000100100,128,8192,25,152,true,single,36,1.0e-10,64
VQE_reduced_surrogate,73002,4850,1,0.0001220703125,1128.1773937499997,1136.1926999999994,not_in_gurobi_pool,,1100010010110101100,00000000010101000,110001001011010110000000000010101000,128,8192,25,152,true,single,36,1.0e-10,64
VQE_reduced_surrogate,73002,4851,1,0.0001220703125,1128.2763937499947,1136.2916999999998,not_in_gurobi_pool,,1100011000110101110,00000001000101010,110001100011010111000000001000101010,128,8192,25,152,true,single,36,1.0e-10,64
VQE_reduced_surrogate,73002,4931,1,0.0001220703125,1149.7815437499999,1136.4226999999996,not_in_gurobi_pool,,1100101010101011110,00000001000000100,110010101010101111000000001000000100,128,8192,25,152,true,single,36,1.0e-10,64
VQE_reduced_surrogate,73002,4982,1,0.0001220703125,1160.570718749995,1136.5247999999995,not_in_gurobi_pool,,0000010001100101101,01000000010001000,000001000110010110101000000010001000,128,8192,25,152,true,single,36,1.0e-10,64
VQE_reduced_surrogate,73002,4853,1,0.0001220703125,1128.5213937500168,1136.5366999999999,not_in_gurobi_pool,,1100011111001111011,00000101110100000,110001111100111101100000101110100000,128,8192,25,152,true,single,36,1.0e-10,64
VQE_reduced_surrogate,73002,4796,1,0.0001220703125,1118.077318749983,1136.7796999999996,not_in_gurobi_pool,,0100111100011111111,00010101110100000,010011110001111111100010101110100000,128,8192,25,152,true,single,36,1.0e-10,64
VQE_reduced_surrogate,73002,4854,1,0.0001220703125,1128.7753937499958,1136.7906999999998,not_in_gurobi_pool,,0010001100011111111,00010111010000000,001000110001111111100010111010000000,128,8192,25,152,true,single,36,1.0e-10,64
VQE_reduced_surrogate,73002,4933,1,0.0001220703125,1150.3110437500109,1136.9521999999995,not_in_gurobi_pool,,0011001110101010100,00000100000000000,001100111010101010000000100000000000,128,8192,25,152,true,single,36,1.0e-10,64
VQE_reduced_surrogate,73002,4895,1,0.0001220703125,1139.8334687500019,1137.1616999999997,not_in_gurobi_pool,,0100011010111101000,10000001000101000,010001101011110100010000001000101000,128,8192,25,152,true,single,36,1.0e-10,64
VQE_reduced_surrogate,73002,4984,1,0.0001220703125,1161.3485187500135,1137.3025999999995,not_in_gurobi_pool,,0110101010110011000,10000000000100000,011010101011001100010000000000100000,128,8192,25,152,true,single,36,1.0e-10,64
VQE_reduced_surrogate,73002,4985,1,0.0001220703125,1161.410518750001,1137.3645999999997,not_in_gurobi_pool,,0110011010110010011,00000000000111101,011001101011001001100000000000111101,128,8192,25,152,true,single,36,1.0e-10,64
VQE_reduced_surrogate,73002,4855,1,0.0001220703125,1129.3667937500102,1137.3820999999996,not_in_gurobi_pool,,0111101000110001100,00000000000100000,011110100011000110000000000000100000,128,8192,25,152,true,single,36,1.0e-10,64
VQE_reduced_surrogate,73002,4934,1,0.0001220703125,1150.742043750011,1137.3831999999995,not_in_gurobi_pool,,0011001110101001100,00000100000000000,001100111010100110000000100000000000,128,8192,25,152,true,single,36,1.0e-10,64
VQE_reduced_surrogate,73002,4797,1,0.0001220703125,1118.821218749994,1137.5236,not_in_gurobi_pool,,0110111001001000110,00000101010110111,011011100100100011000000101010110111,128,8192,25,152,true,single,36,1.0e-10,64
VQE_reduced_surrogate,73002,4798,1,0.0001220703125,1118.855718750005,1137.5580999999997,not_in_gurobi_pool,,0111111001010100011,00000101000110011,011111100101010001100000101000110011,128,8192,25,152,true,single,36,1.0e-10,64
VQE_reduced_surrogate,73002,4700,1,0.0001220703125,1097.7947687500086,1137.8712999999993,not_in_gurobi_pool,,1001101011101100011,00000101000000011,100110101110110001100000101000000011,128,8192,25,152,true,single,36,1.0e-10,64
VQE_reduced_surrogate,73002,4936,1,0.0001220703125,1151.3585437500094,1137.9996999999996,not_in_gurobi_pool,,0010001110101101100,00000100000000000,001000111010110110000000100000000000,128,8192,25,152,true,single,36,1.0e-10,64
VQE_reduced_surrogate,73002,4856,1,0.0001220703125,1130.0443937499956,1138.0596999999996,not_in_gurobi_pool,,0100011000111011100,00000001000101000,010001100011101110000000001000101000,128,8192,25,152,true,single,36,1.0e-10,64
VQE_reduced_surrogate,73002,4898,1,0.0001220703125,1140.7354687499992,1138.0636999999997,not_in_gurobi_pool,,0100011010110110010,00000001000101001,010001101011011001000000001000101001,128,8192,25,152,true,single,36,1.0e-10,64
VQE_reduced_surrogate,73002,4857,1,0.0001220703125,1130.0658937499934,1138.0811999999994,not_in_gurobi_pool,,0101111100110101100,00000001000101000,010111110011010110000000001000101000,128,8192,25,152,true,single,36,1.0e-10,64
VQE_reduced_surrogate,73002,4937,1,0.0001220703125,1151.4485437500023,1138.0896999999998,not_in_gurobi_pool,,0100001110101011100,00000001000000000,010000111010101110000000001000000000,128,8192,25,152,true,single,36,1.0e-10,64
VQE_reduced_surrogate,73002,4938,1,0.0001220703125,1151.4906437499958,1138.1317999999997,not_in_gurobi_pool,,0000011001000101101,01000111110000000,000001100100010110101000111110000000,128,8192,25,152,true,single,36,1.0e-10,64
VQE_reduced_surrogate,73002,4803,1,0.0001220703125,1119.5593187499958,1138.2616999999998,not_in_gurobi_pool,,0100111001001011100,00000101110100000,010011100100101110000000101110100000,128,8192,25,152,true,single,36,1.0e-10,64
VQE_reduced_surrogate,73002,4804,1,0.0001220703125,1119.6633187499997,1138.3657,not_in_gurobi_pool,,1100010110111111111,00000000010101000,110001011011111111100000000010101000,128,8192,25,152,true,single,36,1.0e-10,64
VQE_reduced_surrogate,73002,4939,1,0.0001220703125,1151.9066437500019,1138.5477999999996,not_in_gurobi_pool,,1000010111101010101,01000000010001000,100001011110101010101000000010001000,128,8192,25,152,true,single,36,1.0e-10,64
VQE_reduced_surrogate,73002,5044,1,0.0001220703125,1173.3405937500042,1138.6075999999996,not_in_gurobi_pool,,0110110011010101000,10000000011110000,011011001101010100010000000011110000,128,8192,25,152,true,single,36,1.0e-10,64
VQE_reduced_surrogate,73002,4940,1,0.0001220703125,1152.075043750007,1138.7161999999996,not_in_gurobi_pool,,0011001110100001110,00000100000000110,001100111010000111000000100000000110,128,8192,25,152,true,single,36,1.0e-10,64
VQE_reduced_surrogate,73002,4860,1,0.0001220703125,1131.087293750006,1139.1025999999997,not_in_gurobi_pool,,0110111101000110110,00000101010110001,011011110100011011000000101010110001,128,8192,25,152,true,single,36,1.0e-10,64
VQE_reduced_surrogate,73002,4901,1,0.0001220703125,1141.9119687500058,1139.2401999999995,not_in_gurobi_pool,,1011011101101001111,00000100000101110,101101110110100111100000100000101110,128,8192,25,152,true,single,36,1.0e-10,64
VQE_reduced_surrogate,73002,4942,1,0.0001220703125,1152.6935437499912,1139.3346999999997,not_in_gurobi_pool,,0100001110110111010,00000001000000000,010000111011011101000000001000000000,128,8192,25,152,true,single,36,1.0e-10,64
VQE_reduced_surrogate,73002,4994,1,0.0001220703125,1163.4731187499929,1139.4271999999996,not_in_gurobi_pool,,0011100110111011100,00100000000000000,001110011011101110000100000000000000,128,8192,25,152,true,single,36,1.0e-10,64
VQE_reduced_surrogate,73002,4809,1,0.0001220703125,1120.9737187500125,1139.6760999999995,not_in_gurobi_pool,,1111110111111001011,00000000000111110,111111011111100101100000000000111110,128,8192,25,152,true,single,36,1.0e-10,64
VQE_reduced_surrogate,73002,4944,1,0.0001220703125,1153.2790437500023,1139.9201999999996,not_in_gurobi_pool,,0011010010110001110,00000000000101110,001101001011000111000000000000101110,128,8192,25,152,true,single,36,1.0e-10,64
VQE_reduced_surrogate,73002,4902,1,0.0001220703125,1142.6208687499898,1139.9490999999996,not_in_gurobi_pool,,0111110110110001111,00000000000111110,011111011011000111100000000000111110,128,8192,25,152,true,single,36,1.0e-10,64
VQE_reduced_surrogate,73002,4866,1,0.0001220703125,1132.0793937499984,1140.0946999999996,not_in_gurobi_pool,,0100010010110110110,00000000010101001,010001001011011011000000000010101001,128,8192,25,152,true,single,36,1.0e-10,64
VQE_reduced_surrogate,73002,4904,1,0.0001220703125,1142.8063687500025,1140.1345999999996,not_in_gurobi_pool,,0110110010110110111,00000000010111001,011011001011011011100000000010111001,128,8192,25,152,true,single,36,1.0e-10,64
VQE_reduced_surrogate,73002,4868,1,0.0001220703125,1132.521393750003,1140.5366999999997,not_in_gurobi_pool,,0010010010110101110,00000000010101010,001001001011010111000000000010101010,128,8192,25,152,true,single,36,1.0e-10,64
VQE_reduced_surrogate,73002,4999,1,0.0001220703125,1164.8335187499986,1140.7875999999999,not_in_gurobi_pool,,0110011001110100011,00000000000111011,011001100111010001100000000000111011,128,8192,25,152,true,single,36,1.0e-10,64
VQE_reduced_surrogate,73002,4907,1,0.0001220703125,1143.9244687500004,1141.2526999999998,not_in_gurobi_pool,,1100111010110011101,00000001000101000,110011101011001110100000001000101000,128,8192,25,152,true,single,36,1.0e-10,64
VQE_reduced_surrogate,73002,4872,1,0.0001220703125,1133.2677937500132,1141.2831,not_in_gurobi_pool,,1111111011010001011,00000101000110110,111111101101000101100000101000110110,128,8192,25,152,true,single,36,1.0e-10,64
VQE_reduced_surrogate,73002,4948,1,0.0001220703125,1154.915443749992,1141.5565999999997,not_in_gurobi_pool,,0110011011011000000,10001101010110000,011001101101100000010001101010110000,128,8192,25,152,true,single,36,1.0e-10,64
VQE_reduced_surrogate,73002,4909,1,0.0001220703125,1144.2498687500154,1141.5780999999997,not_in_gurobi_pool,,1111111111000100111,00000101000110011,111111111100010011100000101000110011,128,8192,25,152,true,single,36,1.0e-10,64
VQE_reduced_surrogate,73002,4953,1,0.0001220703125,1155.35064375,1141.9917999999998,not_in_gurobi_pool,,0000010111110011000,11000000010001000,000001011111001100011000000010001000,128,8192,25,152,true,single,36,1.0e-10,64
VQE_reduced_surrogate,73002,4876,1,0.0001220703125,1133.9923937499923,1142.0076999999997,not_in_gurobi_pool,,0100000111100001101,00100000010000000,010000011110000110100100000010000000,128,8192,25,152,true,single,36,1.0e-10,64
VQE_reduced_surrogate,73002,4911,1,0.0001220703125,1144.7125687500018,1142.0407999999998,not_in_gurobi_pool,,0000010111101000111,01000000010001111,000001011110100011101000000010001111,128,8192,25,152,true,single,36,1.0e-10,64
VQE_reduced_surrogate,73002,4824,1,0.0001220703125,1123.4202187500084,1142.1225999999997,not_in_gurobi_pool,,0110010111110010011,00000000010111101,011001011111001001100000000010111101,128,8192,25,152,true,single,36,1.0e-10,64
VQE_reduced_surrogate,73002,4955,1,0.0001220703125,1155.5856437499972,1142.2268000000001,not_in_gurobi_pool,,1000101111000110110,01000111110000001,100010111100011011001000111110000001,128,8192,25,152,true,single,36,1.0e-10,64
VQE_reduced_surrogate,73002,4912,1,0.0001220703125,1144.9249687500007,1142.2531999999997,not_in_gurobi_pool,,0011011101110011011,00000100000101100,001101110111001101100000100000101100,128,8192,25,152,true,single,36,1.0e-10,64
VQE_reduced_surrogate,73002,4825,1,0.0001220703125,1123.7157187500018,1142.4180999999999,not_in_gurobi_pool,,0111101111010100000,10000101000100000,011110111101010000010000101000100000,128,8192,25,152,true,single,36,1.0e-10,64
VQE_reduced_surrogate,73002,4915,1,0.0001220703125,1145.6128687500036,1142.9410999999998,not_in_gurobi_pool,,0111110101111100111,00000000000111011,011111010111110011100000000000111011,128,8192,25,152,true,single,36,1.0e-10,64
VQE_reduced_surrogate,73002,4916,1,0.0001220703125,1145.612868750004,1142.9410999999998,not_in_gurobi_pool,,0111110101110100111,00000000000111011,011111010111010011100000000000111011,128,8192,25,152,true,single,36,1.0e-10,64
VQE_reduced_surrogate,73002,4877,1,0.0001220703125,1135.0803937499986,1143.0956999999994,not_in_gurobi_pool,,0100111011010110000,10000101110100000,010011101101011000010000101110100000,128,8192,25,152,true,single,36,1.0e-10,64
VQE_reduced_surrogate,73002,5011,1,0.0001220703125,1167.3631187500084,1143.3171999999997,not_in_gurobi_pool,,0011101011001010100,00000111000000000,001110101100101010000000111000000000,128,8192,25,152,true,single,36,1.0e-10,64
VQE_reduced_surrogate,73002,4965,1,0.0001220703125,1156.7920437499963,1143.4332,not_in_gurobi_pool,,0101010001111001110,00000000000101110,010101000111100111000000000000101110,128,8192,25,152,true,single,36,1.0e-10,64
VQE_reduced_surrogate,73002,4966,1,0.0001220703125,1156.8734437500013,1143.5145999999995,not_in_gurobi_pool,,0110001010111000110,00000000000100111,011000101011100011000000000000100111,128,8192,25,152,true,single,36,1.0e-10,64
VQE_reduced_surrogate,73002,5013,1,0.0001220703125,1167.6662187500056,1143.6202999999994,not_in_gurobi_pool,,0001111011010101001,10000111100000000,000111101101010100110000111100000000,128,8192,25,152,true,single,36,1.0e-10,64
VQE_reduced_surrogate,73002,4878,1,0.0001220703125,1135.6613937499878,1143.6766999999998,not_in_gurobi_pool,,0100001011001000110,00000101110000111,010000101100100011000000101110000111,128,8192,25,152,true,single,36,1.0e-10,64
VQE_reduced_surrogate,73002,4968,1,0.0001220703125,1157.5215437500171,1144.1626999999996,not_in_gurobi_pool,,0010001010110101100,00000100000000000,001000101011010110000000100000000000,128,8192,25,152,true,single,36,1.0e-10,64
VQE_reduced_surrogate,73002,4835,1,0.0001220703125,1125.7223187499947,1144.4246999999998,not_in_gurobi_pool,,0100011001011011100,00000101110100000,010001100101101110000000101110100000,128,8192,25,152,true,single,36,1.0e-10,64
VQE_reduced_surrogate,73002,4969,1,0.0001220703125,1157.7960437499974,1144.4371999999996,not_in_gurobi_pool,,0101001010111010110,00000001000000101,010100101011101011000000001000000101,128,8192,25,152,true,single,36,1.0e-10,64
VQE_reduced_surrogate,73002,4885,1,0.0001220703125,1136.7653937500156,1144.7806999999993,not_in_gurobi_pool,,1100111011111110011,00000001000101001,110011101111111001100000001000101001,128,8192,25,152,true,single,36,1.0e-10,64
VQE_reduced_surrogate,73002,4971,1,0.0001220703125,1158.1986437500043,1144.8397999999997,not_in_gurobi_pool,,0000111011110000001,11001101000001000,000011101111000000111001101000001000,128,8192,25,152,true,single,36,1.0e-10,64
VQE_reduced_surrogate,73002,4921,1,0.0001220703125,1147.5339687500027,1144.8621999999996,not_in_gurobi_pool,,1101110011110010101,00000000000101000,110111001111001010100000000000101000,128,8192,25,152,true,single,36,1.0e-10,64
VQE_reduced_surrogate,73002,4972,1,0.0001220703125,1158.2270437499983,1144.8681999999997,not_in_gurobi_pool,,0101001010111001110,00000001000000110,010100101011100111000000001000000110,128,8192,25,152,true,single,36,1.0e-10,64
VQE_reduced_surrogate,73002,4922,1,0.0001220703125,1147.854568750009,1145.1827999999994,not_in_gurobi_pool,,1000011111110101011,01000101000001010,100001111111010101101000101000001010,128,8192,25,152,true,single,36,1.0e-10,64
VQE_reduced_surrogate,73002,4924,1,0.0001220703125,1147.927468749993,1145.2557,not_in_gurobi_pool,,0100001111000110110,00000101110000001,010000111100011011000000101110000001,128,8192,25,152,true,single,36,1.0e-10,64
VQE_reduced_surrogate,73002,4925,1,0.0001220703125,1148.3694687499994,1145.6976999999995,not_in_gurobi_pool,,0010001111000101110,00000111010000010,001000111100010111000000111010000010,128,8192,25,152,true,single,36,1.0e-10,64
VQE_reduced_surrogate,73002,5023,1,0.0001220703125,1169.7445187500086,1145.6985999999997,not_in_gurobi_pool,,0110100011011011101,00100000011100000,011010001101101110100100000011100000,128,8192,25,152,true,single,36,1.0e-10,64
VQE_reduced_surrogate,73002,4926,1,0.0001220703125,1148.3909687499743,1145.7191999999995,not_in_gurobi_pool,,0011111110111011110,00000100000101100,001111111011101111000000100000101100,128,8192,25,152,true,single,36,1.0e-10,64
VQE_reduced_surrogate,73002,4889,1,0.0001220703125,1137.7043937500055,1145.7196999999996,not_in_gurobi_pool,,0010001011110010000,10000100000000000,001000101111001000010000100000000000,128,8192,25,152,true,single,36,1.0e-10,64
VQE_reduced_surrogate,73002,4975,1,0.0001220703125,1159.1510437500006,1145.7921999999996,not_in_gurobi_pool,,0011000111011011101,00100100010000000,001100011101101110100100100010000000,128,8192,25,152,true,single,36,1.0e-10,64
VQE_reduced_surrogate,73002,4742,1,0.0001220703125,1106.1567687500094,1146.2332999999996,not_in_gurobi_pool,,0001101011110001001,10000101000000000,000110101111000100110000101000000000,128,8192,25,152,true,single,36,1.0e-10,64
VQE_reduced_surrogate,73002,4892,1,0.0001220703125,1139.1168937499974,1147.1321999999996,not_in_gurobi_pool,,0011111001110000110,00000100000101111,001111100111000011000000100000101111,128,8192,25,152,true,single,36,1.0e-10,64
VQE_reduced_surrogate,73002,4896,1,0.0001220703125,1140.2554937500024,1148.2708,not_in_gurobi_pool,,0000001111101001111,01000101000000110,000000111110100111101000101000000110,128,8192,25,152,true,single,36,1.0e-10,64
VQE_reduced_surrogate,73002,4900,1,0.0001220703125,1140.9752937500127,1148.9905999999999,not_in_gurobi_pool,,1110001011010011111,00000101010100100,111000101101001111100000101010100100,128,8192,25,152,true,single,36,1.0e-10,64
VQE_reduced_surrogate,73002,4859,1,0.0001220703125,1130.3703187499996,1149.0726999999995,not_in_gurobi_pool,,0100010011110010111,00000000010101101,010001001111001011100000000010101101,128,8192,25,152,true,single,36,1.0e-10,64
VQE_reduced_surrogate,73002,4990,1,0.0001220703125,1162.4396437499913,1149.0807999999995,not_in_gurobi_pool,,0000111001111011110,01000101000001100,000011100111101111001000101000001100,128,8192,25,152,true,single,36,1.0e-10,64
VQE_reduced_surrogate,73002,4941,1,0.0001220703125,1152.269468749996,1149.5976999999996,not_in_gurobi_pool,,1100001011111100100,00000001000000000,110000101111110010000000001000000000,128,8192,25,152,true,single,36,1.0e-10,64
VQE_reduced_surrogate,73002,4943,1,0.0001220703125,1153.2283687499933,1150.5565999999997,not_in_gurobi_pool,,0110111111011101100,00000101010110000,011011111101110110000000101010110000,128,8192,25,152,true,single,36,1.0e-10,64
VQE_reduced_surrogate,73002,4903,1,0.0001220703125,1142.7042937500037,1150.7196,not_in_gurobi_pool,,0110001011011010110,00000101010100101,011000101101101011000000101010100101,128,8192,25,152,true,single,36,1.0e-10,64
VQE_reduced_surrogate,73002,4906,1,0.0001220703125,1143.135293750002,1151.1506,not_in_gurobi_pool,,0110001011011001110,00000101010100110,011000101101100111000000101010100110,128,8192,25,152,true,single,36,1.0e-10,64
VQE_reduced_surrogate,73002,4913,1,0.0001220703125,1145.114393749999,1153.1296999999997,not_in_gurobi_pool,,0100011111111001100,00000001000101000,010001111111100110000000001000101000,128,8192,25,152,true,single,36,1.0e-10,64
VQE_reduced_surrogate,73002,4914,1,0.0001220703125,1145.176393749999,1153.1916999999999,not_in_gurobi_pool,,0100101011110000110,00000001000000111,010010101111000011000000001000000111,128,8192,25,152,true,single,36,1.0e-10,64
VQE_reduced_surrogate,73002,4917,1,0.0001220703125,1146.0488937499915,1154.0641999999996,not_in_gurobi_pool,,0011111111110100111,00000100000101011,001111111111010011100000100000101011,128,8192,25,152,true,single,36,1.0e-10,64
VQE_reduced_surrogate,73002,4978,1,0.0001220703125,1159.754768749999,1157.0829999999996,not_in_gurobi_pool,,1100110100000111000,10010001011100000,110011010000011100010010001011100000,128,8192,25,152,true,single,36,1.0e-10,64
VQE_reduced_surrogate,73002,4905,1,0.0001220703125,1143.1055187500026,1161.8078999999996,not_in_gurobi_pool,,1110000100100111011,00100000010100000,111000010010011101100100000010100000,128,8192,25,152,true,single,36,1.0e-10,64
VQE_reduced_surrogate,73002,4949,1,0.0001220703125,1155.0780937499994,1163.0933999999997,not_in_gurobi_pool,,0111111000000100000,10010101000110000,011111100000010000010010101000110000,128,8192,25,152,true,single,36,1.0e-10,64
VQE_reduced_surrogate,73002,5059,1,0.0001220703125,1176.8292437500022,1163.4704,not_in_gurobi_pool,,1111010000010110011,00010000010110001,111101000001011001100010000010110001,128,8192,25,152,true,single,36,1.0e-10,64
VQE_reduced_surrogate,73002,5110,1,0.0001220703125,1187.6043187499902,1163.5584,not_in_gurobi_pool,,0111010100011000000,10011000010110000,011101010001100000010011000010110000,128,8192,25,152,true,single,36,1.0e-10,64
VQE_reduced_surrogate,73002,5060,1,0.0001220703125,1176.9472437499833,1163.5883999999999,not_in_gurobi_pool,,0111010110001000001,10001000010110000,011101011000100000110001000010110000,128,8192,25,152,true,single,36,1.0e-10,64
VQE_reduced_surrogate,73002,4960,1,0.0001220703125,1156.2820937500003,1164.2973999999997,not_in_gurobi_pool,,0111100100010100001,10110000010100000,011110010001010000110110000010100000,128,8192,25,152,true,single,36,1.0e-10,64
VQE_reduced_surrogate,73002,4961,1,0.0001220703125,1156.282093750009,1164.2973999999997,not_in_gurobi_pool,,0111100100010100000,10110000010100000,011110010001010000010110000010100000,128,8192,25,152,true,single,36,1.0e-10,64
VQE_reduced_surrogate,73002,5015,1,0.0001220703125,1168.0657687500018,1165.3939999999998,not_in_gurobi_pool,,1100101100100111000,10000001000000000,110010110010011100010000001000000000,128,8192,25,152,true,single,36,1.0e-10,64
VQE_reduced_surrogate,73002,5069,1,0.0001220703125,1179.2833437500033,1165.9244999999996,not_in_gurobi_pool,,0101000100000110101,00110001010000000,010100010000011010100110001010000000,128,8192,25,152,true,single,36,1.0e-10,64
VQE_reduced_surrogate,73002,4919,1,0.0001220703125,1147.3680187499965,1166.0703999999996,not_in_gurobi_pool,,1111110100101000110,00000000000111111,111111010010100011000000000000111111,128,8192,25,152,true,single,36,1.0e-10,64
VQE_reduced_surrogate,73002,5123,1,0.0001220703125,1190.3188187500039,1166.2728999999997,not_in_gurobi_pool,,0110000100000101101,00110000011100000,011000010000010110100110000011100000,128,8192,25,152,true,single,36,1.0e-10,64
VQE_reduced_surrogate,73002,5017,1,0.0001220703125,1169.1421687500017,1166.4704,not_in_gurobi_pool,,0111100000010110011,00110000010100001,011110000001011001100110000010100001,128,8192,25,152,true,single,36,1.0e-10,64
VQE_reduced_surrogate,73002,4974,1,0.0001220703125,1158.8950937499956,1166.9103999999998,not_in_gurobi_pool,,0111000100111000000,10101000000100000,011100010011100000010101000000100000,128,8192,25,152,true,single,36,1.0e-10,64
VQE_reduced_surrogate,73002,4977,1,0.0001220703125,1159.6721937500088,1167.6874999999995,not_in_gurobi_pool,,0011111000100101000,10000100000101000,001111100010010100010000100000101000,128,8192,25,152,true,single,36,1.0e-10,64
VQE_reduced_surrogate,73002,4980,1,0.0001220703125,1160.2950937499938,1168.3103999999996,not_in_gurobi_pool,,0111111000101001011,00000000000111110,011111100010100101100000000000111110,128,8192,25,152,true,single,36,1.0e-10,64
VQE_reduced_surrogate,73002,4930,1,0.0001220703125,1149.7740187500042,1168.4763999999996,not_in_gurobi_pool,,0111100100100100101,00100000000100000,011110010010010010100100000000100000,128,8192,25,152,true,single,36,1.0e-10,64
VQE_reduced_surrogate,73002,4981,1,0.0001220703125,1160.4610937500015,1168.4763999999998,not_in_gurobi_pool,,0111110100101100101,00000000000111000,011111010010110010100000000000111000,128,8192,25,152,true,single,36,1.0e-10,64
VQE_reduced_surrogate,73002,4894,1,0.0001220703125,1139.3685437500026,1168.7579999999996,not_in_gurobi_pool,,1100110100100111111,00000000010101000,110011010010011111100000000010101000,128,8192,25,152,true,single,36,1.0e-10,64
VQE_reduced_surrogate,73002,4932,1,0.0001220703125,1150.3060187500005,1169.0083999999997,not_in_gurobi_pool,,0111100000100001101,00100000000100000,011110000010000110100100000000100000,128,8192,25,152,true,single,36,1.0e-10,64
VQE_reduced_surrogate,73002,5088,1,0.0001220703125,1183.0663437500043,1169.7074999999998,not_in_gurobi_pool,,0101000100101101101,00100000000000000,010100010010110110100100000000000000,128,8192,25,152,true,single,36,1.0e-10,64
VQE_reduced_surrogate,73002,5089,1,0.0001220703125,1183.0773437500075,1169.7184999999995,not_in_gurobi_pool,,0011000100100101101,00100000000000000,001100010010010110100100000000000000,128,8192,25,152,true,single,36,1.0e-10,64
VQE_reduced_surrogate,73002,4986,1,0.0001220703125,1161.7730937499973,1169.7884,not_in_gurobi_pool,,0111111100010001001,10010101000110000,011111110001000100110010101000110000,128,8192,25,152,true,single,36,1.0e-10,64
VQE_reduced_surrogate,73002,5038,1,0.0001220703125,1172.4912687499973,1169.8194999999996,not_in_gurobi_pool,,0011110000101011100,00000000000101000,001111000010101110000000000000101000,128,8192,25,152,true,single,36,1.0e-10,64
VQE_reduced_surrogate,73002,5039,1,0.0001220703125,1172.4912687499939,1169.8194999999996,not_in_gurobi_pool,,0011010100101011101,00000000000101000,001101010010101110100000000000101000,128,8192,25,152,true,single,36,1.0e-10,64
VQE_reduced_surrogate,73002,4987,1,0.0001220703125,1161.8950937499967,1169.9103999999995,not_in_gurobi_pool,,0111110100101010111,00000000000111101,011111010010101011100000000000111101,128,8192,25,152,true,single,36,1.0e-10,64
VQE_reduced_surrogate,73002,4991,1,0.0001220703125,1162.440093750005,1170.4553999999998,not_in_gurobi_pool,,0111100101000101011,00100000010100010,011110010100010101100100000010100010,128,8192,25,152,true,single,36,1.0e-10,64
VQE_reduced_surrogate,73002,5045,1,0.0001220703125,1173.632768749991,1170.9609999999998,not_in_gurobi_pool,,0100000110100111011,00100000010000000,010000011010011101100100000010000000,128,8192,25,152,true,single,36,1.0e-10,64
VQE_reduced_surrogate,73002,5046,1,0.0001220703125,1173.7362687499954,1171.0644999999995,not_in_gurobi_pool,,0011110000110111011,00000000000101000,001111000011011101100000000000101000,128,8192,25,152,true,single,36,1.0e-10,64
VQE_reduced_surrogate,73002,5147,1,0.0001220703125,1195.360418750003,1171.3144999999995,not_in_gurobi_pool,,0101001100001101101,00010101100000000,010100110000110110100010101100000000,128,8192,25,152,true,single,36,1.0e-10,64
VQE_reduced_surrogate,73002,5048,1,0.0001220703125,1174.0046687500005,1171.3328999999999,not_in_gurobi_pool,,0110111000000011101,00010101010110000,011011100000001110100010101010110000,128,8192,25,152,true,single,36,1.0e-10,64
VQE_reduced_surrogate,73002,4995,1,0.0001220703125,1163.6511937499959,1171.6664999999996,not_in_gurobi_pool,,1101111000101101101,00000001000101000,110111100010110110100000001000101000,128,8192,25,152,true,single,36,1.0e-10,64
VQE_reduced_surrogate,73002,5050,1,0.0001220703125,1174.3411687500036,1171.6693999999995,not_in_gurobi_pool,,1111110110101100101,00000000000111000,111111011010110010100000000000111000,128,8192,25,152,true,single,36,1.0e-10,64
VQE_reduced_surrogate,73002,5051,1,0.0001220703125,1174.633168749996,1171.9614000000001,not_in_gurobi_pool,,0111111000011011011,00010101000110100,011111100001101101100010101000110100,128,8192,25,152,true,single,36,1.0e-10,64
VQE_reduced_surrogate,73002,5100,1,0.0001220703125,1185.531343749998,1172.1724999999992,not_in_gurobi_pool,,1011010010101001100,00000000000101000,101101001010100110000000000000101000,128,8192,25,152,true,single,36,1.0e-10,64
VQE_reduced_surrogate,73002,5053,1,0.0001220703125,1174.8731687499983,1172.2013999999997,not_in_gurobi_pool,,1111110110101001101,00000000000111000,111111011010100110100000000000111000,128,8192,25,152,true,single,36,1.0e-10,64
VQE_reduced_surrogate,73002,5155,1,0.0001220703125,1196.5264187499922,1172.4804999999994,not_in_gurobi_pool,,1011100110101110101,00100000000000000,101110011010111010100100000000000000,128,8192,25,152,true,single,36,1.0e-10,64
VQE_reduced_surrogate,73002,4997,1,0.0001220703125,1164.648093749997,1172.6634,not_in_gurobi_pool,,0111100110010110011,00100000010100001,011110011001011001100100000010100001,128,8192,25,152,true,single,36,1.0e-10,64
VQE_reduced_surrogate,73002,5001,1,0.0001220703125,1164.9982937500024,1173.0135999999995,not_in_gurobi_pool,,1001111110100111011,00000101000001000,100111111010011101100000101000001000,128,8192,25,152,true,single,36,1.0e-10,64
VQE_reduced_surrogate,73002,5104,1,0.0001220703125,1186.4013437500003,1173.0424999999993,not_in_gurobi_pool,,1101101110100111011,00000001000000000,110110111010011101100000001000000000,128,8192,25,152,true,single,36,1.0e-10,64
VQE_reduced_surrogate,73002,4947,1,0.0001220703125,1154.4380187500024,1173.1403999999998,not_in_gurobi_pool,,0111001100111001000,10000000000100000,011100110011100100010000000000100000,128,8192,25,152,true,single,36,1.0e-10,64
VQE_reduced_surrogate,73002,5003,1,0.0001220703125,1165.2610937500028,1173.2763999999997,not_in_gurobi_pool,,1111111010001100101,00000101000110000,111111101000110010100000101000110000,128,8192,25,152,true,single,36,1.0e-10,64
VQE_reduced_surrogate,73002,5004,1,0.0001220703125,1165.3942937500126,1173.4095999999995,not_in_gurobi_pool,,0001111010101110000,10000101000001000,000111101010111000010000101000001000,128,8192,25,152,true,single,36,1.0e-10,64
VQE_reduced_surrogate,73002,5105,1,0.0001220703125,1186.808343750008,1173.4494999999993,not_in_gurobi_pool,,0011001110101110000,10000100000000000,001100111010111000010000100000000000,128,8192,25,152,true,single,36,1.0e-10,64
VQE_reduced_surrogate,73002,5216,1,0.0001220703125,1208.519893750004,1173.7868999999996,not_in_gurobi_pool,,0110111110100101000,10000000000111000,011011111010010100010000000000111000,128,8192,25,152,true,single,36,1.0e-10,64
VQE_reduced_surrogate,73002,4950,1,0.0001220703125,1155.1100187499997,1173.8123999999996,not_in_gurobi_pool,,1111100000110110111,00100000000100001,111110000011011011100100000000100001,128,8192,25,152,true,single,36,1.0e-10,64
VQE_reduced_surrogate,73002,4952,1,0.0001220703125,1155.2410187499943,1173.9433999999994,not_in_gurobi_pool,,0111100110111010001,10100000000100000,011110011011101000110100000000100000,128,8192,25,152,true,single,36,1.0e-10,64
VQE_reduced_surrogate,73002,5107,1,0.0001220703125,1187.3293437500035,1173.9704999999994,not_in_gurobi_pool,,0101001110101011000,10000001000000000,010100111010101100010000001000000000,128,8192,25,152,true,single,36,1.0e-10,64
VQE_reduced_surrogate,73002,5108,1,0.0001220703125,1187.3403437500124,1173.9814999999994,not_in_gurobi_pool,,0011101010101011000,10000100000000000,001110101010101100010000100000000000,128,8192,25,152,true,single,36,1.0e-10,64
VQE_reduced_surrogate,73002,5006,1,0.0001220703125,1166.4580937499968,1174.4733999999996,not_in_gurobi_pool,,0111111000110001011,00000000000111110,011111100011000101100000000000111110,128,8192,25,152,true,single,36,1.0e-10,64
VQE_reduced_surrogate,73002,4956,1,0.0001220703125,1155.783618749997,1174.4859999999996,not_in_gurobi_pool,,1100011010000011101,00000101110100000,110001101000001110100000101110100000,128,8192,25,152,true,single,36,1.0e-10,64
VQE_reduced_surrogate,73002,5007,1,0.0001220703125,1166.553693749998,1174.5689999999997,not_in_gurobi_pool,,0100110000010111111,00010001011100000,010011000001011111100010001011100000,128,8192,25,152,true,single,36,1.0e-10,64
VQE_reduced_surrogate,73002,5162,1,0.0001220703125,1198.688418750012,1174.6424999999995,not_in_gurobi_pool,,0101100010110110000,10100000000000000,010110001011011000010100000000000000,128,8192,25,152,true,single,36,1.0e-10,64
VQE_reduced_surrogate,73002,5063,1,0.0001220703125,1177.3492687500043,1174.6774999999996,not_in_gurobi_pool,,0011001100101101101,00000100000000000,001100110010110110100000100000000000,128,8192,25,152,true,single,36,1.0e-10,64
VQE_reduced_surrogate,73002,4957,1,0.0001220703125,1156.0362187500032,1174.7385999999995,not_in_gurobi_pool,,0001111000101011100,00000101000001000,000111100010101110000000101000001000,128,8192,25,152,true,single,36,1.0e-10,64
VQE_reduced_surrogate,73002,5008,1,0.0001220703125,1166.726193749999,1174.7414999999996,not_in_gurobi_pool,,0101011000110110011,00000001000101001,010101100011011001100000001000101001,128,8192,25,152,true,single,36,1.0e-10,64
VQE_reduced_surrogate,73002,5064,1,0.0001220703125,1177.4401687500017,1174.7683999999997,not_in_gurobi_pool,,0111111100100100111,00000000000111011,011111110010010011100000000000111011,128,8192,25,152,true,single,36,1.0e-10,64
VQE_reduced_surrogate,73002,4959,1,0.0001220703125,1156.2186187499906,1174.9209999999996,not_in_gurobi_pool,,1100100100111111110,00100000010000000,110010010011111111000100000010000000,128,8192,25,152,true,single,36,1.0e-10,64
VQE_reduced_surrogate,73002,4958,1,0.0001220703125,1156.2186187499988,1174.9209999999998,not_in_gurobi_pool,,1100000100110111111,00100000010000000,110000010011011111100100000010000000,128,8192,25,152,true,single,36,1.0e-10,64
VQE_reduced_surrogate,73002,5165,1,0.0001220703125,1199.130418750018,1175.0844999999995,not_in_gurobi_pool,,0011100010110101000,10100000000000000,001110001011010100010100000000000000,128,8192,25,152,true,single,36,1.0e-10,64
VQE_reduced_surrogate,73002,4963,1,0.0001220703125,1156.4690187500019,1175.1713999999997,not_in_gurobi_pool,,0111100100111001100,00100000000100000,011110010011100110000100000000100000,128,8192,25,152,true,single,36,1.0e-10,64
VQE_reduced_surrogate,73002,4964,1,0.0001220703125,1156.4690187500082,1175.1713999999997,not_in_gurobi_pool,,0111100100110001100,00100000000100000,011110010011000110000100000000100000,128,8192,25,152,true,single,36,1.0e-10,64
VQE_reduced_surrogate,73002,5009,1,0.0001220703125,1167.1571937500019,1175.1724999999997,not_in_gurobi_pool,,0101011000110101011,00000001000101010,010101100011010101100000001000101010,128,8192,25,152,true,single,36,1.0e-10,64
VQE_reduced_surrogate,73002,5112,1,0.0001220703125,1188.533343750004,1175.1744999999999,not_in_gurobi_pool,,0101010010111011000,10000000000101000,010101001011101100010000000000101000,128,8192,25,152,true,single,36,1.0e-10,64
VQE_reduced_surrogate,73002,5167,1,0.0001220703125,1199.2314187500097,1175.1854999999996,not_in_gurobi_pool,,0011000110110011000,10100000000000000,001100011011001100010100000000000000,128,8192,25,152,true,single,36,1.0e-10,64
VQE_reduced_surrogate,73002,5065,1,0.0001220703125,1178.0812687500006,1175.4094999999995,not_in_gurobi_pool,,1101111010001110110,00000101100100001,110111101000111011000000101100100001,128,8192,25,152,true,single,36,1.0e-10,64
VQE_reduced_surrogate,73002,5012,1,0.0001220703125,1167.623793750001,1175.6390999999996,not_in_gurobi_pool,,1000100011101010011,01100000010000101,100010001110101001101100000010000101,128,8192,25,152,true,single,36,1.0e-10,64
VQE_reduced_surrogate,73002,5117,1,0.0001220703125,1189.1079437500102,1175.7490999999995,not_in_gurobi_pool,,0000100010100101101,01100000010000000,000010001010010110101100000010000000,128,8192,25,152,true,single,36,1.0e-10,64
VQE_reduced_surrogate,73002,5014,1,0.0001220703125,1167.7736937500026,1175.7889999999995,not_in_gurobi_pool,,0010010110100101100,00000000010101000,001001011010010110000000000010101000,128,8192,25,152,true,single,36,1.0e-10,64
VQE_reduced_surrogate,73002,5066,1,0.0001220703125,1178.6952687499954,1176.0234999999996,not_in_gurobi_pool,,0011101000110111011,00000100000000000,001110100011011101100000100000000000,128,8192,25,152,true,single,36,1.0e-10,64
VQE_reduced_surrogate,73002,5067,1,0.0001220703125,1178.8562687500091,1176.1844999999996,not_in_gurobi_pool,,0011100001001011100,00100100010000000,001110000100101110000100100010000000,128,8192,25,152,true,single,36,1.0e-10,64
VQE_reduced_surrogate,73002,5016,1,0.0001220703125,1168.5126937499897,1176.5279999999996,not_in_gurobi_pool,,1100101100010111111,00010101110000000,110010110001011111100010101110000000,128,8192,25,152,true,single,36,1.0e-10,64
VQE_reduced_surrogate,73002,5175,1,0.0001220703125,1200.6970187500012,1176.6510999999996,not_in_gurobi_pool,,0000010010101110110,01000000010001001,000001001010111011001000000010001001,128,8192,25,152,true,single,36,1.0e-10,64
VQE_reduced_surrogate,73002,5228,1,0.0001220703125,1211.6128937499989,1176.8798999999995,not_in_gurobi_pool,,0110111101100110000,10000000000111000,011011110110011000010000000000111000,128,8192,25,152,true,single,36,1.0e-10,64
VQE_reduced_surrogate,73002,5070,1,0.0001220703125,1179.6322687500153,1176.9605,not_in_gurobi_pool,,1101110111100101011,00000000000101010,110111011110010101100000000000101010,128,8192,25,152,true,single,36,1.0e-10,64
VQE_reduced_surrogate,73002,4973,1,0.0001220703125,1158.4185187500088,1177.1209,not_in_gurobi_pool,,0110000000110101110,00100000010100010,011000000011010111000100000010100010,128,8192,25,152,true,single,36,1.0e-10,64
VQE_reduced_surrogate,73002,5018,1,0.0001220703125,1169.1485937499956,1177.1638999999998,not_in_gurobi_pool,,0110100010111111011,00100000010100000,011010001011111101100100000010100000,128,8192,25,152,true,single,36,1.0e-10,64
VQE_reduced_surrogate,73002,5071,1,0.0001220703125,1179.8757687499901,1177.2039999999995,not_in_gurobi_pool,,1100000001100110110,00100000010000001,110000000110011011000100000010000001,128,8192,25,152,true,single,36,1.0e-10,64
VQE_reduced_surrogate,73002,5019,1,0.0001220703125,1169.1886937499996,1177.2039999999997,not_in_gurobi_pool,,1100110001101110110,00000000010101001,110011000110111011000000000010101001,128,8192,25,152,true,single,36,1.0e-10,64
VQE_reduced_surrogate,73002,5125,1,0.0001220703125,1190.8363437499993,1177.4774999999997,not_in_gurobi_pool,,0101111000010101101,00010101100100000,010111100001010110100010101100100000,128,8192,25,152,true,single,36,1.0e-10,64
VQE_reduced_surrogate,73002,5179,1,0.0001220703125,1201.6354187500126,1177.5894999999996,not_in_gurobi_pool,,0011001000010011101,00010111000000000,001100100001001110100010111000000000,128,8192,25,152,true,single,36,1.0e-10,64
VQE_reduced_surrogate,73002,5021,1,0.0001220703125,1169.607093750004,1177.6224,not_in_gurobi_pool,,0111111110010110011,00000101000110001,011111111001011001100000101000110001,128,8192,25,152,true,single,36,1.0e-10,64
VQE_reduced_surrogate,73002,5022,1,0.0001220703125,1169.6196937499951,1177.6349999999998,not_in_gurobi_pool,,1100110001100101110,00000000010101010,110011000110010111000000000010101010,128,8192,25,152,true,single,36,1.0e-10,64
VQE_reduced_surrogate,73002,5024,1,0.0001220703125,1169.7466937499894,1177.7619999999997,not_in_gurobi_pool,,1100100110010111111,00100001011000000,110010011001011111100100001011000000,128,8192,25,152,true,single,36,1.0e-10,64
VQE_reduced_surrogate,73002,5025,1,0.0001220703125,1169.7466937499923,1177.7619999999997,not_in_gurobi_pool,,1100100010011111110,00100001011000000,110010001001111111000100001011000000,128,8192,25,152,true,single,36,1.0e-10,64
VQE_reduced_surrogate,73002,5127,1,0.0001220703125,1191.196843750005,1177.8379999999995,not_in_gurobi_pool,,1100101010101011100,00000001000000000,110010101010101110000000001000000000,128,8192,25,152,true,single,36,1.0e-10,64
VQE_reduced_surrogate,73002,5072,1,0.0001220703125,1180.5638687499963,1177.8920999999998,not_in_gurobi_pool,,0000010000110111111,01000000010001000,000001000011011111101000000010001000,128,8192,25,152,true,single,36,1.0e-10,64
VQE_reduced_surrogate,73002,5073,1,0.0001220703125,1180.69026875,1178.0184999999997,not_in_gurobi_pool,,1011010011010110001,10000100010100000,101101001101011000110000100010100000,128,8192,25,152,true,single,36,1.0e-10,64
VQE_reduced_surrogate,73002,5129,1,0.0001220703125,1191.3923437500043,1178.0334999999993,not_in_gurobi_pool,,0011011010110000001,10001100000101000,001101101011000000110001100000101000,128,8192,25,152,true,single,36,1.0e-10,64
VQE_reduced_surrogate,73002,5074,1,0.0001220703125,1180.9632687500175,1178.2914999999996,not_in_gurobi_pool,,0011000010010110100,00100100010000000,001100001001011010000100100010000000,128,8192,25,152,true,single,36,1.0e-10,64
VQE_reduced_surrogate,73002,5027,1,0.0001220703125,1170.3490937500064,1178.3643999999995,not_in_gurobi_pool,,1111100010110001100,00100000000100000,111110001011000110000100000000100000,128,8192,25,152,true,single,36,1.0e-10,64
VQE_reduced_surrogate,73002,5076,1,0.0001220703125,1181.0361687499978,1178.3643999999997,not_in_gurobi_pool,,1111110010111001100,00000000000111000,111111001011100110000000000000111000,128,8192,25,152,true,single,36,1.0e-10,64
VQE_reduced_surrogate,73002,5077,1,0.0001220703125,1181.077168749999,1178.4053999999996,not_in_gurobi_pool,,1111101010110101011,00000000000100010,111110101011010101100000000000100010,128,8192,25,152,true,single,36,1.0e-10,64
VQE_reduced_surrogate,73002,5236,1,0.0001220703125,1213.4778937500002,1178.7448999999997,not_in_gurobi_pool,,0110111001100011011,00000000000111100,011011100110001101100000000000111100,128,8192,25,152,true,single,36,1.0e-10,64
VQE_reduced_surrogate,73002,5186,1,0.0001220703125,1202.8258187500066,1178.7798999999995,not_in_gurobi_pool,,0110011010111010000,10000000000111000,011001101011101000010000000000111000,128,8192,25,152,true,single,36,1.0e-10,64
VQE_reduced_surrogate,73002,5080,1,0.0001220703125,1181.4622687499984,1178.7904999999994,not_in_gurobi_pool,,0101100111101010011,00100000000000101,010110011110101001100100000000000101,128,8192,25,152,true,single,36,1.0e-10,64
VQE_reduced_surrogate,73002,5082,1,0.0001220703125,1181.5427687499944,1178.8709999999996,not_in_gurobi_pool,,0100000101100110100,00100000010000000,010000010110011010000100000010000000,128,8192,25,152,true,single,36,1.0e-10,64
VQE_reduced_surrogate,73002,5083,1,0.0001220703125,1181.8932687499976,1179.2214999999994,not_in_gurobi_pool,,0101100111101001011,00100000000000110,010110011110100101100100000000000110,128,8192,25,152,true,single,36,1.0e-10,64
VQE_reduced_surrogate,73002,5029,1,0.0001220703125,1171.2510937499926,1179.2663999999995,not_in_gurobi_pool,,1111100110111010110,00100000000100101,111110011011101011000100000000100101,128,8192,25,152,true,single,36,1.0e-10,64
VQE_reduced_surrogate,73002,5030,1,0.0001220703125,1171.2786937499968,1179.2939999999996,not_in_gurobi_pool,,1100101011100010000,10000001000000000,110010101110001000010000001000000000,128,8192,25,152,true,single,36,1.0e-10,64
VQE_reduced_surrogate,73002,5031,1,0.0001220703125,1171.2866937499946,1179.3019999999995,not_in_gurobi_pool,,0100110001100101101,00000000010101000,010011000110010110100000000010101000,128,8192,25,152,true,single,36,1.0e-10,64
VQE_reduced_surrogate,73002,5084,1,0.0001220703125,1182.0171687499965,1179.3454,not_in_gurobi_pool,,0111110010011001110,00000000010110110,011111001001100111000000000010110110,128,8192,25,152,true,single,36,1.0e-10,64
VQE_reduced_surrogate,73002,5032,1,0.0001220703125,1171.38219374999,1179.3974999999996,not_in_gurobi_pool,,1011011001110010000,10000100000101000,101101100111001000010000100000101000,128,8192,25,152,true,single,36,1.0e-10,64
VQE_reduced_surrogate,73002,5033,1,0.0001220703125,1171.3916937500003,1179.4069999999995,not_in_gurobi_pool,,0100100111100110011,00100000010000001,010010011110011001100100000010000001,128,8192,25,152,true,single,36,1.0e-10,64
VQE_reduced_surrogate,73002,5133,1,0.0001220703125,1192.8554437499974,1179.4965999999995,not_in_gurobi_pool,,0001100001101011101,00100000000000000,000110000110101110100100000000000000,128,8192,25,152,true,single,36,1.0e-10,64
VQE_reduced_surrogate,73002,5134,1,0.0001220703125,1192.8554437500004,1179.4965999999995,not_in_gurobi_pool,,0001100101101011100,00100000000000000,000110010110101110000100000000000000,128,8192,25,152,true,single,36,1.0e-10,64
VQE_reduced_surrogate,73002,5135,1,0.0001220703125,1192.9603437500045,1179.6014999999993,not_in_gurobi_pool,,0101001110110110000,10000001000000000,010100111011011000010000001000000000,128,8192,25,152,true,single,36,1.0e-10,64
VQE_reduced_surrogate,73002,5085,1,0.0001220703125,1182.371168749996,1179.6993999999997,not_in_gurobi_pool,,0111111100111010100,00000000000111000,011111110011101010000000000000111000,128,8192,25,152,true,single,36,1.0e-10,64
VQE_reduced_surrogate,73002,5034,1,0.0001220703125,1171.8540937500022,1179.8693999999998,not_in_gurobi_pool,,1111000001011001110,00100000010100110,111100000101100111000100000010100110,128,8192,25,152,true,single,36,1.0e-10,64
VQE_reduced_surrogate,73002,4983,1,0.0001220703125,1161.1776187499884,1179.8799999999994,not_in_gurobi_pool,,1100111100110111111,00000001000101000,110011110011011111100000001000101000,128,8192,25,152,true,single,36,1.0e-10,64
VQE_reduced_surrogate,73002,5244,1,0.0001220703125,1214.6828937500034,1179.9498999999996,not_in_gurobi_pool,,0110011110111101000,10000000000111000,011001111011110100010000000000111000,128,8192,25,152,true,single,36,1.0e-10,64
VQE_reduced_surrogate,73002,5035,1,0.0001220703125,1171.9882937500156,1180.0035999999996,not_in_gurobi_pool,,0001111010110101000,10000101000001000,000111101011010100010000101000001000,128,8192,25,152,true,single,36,1.0e-10,64
VQE_reduced_surrogate,73002,5140,1,0.0001220703125,1193.3913437500064,1180.0324999999993,not_in_gurobi_pool,,0101001110110101000,10000001000000000,010100111011010100010000001000000000,128,8192,25,152,true,single,36,1.0e-10,64
VQE_reduced_surrogate,73002,5245,1,0.0001220703125,1214.783893750008,1180.0508999999997,not_in_gurobi_pool,,0110011110111011000,10000000000111000,011001111011101100010000000000111000,128,8192,25,152,true,single,36,1.0e-10,64
VQE_reduced_surrogate,73002,5086,1,0.0001220703125,1182.8021687499984,1180.1303999999998,not_in_gurobi_pool,,0111111100110001100,00000000000111000,011111110011000110000000000000111000,128,8192,25,152,true,single,36,1.0e-10,64
VQE_reduced_surrogate,73002,5036,1,0.0001220703125,1172.2200937499936,1180.2353999999998,not_in_gurobi_pool,,0111001110111010011,00000000000100101,011100111011101001100000000000100101,128,8192,25,152,true,single,36,1.0e-10,64
VQE_reduced_surrogate,73002,5037,1,0.0001220703125,1172.2500937500004,1180.2653999999995,not_in_gurobi_pool,,0111010101011000100,00000000010110000,011101010101100010000000000010110000,128,8192,25,152,true,single,36,1.0e-10,64
VQE_reduced_surrogate,73002,5194,1,0.0001220703125,1204.3435187499974,1180.2975999999994,not_in_gurobi_pool,,0001110001100110110,00000000000001001,000111000110011011000000000000001001,128,8192,25,152,true,single,36,1.0e-10,64
VQE_reduced_surrogate,73002,5195,1,0.0001220703125,1204.361818749998,1180.3158999999998,not_in_gurobi_pool,,0110111000110110101,00000000000111000,011011100011011010100000000000111000,128,8192,25,152,true,single,36,1.0e-10,64
VQE_reduced_surrogate,73002,5040,1,0.0001220703125,1172.5686937499975,1180.5839999999996,not_in_gurobi_pool,,1100111001101000110,00000001000101111,110011100110100011000000001000101111,128,8192,25,152,true,single,36,1.0e-10,64
VQE_reduced_surrogate,73002,4988,1,0.0001220703125,1161.8957187500027,1180.5980999999995,not_in_gurobi_pool,,1000001011101010011,01000101000000101,100000101110101001101000101000000101,128,8192,25,152,true,single,36,1.0e-10,64
VQE_reduced_surrogate,73002,5141,1,0.0001220703125,1193.9779437500042,1180.6190999999997,not_in_gurobi_pool,,0000100001110111011,01100000010000000,000010000111011101101100000010000000,128,8192,25,152,true,single,36,1.0e-10,64
VQE_reduced_surrogate,73002,5142,1,0.0001220703125,1194.0033437499944,1180.6444999999997,not_in_gurobi_pool,,1101001001101001100,00000001000000000,110100100110100110000000001000000000,128,8192,25,152,true,single,36,1.0e-10,64
VQE_reduced_surrogate,73002,5090,1,0.0001220703125,1183.3307687500023,1180.6589999999997,not_in_gurobi_pool,,0010000001110111011,00100000010000000,001000000111011101100100000010000000,128,8192,25,152,true,single,36,1.0e-10,64
VQE_reduced_surrogate,73002,5041,1,0.0001220703125,1172.6510937499975,1180.6663999999998,not_in_gurobi_pool,,0111101010111001010,00000000000100110,011110101011100101000000000000100110,128,8192,25,152,true,single,36,1.0e-10,64
VQE_reduced_surrogate,73002,5042,1,0.0001220703125,1172.6510937499918,1180.6663999999998,not_in_gurobi_pool,,0111001110111001011,00000000000100110,011100111011100101100000000000100110,128,8192,25,152,true,single,36,1.0e-10,64
VQE_reduced_surrogate,73002,5197,1,0.0001220703125,1204.7928187499945,1180.7468999999999,not_in_gurobi_pool,,0110111000110101101,00000000000111000,011011100011010110100000000000111000,128,8192,25,152,true,single,36,1.0e-10,64
VQE_reduced_surrogate,73002,4989,1,0.0001220703125,1162.0706187499936,1180.7729999999997,not_in_gurobi_pool,,0010110010011111110,00000100011100000,001011001001111111000000100011100000,128,8192,25,152,true,single,36,1.0e-10,64
VQE_reduced_surrogate,73002,5091,1,0.0001220703125,1183.4817687500026,1180.8099999999997,not_in_gurobi_pool,,0010011010101100111,00000100000101011,001001101010110011100000100000101011,128,8192,25,152,true,single,36,1.0e-10,64
VQE_reduced_surrogate,73002,5043,1,0.0001220703125,1173.2086937499973,1181.2239999999995,not_in_gurobi_pool,,1100100111100100100,00100000010000000,110010011110010010000100000010000000,128,8192,25,152,true,single,36,1.0e-10,64
VQE_reduced_surrogate,73002,4992,1,0.0001220703125,1162.6226187500092,1181.3249999999996,not_in_gurobi_pool,,1100010111101010101,00000000010101000,110001011110101010100000000010101000,128,8192,25,152,true,single,36,1.0e-10,64
VQE_reduced_surrogate,73002,5145,1,0.0001220703125,1194.7642437499896,1181.4053999999996,not_in_gurobi_pool,,0111111110111101011,00000000000111010,011111111011110101100000000000111010,128,8192,25,152,true,single,36,1.0e-10,64
VQE_reduced_surrogate,73002,5146,1,0.0001220703125,1194.8083437500059,1181.4494999999997,not_in_gurobi_pool,,0011000111010101000,10100100010000000,001100011101010100010100100010000000,128,8192,25,152,true,single,36,1.0e-10,64
VQE_reduced_surrogate,73002,5093,1,0.0001220703125,1184.2972687500012,1181.6254999999996,not_in_gurobi_pool,,0101011001001001111,00000101100100110,010101100100100111100000101100100110,128,8192,25,152,true,single,36,1.0e-10,64
VQE_reduced_surrogate,73002,5253,1,0.0001220703125,1216.4118937500034,1181.6788999999999,not_in_gurobi_pool,,0110111110100110111,00000000000111001,011011111010011011100000000000111001,128,8192,25,152,true,single,36,1.0e-10,64
VQE_reduced_surrogate,73002,4993,1,0.0001220703125,1163.0536187499997,1181.7559999999996,not_in_gurobi_pool,,1100110111101001100,00000000010101000,110011011110100110000000000010101000,128,8192,25,152,true,single,36,1.0e-10,64
VQE_reduced_surrogate,73002,5047,1,0.0001220703125,1173.8730937499959,1181.8883999999994,not_in_gurobi_pool,,1111100001110001100,00100000000100000,111110000111000110000100000000100000,128,8192,25,152,true,single,36,1.0e-10,64
VQE_reduced_surrogate,73002,5049,1,0.0001220703125,1174.066593750001,1182.0818999999995,not_in_gurobi_pool,,0110100010111011101,00100000010100000,011010001011101110100100000010100000,128,8192,25,152,true,single,36,1.0e-10,64
VQE_reduced_surrogate,73002,5148,1,0.0001220703125,1195.5298437499964,1182.1709999999994,not_in_gurobi_pool,,0100101010101011110,00000001000000100,010010101010101111000000001000000100,128,8192,25,152,true,single,36,1.0e-10,64
VQE_reduced_surrogate,73002,5097,1,0.0001220703125,1185.005668750004,1182.3338999999996,not_in_gurobi_pool,,0110101111101010000,10000000000100000,011010111110101000010000000000100000,128,8192,25,152,true,single,36,1.0e-10,64
VQE_reduced_surrogate,73002,5098,1,0.0001220703125,1185.049268749996,1182.3774999999994,not_in_gurobi_pool,,0011110111001011101,00000100010100000,001111011100101110100000100010100000,128,8192,25,152,true,single,36,1.0e-10,64
VQE_reduced_surrogate,73002,5202,1,0.0001220703125,1206.7344187499928,1182.6884999999995,not_in_gurobi_pool,,1101100001110011100,00100000000000000,110110000111001110000100000000000000,128,8192,25,152,true,single,36,1.0e-10,64
VQE_reduced_surrogate,73002,5203,1,0.0001220703125,1206.7344187499946,1182.6884999999995,not_in_gurobi_pool,,1101000001110011101,00100000000000000,110100000111001110100100000000000000,128,8192,25,152,true,single,36,1.0e-10,64
VQE_reduced_surrogate,73002,5099,1,0.0001220703125,1185.3667687500058,1182.6949999999997,not_in_gurobi_pool,,1100111001101011111,00000001000101100,110011100110101111100000001000101100,128,8192,25,152,true,single,36,1.0e-10,64
VQE_reduced_surrogate,73002,4945,1,0.0001220703125,1153.331543749987,1182.7209999999998,not_in_gurobi_pool,,1100111110010111111,00000101110100000,110011111001011111100000101110100000,128,8192,25,152,true,single,36,1.0e-10,64
VQE_reduced_surrogate,73002,5151,1,0.0001220703125,1196.17024375001,1182.8114,not_in_gurobi_pool,,0111110111010101011,00000000010110010,011111011101010101100000000010110010,128,8192,25,152,true,single,36,1.0e-10,64
VQE_reduced_surrogate,73002,5052,1,0.0001220703125,1174.8646937499857,1182.8799999999997,not_in_gurobi_pool,,0100001100111111110,00000001000000000,010000110011111111000000001000000000,128,8192,25,152,true,single,36,1.0e-10,64
VQE_reduced_surrogate,73002,5204,1,0.0001220703125,1207.022418749992,1182.9764999999993,not_in_gurobi_pool,,0011100110110110110,00100000000000001,001110011011011011000100000000000001,128,8192,25,152,true,single,36,1.0e-10,64
VQE_reduced_surrogate,73002,5102,1,0.0001220703125,1185.7167687499998,1183.0449999999994,not_in_gurobi_pool,,0100110011000110110,00000001011100001,010011001100011011000000001011100001,128,8192,25,152,true,single,36,1.0e-10,64
VQE_reduced_surrogate,73002,5152,1,0.0001220703125,1196.4133437500032,1183.0544999999997,not_in_gurobi_pool,,1101111011001010100,00000101100100000,110111101100101010000000101100100000,128,8192,25,152,true,single,36,1.0e-10,64
VQE_reduced_surrogate,73002,5153,1,0.0001220703125,1196.482343750006,1183.1234999999997,not_in_gurobi_pool,,1101000111110101011,00100000000000010,110100011111010101100100000000000010,128,8192,25,152,true,single,36,1.0e-10,64
VQE_reduced_surrogate,73002,5154,1,0.0001220703125,1196.493343749993,1183.1344999999997,not_in_gurobi_pool,,1011100011111101010,00100000000000010,101110001111110101000100000000000010,128,8192,25,152,true,single,36,1.0e-10,64
VQE_reduced_surrogate,73002,4946,1,0.0001220703125,1154.0075437499959,1183.3969999999995,not_in_gurobi_pool,,0100010011110100001,10000000010101000,010001001111010000110000000010101000,128,8192,25,152,true,single,36,1.0e-10,64
VQE_reduced_surrogate,73002,5054,1,0.0001220703125,1175.3915937500012,1183.4068999999995,not_in_gurobi_pool,,1110100001110110110,00100000010100001,111010000111011011000100000010100001,128,8192,25,152,true,single,36,1.0e-10,64
VQE_reduced_surrogate,73002,5156,1,0.0001220703125,1196.766343749985,1183.4074999999996,not_in_gurobi_pool,,0011110010111101110,00000000000101010,001111001011110111000000000000101010,128,8192,25,152,true,single,36,1.0e-10,64
VQE_reduced_surrogate,73002,4998,1,0.0001220703125,1164.734518750007,1183.4368999999995,not_in_gurobi_pool,,0110010111111100000,10000000010111000,011001011111110000010000000010111000,128,8192,25,152,true,single,36,1.0e-10,64
VQE_reduced_surrogate,73002,5157,1,0.0001220703125,1196.8519437500004,1183.4930999999997,not_in_gurobi_pool,,0000011001101001100,01000101000001000,000001100110100110001000101000001000,128,8192,25,152,true,single,36,1.0e-10,64
VQE_reduced_surrogate,73002,5158,1,0.0001220703125,1196.8553437499988,1183.4964999999997,not_in_gurobi_pool,,1011011111001001100,00000111000100000,101101111100100110000000111000100000,128,8192,25,152,true,single,36,1.0e-10,64
VQE_reduced_surrogate,73002,5208,1,0.0001220703125,1207.5544187499952,1183.5084999999995,not_in_gurobi_pool,,0011000010110011111,00100000000000100,001100001011001111100100000000000100,128,8192,25,152,true,single,36,1.0e-10,64
VQE_reduced_surrogate,73002,5000,1,0.0001220703125,1164.8672187500022,1183.5695999999996,not_in_gurobi_pool,,0001100111000101110,00100101010000010,000110011100010111000100101010000010,128,8192,25,152,true,single,36,1.0e-10,64
VQE_reduced_surrogate,73002,5055,1,0.0001220703125,1175.5542937500006,1183.5695999999998,not_in_gurobi_pool,,0001110011000101110,00000101010000010,000111001100010111000000101010000010,128,8192,25,152,true,single,36,1.0e-10,64
VQE_reduced_surrogate,73002,5056,1,0.0001220703125,1175.5725937499965,1183.5878999999998,not_in_gurobi_pool,,0110011110011101101,00000101010110000,011001111001110110100000101010110000,128,8192,25,152,true,single,36,1.0e-10,64
VQE_reduced_surrogate,73002,5057,1,0.0001220703125,1175.611693749992,1183.6269999999997,not_in_gurobi_pool,,0100001011101010011,00000001000000101,010000101110101001100000001000000101,128,8192,25,152,true,single,36,1.0e-10,64
VQE_reduced_surrogate,73002,5058,1,0.0001220703125,1175.6226937499982,1183.6379999999997,not_in_gurobi_pool,,0010001011101010011,00000100000000101,001000101110101001100000100000000101,128,8192,25,152,true,single,36,1.0e-10,64
VQE_reduced_surrogate,73002,5160,1,0.0001220703125,1197.3813437499969,1184.0224999999998,not_in_gurobi_pool,,1101101010110101100,00000001000000000,110110101011010110000000001000000000,128,8192,25,152,true,single,36,1.0e-10,64
VQE_reduced_surrogate,73002,5005,1,0.0001220703125,1165.4706187499908,1184.1729999999995,not_in_gurobi_pool,,1100011001010011100,00000101110100000,110001100101001110000000101110100000,128,8192,25,152,true,single,36,1.0e-10,64
VQE_reduced_surrogate,73002,5106,1,0.0001220703125,1187.128268750004,1184.4564999999996,not_in_gurobi_pool,,0011011101100100111,00000100000101011,001101110110010011100000100000101011,128,8192,25,152,true,single,36,1.0e-10,64
VQE_reduced_surrogate,73002,5061,1,0.0001220703125,1176.9491937500006,1184.9644999999996,not_in_gurobi_pool,,0011110011110010011,00000000000101101,001111001111001001100000000000101101,128,8192,25,152,true,single,36,1.0e-10,64
VQE_reduced_surrogate,73002,5062,1,0.0001220703125,1176.988693750009,1185.004,not_in_gurobi_pool,,1100111011000110111,00000101110100001,110011101100011011100000101110100001,128,8192,25,152,true,single,36,1.0e-10,64
VQE_reduced_surrogate,73002,5114,1,0.0001220703125,1188.7447687499732,1186.0729999999999,not_in_gurobi_pool,,1100101110111111110,00000001000000000,110010111011111111000000001000000000,128,8192,25,152,true,single,36,1.0e-10,64
VQE_reduced_surrogate,73002,5119,1,0.0001220703125,1189.3997687500005,1186.7279999999996,not_in_gurobi_pool,,1100101011111011000,10000001000000000,110010101111101100010000001000000000,128,8192,25,152,true,single,36,1.0e-10,64
VQE_reduced_surrogate,73002,5120,1,0.0001220703125,1189.672768749999,1187.0009999999995,not_in_gurobi_pool,,0100011110110011100,00000001000101000,010001111011001110000000001000101000,128,8192,25,152,true,single,36,1.0e-10,64
VQE_reduced_surrogate,73002,5121,1,0.0001220703125,1189.7847687500027,1187.1129999999996,not_in_gurobi_pool,,0010001111000101100,00000111010000000,001000111100010110000000111010000000,128,8192,25,152,true,single,36,1.0e-10,64
VQE_reduced_surrogate,73002,5174,1,0.0001220703125,1200.5643437500103,1187.2054999999993,not_in_gurobi_pool,,0011001001011101100,00000111000000000,001100100101110110000000111000000000,128,8192,25,152,true,single,36,1.0e-10,64
VQE_reduced_surrogate,73002,5122,1,0.0001220703125,1190.2882687499987,1187.6164999999994,not_in_gurobi_pool,,0101011110110001110,00000001000101110,010101111011000111000000001000101110,128,8192,25,152,true,single,36,1.0e-10,64
VQE_reduced_surrogate,73002,5020,1,0.0001220703125,1169.216618749996,1187.9189999999996,not_in_gurobi_pool,,1100010011110001100,00000000010101000,110001001111000110000000000010101000,128,8192,25,152,true,single,36,1.0e-10,64
VQE_reduced_surrogate,73002,5277,1,0.0001220703125,1223.0058937499869,1188.2729,not_in_gurobi_pool,,0110111110110101110,00000000000111010,011011111011010111000000000000111010,128,8192,25,152,true,single,36,1.0e-10,64
VQE_reduced_surrogate,73002,5180,1,0.0001220703125,1201.725343749985,1188.3664999999996,not_in_gurobi_pool,,0011101010111101110,00000100000000010,001110101011110111000000100000000010,128,8192,25,152,true,single,36,1.0e-10,64
VQE_reduced_surrogate,73002,5026,1,0.0001220703125,1170.1856187500025,1188.8879999999995,not_in_gurobi_pool,,0100111011111001001,10000001000101000,010011101111100100110000001000101000,128,8192,25,152,true,single,36,1.0e-10,64
VQE_reduced_surrogate,73002,5028,1,0.0001220703125,1171.0457187500042,1189.7480999999996,not_in_gurobi_pool,,0000001111100000110,01000101000000111,000000111110000011001000101000000111,128,8192,25,152,true,single,36,1.0e-10,64
VQE_reduced_surrogate,73002,5132,1,0.0001220703125,1192.7982687499882,1190.1264999999996,not_in_gurobi_pool,,0011111101110110101,00000100000101000,001111110111011010100000100000101000,128,8192,25,152,true,single,36,1.0e-10,64
VQE_reduced_surrogate,73002,5191,1,0.0001220703125,1203.5949437499978,1190.2360999999996,not_in_gurobi_pool,,1000001011010101100,01000111110000000,100000101101010110001000111110000000,128,8192,25,152,true,single,36,1.0e-10,64
VQE_reduced_surrogate,73002,5192,1,0.0001220703125,1203.8473437500024,1190.4884999999995,not_in_gurobi_pool,,1101111011011011101,00000101100100000,110111101101101110100000101100100000,128,8192,25,152,true,single,36,1.0e-10,64
VQE_reduced_surrogate,73002,5138,1,0.0001220703125,1193.2802687499964,1190.6084999999996,not_in_gurobi_pool,,0101111001110100110,00000001000101011,010111100111010011000000001000101011,128,8192,25,152,true,single,36,1.0e-10,64
VQE_reduced_surrogate,73002,5139,1,0.0001220703125,1193.293268749998,1190.6214999999993,not_in_gurobi_pool,,0011010111111010101,00000000000101000,001101011111101010100000000000101000,128,8192,25,152,true,single,36,1.0e-10,64
VQE_reduced_surrogate,73002,5199,1,0.0001220703125,1205.0889437499918,1191.7300999999995,not_in_gurobi_pool,,0000110111111011100,01000000010001000,000011011111101110001000000010001000,128,8192,25,152,true,single,36,1.0e-10,64
VQE_reduced_surrogate,73002,5094,1,0.0001220703125,1184.330693750001,1192.3459999999998,not_in_gurobi_pool,,1100111011111100101,00000001000101000,110011101111110010100000001000101000,128,8192,25,152,true,single,36,1.0e-10,64
VQE_reduced_surrogate,73002,5150,1,0.0001220703125,1196.1611687500026,1193.4894,not_in_gurobi_pool,,0111111111011100111,00000101000110011,011111111101110011100000101000110011,128,8192,25,152,true,single,36,1.0e-10,64
VQE_reduced_surrogate,73002,5101,1,0.0001220703125,1185.6636937500066,1193.6789999999994,not_in_gurobi_pool,,1100111011111100111,00000001000101011,110011101111110011100000001000101011,128,8192,25,152,true,single,36,1.0e-10,64
VQE_reduced_surrogate,73002,5159,1,0.0001220703125,1196.878668750003,1194.2068999999997,not_in_gurobi_pool,,0110111111010110110,00000101010110001,011011111101011011000000101010110001,128,8192,25,152,true,single,36,1.0e-10,64
VQE_reduced_surrogate,73002,5262,1,0.0001220703125,1218.3464187499958,1194.3004999999998,not_in_gurobi_pool,,0011001111011110110,00000111000000001,001100111101111011000000111000000001,128,8192,25,152,true,single,36,1.0e-10,64
VQE_reduced_surrogate,73002,5103,1,0.0001220703125,1186.318193749996,1194.3334999999995,not_in_gurobi_pool,,1101111111110001110,00000001000101110,110111111111000111000000001000101110,128,8192,25,152,true,single,36,1.0e-10,64
VQE_reduced_surrogate,73002,5002,1,0.0001220703125,1165.223143749977,1194.6125999999997,not_in_gurobi_pool,,1001101111111110110,00000101000000001,100110111111111011000000101000000001,128,8192,25,152,true,single,36,1.0e-10,64
VQE_reduced_surrogate,73002,5161,1,0.0001220703125,1197.7227687499967,1195.0509999999995,not_in_gurobi_pool,,1100101011111011111,00000001000000100,110010101111101111100000001000000100,128,8192,25,152,true,single,36,1.0e-10,64
VQE_reduced_surrogate,73002,5163,1,0.0001220703125,1198.857768749988,1196.1859999999995,not_in_gurobi_pool,,0100101111111110100,00000001000000000,010010111111111010000000001000000000,128,8192,25,152,true,single,36,1.0e-10,64
VQE_reduced_surrogate,73002,5171,1,0.0001220703125,1199.5852687499864,1196.9134999999994,not_in_gurobi_pool,,0011101111111010110,00000100000000101,001110111111101011000000100000000101,128,8192,25,152,true,single,36,1.0e-10,64
VQE_reduced_surrogate,73002,5190,1,0.0001220703125,1203.5544687499885,1200.8826999999999,not_in_gurobi_pool,,0111010100000100001,10010000010110000,011101010000010000110010000010110000,128,8192,25,152,true,single,36,1.0e-10,64
VQE_reduced_surrogate,73002,5250,1,0.0001220703125,1215.61354375,1202.2546999999997,not_in_gurobi_pool,,0111110000001011000,10010000010110000,011111000000101100010010000010110000,128,8192,25,152,true,single,36,1.0e-10,64
VQE_reduced_surrogate,73002,5095,1,0.0001220703125,1184.4809187500023,1203.1832999999997,not_in_gurobi_pool,,1100110100100111001,10000000010101000,110011010010011100110000000010101000,128,8192,25,152,true,single,36,1.0e-10,64
VQE_reduced_surrogate,73002,5096,1,0.0001220703125,1184.4809187500005,1203.1832999999997,not_in_gurobi_pool,,1100110100100111000,10000000010101000,110011010010011100010000000010101000,128,8192,25,152,true,single,36,1.0e-10,64
VQE_reduced_surrogate,73002,5207,1,0.0001220703125,1207.4620687499958,1204.7902999999997,not_in_gurobi_pool,,1100101000000111001,10010101110000000,110010100000011100110010101110000000,128,8192,25,152,true,single,36,1.0e-10,64
VQE_reduced_surrogate,73002,5260,1,0.0001220703125,1218.23154375,1204.8726999999994,not_in_gurobi_pool,,1111010100001100100,00010000010110000,111101010000110010000010000010110000,128,8192,25,152,true,single,36,1.0e-10,64
VQE_reduced_surrogate,73002,5264,1,0.0001220703125,1219.5025437500035,1206.1436999999996,not_in_gurobi_pool,,1111110100000101101,00010000010110000,111111010000010110100010000010110000,128,8192,25,152,true,single,36,1.0e-10,64
VQE_reduced_surrogate,73002,5265,1,0.0001220703125,1219.5132437500083,1206.1543999999994,not_in_gurobi_pool,,0000110100100111000,11000000010001000,000011010010011100011000000010001000,128,8192,25,152,true,single,36,1.0e-10,64
VQE_reduced_surrogate,73002,5218,1,0.0001220703125,1209.0084687499852,1206.3366999999996,not_in_gurobi_pool,,0111000110001000000,10101000010100000,011100011000100000010101000010100000,128,8192,25,152,true,single,36,1.0e-10,64
VQE_reduced_surrogate,73002,5111,1,0.0001220703125,1187.7053187499992,1206.4076999999995,not_in_gurobi_pool,,0111100100100110011,00100000000100001,011110010010011001100100000000100001,128,8192,25,152,true,single,36,1.0e-10,64
VQE_reduced_surrogate,73002,5164,1,0.0001220703125,1199.060393749996,1207.0756999999999,not_in_gurobi_pool,,0111010110000100000,10000000010110000,011101011000010000010000000010110000,128,8192,25,152,true,single,36,1.0e-10,64
VQE_reduced_surrogate,73002,5220,1,0.0001220703125,1209.8184687499931,1207.1466999999996,not_in_gurobi_pool,,0111010000011010000,10010000010110000,011101000001101000010010000010110000,128,8192,25,152,true,single,36,1.0e-10,64
VQE_reduced_surrogate,73002,5166,1,0.0001220703125,1199.1613937499965,1207.1766999999995,not_in_gurobi_pool,,0111010110001010000,10000000010110000,011101011000101000010000000010110000,128,8192,25,152,true,single,36,1.0e-10,64
VQE_reduced_surrogate,73002,5115,1,0.0001220703125,1188.78331874999,1207.4856999999995,not_in_gurobi_pool,,1111010000101000101,00000000000111000,111101000010100010100000000000111000,128,8192,25,152,true,single,36,1.0e-10,64
VQE_reduced_surrogate,73002,5116,1,0.0001220703125,1188.8538187499996,1207.5561999999998,not_in_gurobi_pool,,0110100100100111011,00100000010100000,011010010010011101100100000010100000,128,8192,25,152,true,single,36,1.0e-10,64
VQE_reduced_surrogate,73002,5118,1,0.0001220703125,1189.2573187500004,1207.9596999999997,not_in_gurobi_pool,,1111100010101001000,10100000000100000,111110001010100100010100000000100000,128,8192,25,152,true,single,36,1.0e-10,64
VQE_reduced_surrogate,73002,5068,1,0.0001220703125,1178.8584437500074,1208.2478999999996,not_in_gurobi_pool,,1001100000000111111,00110101010000000,100110000000011111100110101010000000,128,8192,25,152,true,single,36,1.0e-10,64
VQE_reduced_surrogate,73002,5224,1,0.0001220703125,1211.0764687500127,1208.4046999999996,not_in_gurobi_pool,,0111100100000001100,00110000010100000,011110010000000110000110000010100000,128,8192,25,152,true,single,36,1.0e-10,64
VQE_reduced_surrogate,73002,5273,1,0.0001220703125,1221.776543750004,1208.4176999999997,not_in_gurobi_pool,,0111110100011011000,10010000010110000,011111010001101100010010000010110000,128,8192,25,152,true,single,36,1.0e-10,64
VQE_reduced_surrogate,73002,5225,1,0.0001220703125,1211.126468749987,1208.4546999999995,not_in_gurobi_pool,,0111001100101000001,10001000000100000,011100110010100000110001000000100000,128,8192,25,152,true,single,36,1.0e-10,64
VQE_reduced_surrogate,73002,5124,1,0.0001220703125,1190.33231875,1209.0346999999995,not_in_gurobi_pool,,1111011110000100001,10000101000110000,111101111000010000110000101000110000,128,8192,25,152,true,single,36,1.0e-10,64
VQE_reduced_surrogate,73002,5176,1,0.0001220703125,1201.090393749997,1209.1056999999996,not_in_gurobi_pool,,1111011100011010000,10010101000110000,111101110001101000010010101000110000,128,8192,25,152,true,single,36,1.0e-10,64
VQE_reduced_surrogate,73002,5230,1,0.0001220703125,1211.9204687500048,1209.2486999999996,not_in_gurobi_pool,,0111010110001110011,00000000010110001,011101011000111001100000000010110001,128,8192,25,152,true,single,36,1.0e-10,64
VQE_reduced_surrogate,73002,5178,1,0.0001220703125,1201.585393750004,1209.6006999999997,not_in_gurobi_pool,,1111100110100110011,00100000000100001,111110011010011001100100000000100001,128,8192,25,152,true,single,36,1.0e-10,64
VQE_reduced_surrogate,73002,5126,1,0.0001220703125,1190.9563187499982,1209.6586999999995,not_in_gurobi_pool,,1111100100101010110,00100000000100101,111110010010101011000100000000100101,128,8192,25,152,true,single,36,1.0e-10,64
VQE_reduced_surrogate,73002,5233,1,0.0001220703125,1212.5164687499982,1209.8446999999996,not_in_gurobi_pool,,1111111000011110000,10010101000110000,111111100001111000010010101000110000,128,8192,25,152,true,single,36,1.0e-10,64
VQE_reduced_surrogate,73002,5183,1,0.0001220703125,1202.0163937499995,1210.0316999999998,not_in_gurobi_pool,,1111100110100101011,00100000000100010,111110011010010101100100000000100010,128,8192,25,152,true,single,36,1.0e-10,64
VQE_reduced_surrogate,73002,5075,1,0.0001220703125,1181.0082437499982,1210.3976999999998,not_in_gurobi_pool,,0111000100111100001,10100000000100000,011100010011110000110100000000100000,128,8192,25,152,true,single,36,1.0e-10,64
VQE_reduced_surrogate,73002,5078,1,0.0001220703125,1181.1092437499974,1210.4986999999994,not_in_gurobi_pool,,0111000100111010000,10100000000100000,011100010011101000010100000000100000,128,8192,25,152,true,single,36,1.0e-10,64
VQE_reduced_surrogate,73002,5079,1,0.0001220703125,1181.109243749991,1210.4986999999994,not_in_gurobi_pool,,0111000100111010001,10100000000100000,011100010011101000110100000000100000,128,8192,25,152,true,single,36,1.0e-10,64
VQE_reduced_surrogate,73002,5130,1,0.0001220703125,1191.7963187499975,1210.4986999999996,not_in_gurobi_pool,,0111010100111010000,10000000000111000,011101010011101000010000000000111000,128,8192,25,152,true,single,36,1.0e-10,64
VQE_reduced_surrogate,73002,5185,1,0.0001220703125,1202.6853937499836,1210.7006999999999,not_in_gurobi_pool,,0111010101000010000,10000000010110000,011101010100001000010000000010110000,128,8192,25,152,true,single,36,1.0e-10,64
VQE_reduced_surrogate,73002,5081,1,0.0001220703125,1181.5402437499956,1210.9296999999995,not_in_gurobi_pool,,0111000100111001001,10100000000100000,011100010011100100110100000000100000,128,8192,25,152,true,single,36,1.0e-10,64
VQE_reduced_surrogate,73002,5239,1,0.0001220703125,1213.9374687499837,1211.2656999999995,not_in_gurobi_pool,,0111001000011000001,10011101000100000,011100100001100000110011101000100000,128,8192,25,152,true,single,36,1.0e-10,64
VQE_reduced_surrogate,73002,5136,1,0.0001220703125,1193.0583187499942,1211.7606999999994,not_in_gurobi_pool,,0111100110101100011,00100000000100011,011110011010110001100100000000100011,128,8192,25,152,true,single,36,1.0e-10,64
VQE_reduced_surrogate,73002,5137,1,0.0001220703125,1193.1593187499907,1211.8616999999995,not_in_gurobi_pool,,0111100110101010011,00100000000100101,011110011010101001100100000000100101,128,8192,25,152,true,single,36,1.0e-10,64
VQE_reduced_surrogate,73002,5334,1,0.0001220703125,1236.465718750002,1212.4197999999997,not_in_gurobi_pool,,1011001000010111011,00010111000000000,101100100001011101100010111000000000,128,8192,25,152,true,single,36,1.0e-10,64
VQE_reduced_surrogate,73002,5248,1,0.0001220703125,1215.118168750005,1212.4463999999994,not_in_gurobi_pool,,0000111000100111010,01000101000001000,000011100010011101001000101000001000,128,8192,25,152,true,single,36,1.0e-10,64
VQE_reduced_surrogate,73002,5196,1,0.0001220703125,1204.555393750002,1212.5706999999998,not_in_gurobi_pool,,0111110000110110011,00000000000111001,011111000011011001100000000000111001,128,8192,25,152,true,single,36,1.0e-10,64
VQE_reduced_surrogate,73002,5198,1,0.0001220703125,1204.9173937500086,1212.9326999999998,not_in_gurobi_pool,,0111101100001010100,00010101000100000,011110110000101010000010101000100000,128,8192,25,152,true,single,36,1.0e-10,64
VQE_reduced_surrogate,73002,5143,1,0.0001220703125,1194.299318749998,1213.0016999999996,not_in_gurobi_pool,,0111000100111101011,00100000000100010,011100010011110101100100000000100010,128,8192,25,152,true,single,36,1.0e-10,64
VQE_reduced_surrogate,73002,5292,1,0.0001220703125,1226.571543749992,1213.2126999999994,not_in_gurobi_pool,,0111110101101000001,10001000000111000,011111010110100000110001000000111000,128,8192,25,152,true,single,36,1.0e-10,64
VQE_reduced_surrogate,73002,5144,1,0.0001220703125,1194.6243187500038,1213.3266999999994,not_in_gurobi_pool,,0111100010001000100,00100000010100000,011110001000100010000100000010100000,128,8192,25,152,true,single,36,1.0e-10,64
VQE_reduced_surrogate,73002,5092,1,0.0001220703125,1184.079243749988,1213.4686999999997,not_in_gurobi_pool,,0111001010001010011,00000101000100101,011100101000101001100000101000100101,128,8192,25,152,true,single,36,1.0e-10,64
VQE_reduced_surrogate,73002,5254,1,0.0001220703125,1216.4715687500004,1213.7997999999995,not_in_gurobi_pool,,0011010100100101110,00000000000101010,001101010010010111000000000000101010,128,8192,25,152,true,single,36,1.0e-10,64
VQE_reduced_surrogate,73002,5149,1,0.0001220703125,1196.029318749999,1214.7316999999998,not_in_gurobi_pool,,1111001001000110011,00000101000100001,111100100100011001100000101000100001,128,8192,25,152,true,single,36,1.0e-10,64
VQE_reduced_surrogate,73002,5206,1,0.0001220703125,1207.3014937500002,1215.3167999999996,not_in_gurobi_pool,,1101111000100110110,00000001000101001,110111100010011011000000001000101001,128,8192,25,152,true,single,36,1.0e-10,64
VQE_reduced_surrogate,73002,5259,1,0.0001220703125,1218.1980687500031,1215.5262999999995,not_in_gurobi_pool,,1100100010101101100,00100000010000000,110010001010110110000100000010000000,128,8192,25,152,true,single,36,1.0e-10,64
VQE_reduced_surrogate,73002,5209,1,0.0001220703125,1207.748393750003,1215.7636999999997,not_in_gurobi_pool,,1111100010110110011,00100000000100001,111110001011011001100100000000100001,128,8192,25,152,true,single,36,1.0e-10,64
VQE_reduced_surrogate,73002,5210,1,0.0001220703125,1207.8733937499967,1215.8886999999995,not_in_gurobi_pool,,1111101000101011111,00000000000100100,111110100010101111100000000000100100,128,8192,25,152,true,single,36,1.0e-10,64
VQE_reduced_surrogate,73002,5263,1,0.0001220703125,1218.6224687499946,1215.9506999999996,not_in_gurobi_pool,,0111001100110000010,00001000000100111,011100110011000001000001000000100111,128,8192,25,152,true,single,36,1.0e-10,64
VQE_reduced_surrogate,73002,5211,1,0.0001220703125,1208.168393750011,1216.1836999999994,not_in_gurobi_pool,,0111101000100100100,00000000000100000,011110100010010010000000000000100000,128,8192,25,152,true,single,36,1.0e-10,64
VQE_reduced_surrogate,73002,5212,1,0.0001220703125,1208.1793937500004,1216.1946999999998,not_in_gurobi_pool,,1111100010110101011,00100000000100010,111110001011010101100100000000100010,128,8192,25,152,true,single,36,1.0e-10,64
VQE_reduced_surrogate,73002,5215,1,0.0001220703125,1208.4499937499977,1216.4653,not_in_gurobi_pool,,1100101000100111111,00000001000000000,110010100010011111100000001000000000,128,8192,25,152,true,single,36,1.0e-10,64
VQE_reduced_surrogate,73002,5345,1,0.0001220703125,1240.581118750008,1216.5351999999998,not_in_gurobi_pool,,0110101010100101000,10000000000100000,011010101010010100010000000000100000,128,8192,25,152,true,single,36,1.0e-10,64
VQE_reduced_surrogate,73002,5346,1,0.0001220703125,1240.5967187500003,1216.5507999999995,not_in_gurobi_pool,,1101100110100110110,00100000000000001,110110011010011011000100000000000001,128,8192,25,152,true,single,36,1.0e-10,64
VQE_reduced_surrogate,73002,5347,1,0.0001220703125,1240.6077187499957,1216.5617999999995,not_in_gurobi_pool,,1011100110100110110,00100000000000001,101110011010011011000100000000000001,128,8192,25,152,true,single,36,1.0e-10,64
VQE_reduced_surrogate,73002,5302,1,0.0001220703125,1229.9696437500133,1216.6107999999997,not_in_gurobi_pool,,0011000100010101110,00110100010000010,001100010001010111000110100010000010,128,8192,25,152,true,single,36,1.0e-10,64
VQE_reduced_surrogate,73002,5266,1,0.0001220703125,1219.5839687500047,1216.9121999999998,not_in_gurobi_pool,,1110110110110111010,00000000010111000,111011011011011101000000000010111000,128,8192,25,152,true,single,36,1.0e-10,64
VQE_reduced_surrogate,73002,5351,1,0.0001220703125,1241.0277187499912,1216.9817999999996,not_in_gurobi_pool,,1101100110101101110,00100000000000010,110110011010110111000100000000000010,128,8192,25,152,true,single,36,1.0e-10,64
VQE_reduced_surrogate,73002,5353,1,0.0001220703125,1241.3728187500005,1217.3268999999993,not_in_gurobi_pool,,0001110001100111011,00000000000001000,000111000110011101100000000000001000,128,8192,25,152,true,single,36,1.0e-10,64
VQE_reduced_surrogate,73002,5354,1,0.0001220703125,1241.403118750002,1217.3572000000001,not_in_gurobi_pool,,0110110000011111111,00010000011110000,011011000001111111100010000011110000,128,8192,25,152,true,single,36,1.0e-10,64
VQE_reduced_surrogate,73002,5267,1,0.0001220703125,1220.2025687500052,1217.5307999999995,not_in_gurobi_pool,,0011111010100110011,00000100000101001,001111101010011001100000100000101001,128,8192,25,152,true,single,36,1.0e-10,64
VQE_reduced_surrogate,73002,5219,1,0.0001220703125,1209.5624937499958,1217.5777999999998,not_in_gurobi_pool,,0101011000101010111,00000001000101101,010101100010101011100000001000101101,128,8192,25,152,true,single,36,1.0e-10,64
VQE_reduced_surrogate,73002,5268,1,0.0001220703125,1220.5119687500078,1217.8401999999994,not_in_gurobi_pool,,0110010010111011000,10000000010111000,011001001011101100010000000010111000,128,8192,25,152,true,single,36,1.0e-10,64
VQE_reduced_surrogate,73002,5168,1,0.0001220703125,1199.322318749991,1218.0246999999995,not_in_gurobi_pool,,0111000110111010011,00100000000100101,011100011011101001100100000000100101,128,8192,25,152,true,single,36,1.0e-10,64
VQE_reduced_surrogate,73002,5269,1,0.0001220703125,1220.898468750006,1218.2266999999995,not_in_gurobi_pool,,0111110011001010011,00000000010110101,011111001100101001100000000010110101,128,8192,25,152,true,single,36,1.0e-10,64
VQE_reduced_surrogate,73002,5169,1,0.0001220703125,1199.5509187500095,1218.2532999999994,not_in_gurobi_pool,,1100110111101101001,10000000010101000,110011011110110100110000000010101000,128,8192,25,152,true,single,36,1.0e-10,64
VQE_reduced_surrogate,73002,5172,1,0.0001220703125,1199.753318749991,1218.4556999999995,not_in_gurobi_pool,,0111000110111001011,00100000000100110,011100011011100101100100000000100110,128,8192,25,152,true,single,36,1.0e-10,64
VQE_reduced_surrogate,73002,5222,1,0.0001220703125,1210.5239937499996,1218.5393,not_in_gurobi_pool,,0100010110111111001,10000000010101000,010001011011111100110000000010101000,128,8192,25,152,true,single,36,1.0e-10,64
VQE_reduced_surrogate,73002,5223,1,0.0001220703125,1210.5239937500005,1218.5393,not_in_gurobi_pool,,0100010110111111000,10000000010101000,010001011011111100010000000010101000,128,8192,25,152,true,single,36,1.0e-10,64
VQE_reduced_surrogate,73002,5271,1,0.0001220703125,1221.2220687499937,1218.5502999999997,not_in_gurobi_pool,,0010100110111111001,10100000010000000,001010011011111100110100000010000000,128,8192,25,152,true,single,36,1.0e-10,64
VQE_reduced_surrogate,73002,5359,1,0.0001220703125,1242.7677187500083,1218.7217999999996,not_in_gurobi_pool,,0011000010100100110,00100000000000011,001100001010010011000100000000000011,128,8192,25,152,true,single,36,1.0e-10,64
VQE_reduced_surrogate,73002,5272,1,0.0001220703125,1221.4305687500087,1218.7587999999996,not_in_gurobi_pool,,0011001100100101110,00000100000000010,001100110010010111000000100000000010,128,8192,25,152,true,single,36,1.0e-10,64
VQE_reduced_surrogate,73002,5317,1,0.0001220703125,1232.17024375,1218.8113999999996,not_in_gurobi_pool,,0000111001000111010,01000111110000000,000011100100011101001000111110000000,128,8192,25,152,true,single,36,1.0e-10,64
VQE_reduced_surrogate,73002,5226,1,0.0001220703125,1211.1359937499967,1219.1512999999998,not_in_gurobi_pool,,1100010001101011101,00000000010101000,110001000110101110100000000010101000,128,8192,25,152,true,single,36,1.0e-10,64
VQE_reduced_surrogate,73002,5173,1,0.0001220703125,1200.452918750017,1219.1552999999994,not_in_gurobi_pool,,1100110011101110011,00000000010101001,110011001110111001100000000010101001,128,8192,25,152,true,single,36,1.0e-10,64
VQE_reduced_surrogate,73002,5227,1,0.0001220703125,1211.2279937499925,1219.2432999999994,not_in_gurobi_pool,,0100110011101000001,10001000010101000,010011001110100000110001000010101000,128,8192,25,152,true,single,36,1.0e-10,64
VQE_reduced_surrogate,73002,5229,1,0.0001220703125,1211.7033937500025,1219.7186999999997,not_in_gurobi_pool,,1111100001110101011,00100000000100010,111110000111010101100100000000100010,128,8192,25,152,true,single,36,1.0e-10,64
VQE_reduced_surrogate,73002,5274,1,0.0001220703125,1222.6251687499987,1219.9533999999994,not_in_gurobi_pool,,0000110011100100001,11000000010001000,000011001110010000111000000010001000,128,8192,25,152,true,single,36,1.0e-10,64
VQE_reduced_surrogate,73002,5323,1,0.0001220703125,1233.3416437499984,1219.9827999999995,not_in_gurobi_pool,,1101111011001101000,10000101100100000,110111101100110100010000101100100000,128,8192,25,152,true,single,36,1.0e-10,64
VQE_reduced_surrogate,73002,5275,1,0.0001220703125,1222.7260687500052,1220.0542999999998,not_in_gurobi_pool,,1100011110100110101,00000001000101000,110001111010011010100000001000101000,128,8192,25,152,true,single,36,1.0e-10,64
VQE_reduced_surrogate,73002,5276,1,0.0001220703125,1222.728468750002,1220.0566999999996,not_in_gurobi_pool,,1111010011011010000,10000000010110000,111101001101101000010000000010110000,128,8192,25,152,true,single,36,1.0e-10,64
VQE_reduced_surrogate,73002,5232,1,0.0001220703125,1212.2133937500016,1220.2286999999994,not_in_gurobi_pool,,0111000110010100101,00100000010100000,011100011001010010100100000010100000,128,8192,25,152,true,single,36,1.0e-10,64
VQE_reduced_surrogate,73002,5231,1,0.0001220703125,1212.2133937500046,1220.2287,not_in_gurobi_pool,,0111000010010100101,00100000010100000,011100001001010010100100000010100000,128,8192,25,152,true,single,36,1.0e-10,64
VQE_reduced_surrogate,73002,5324,1,0.0001220703125,1233.638643749996,1220.2798000000003,not_in_gurobi_pool,,0011101110011111000,10000111000000000,001110111001111100010000111000000000,128,8192,25,152,true,single,36,1.0e-10,64
VQE_reduced_surrogate,73002,5278,1,0.0001220703125,1223.0164687500067,1220.3446999999994,not_in_gurobi_pool,,0111111101100010011,00000000000111101,011111110110001001100000000000111101,128,8192,25,152,true,single,36,1.0e-10,64
VQE_reduced_surrogate,73002,5279,1,0.0001220703125,1223.0680687499976,1220.3962999999994,not_in_gurobi_pool,,1100100001110111010,00100000010000000,110010000111011101000100000010000000,128,8192,25,152,true,single,36,1.0e-10,64
VQE_reduced_surrogate,73002,5280,1,0.0001220703125,1223.100468749996,1220.4286999999997,not_in_gurobi_pool,,0111111000011010111,00010101000110101,011111100001101011100010101000110101,128,8192,25,152,true,single,36,1.0e-10,64
VQE_reduced_surrogate,73002,5282,1,0.0001220703125,1223.2905687499901,1220.6187999999997,not_in_gurobi_pool,,1011111110100101101,00000100000101000,101111111010010110100000100000101000,128,8192,25,152,true,single,36,1.0e-10,64
VQE_reduced_surrogate,73002,5234,1,0.0001220703125,1212.625093750002,1220.6403999999995,not_in_gurobi_pool,,0000100000110111111,01100000010000000,000010000011011111101100000010000000,128,8192,25,152,true,single,36,1.0e-10,64
VQE_reduced_surrogate,73002,5182,1,0.0001220703125,1201.9779187500026,1220.6803,not_in_gurobi_pool,,0010000100111111110,00100000010000000,001000010011111111000100000010000000,128,8192,25,152,true,single,36,1.0e-10,64
VQE_reduced_surrogate,73002,5366,1,0.0001220703125,1245.0597187499955,1221.0137999999995,not_in_gurobi_pool,,0011000001101010100,00100000000000000,001100000110101010000100000000000000,128,8192,25,152,true,single,36,1.0e-10,64
VQE_reduced_surrogate,73002,5284,1,0.0001220703125,1223.7169687500004,1221.0451999999998,not_in_gurobi_pool,,0110011000011110111,00010101010110001,011001100001111011100010101010110001,128,8192,25,152,true,single,36,1.0e-10,64
VQE_reduced_surrogate,73002,5235,1,0.0001220703125,1213.2799937499854,1221.2952999999995,not_in_gurobi_pool,,1100101100111111100,00000001000000000,110010110011111110000000001000000000,128,8192,25,152,true,single,36,1.0e-10,64
VQE_reduced_surrogate,73002,5131,1,0.0001220703125,1192.0378437499955,1221.4272999999996,not_in_gurobi_pool,,0010010011101010011,00000000010101101,001001001110101001100000000010101101,128,8192,25,152,true,single,36,1.0e-10,64
VQE_reduced_surrogate,73002,5330,1,0.0001220703125,1234.8036437499914,1221.4447999999998,not_in_gurobi_pool,,0011010001101001101,00000000000101000,001101000110100110100000000000101000,128,8192,25,152,true,single,36,1.0e-10,64
VQE_reduced_surrogate,73002,5237,1,0.0001220703125,1213.5463937499997,1221.5617,not_in_gurobi_pool,,0111000010010100111,00100000010100011,011100001001010011100100000010100011,128,8192,25,152,true,single,36,1.0e-10,64
VQE_reduced_surrogate,73002,5238,1,0.0001220703125,1213.6064937500103,1221.6217999999994,not_in_gurobi_pool,,0011011010111010000,10000100000101000,001101101011101000010000100000101000,128,8192,25,152,true,single,36,1.0e-10,64
VQE_reduced_surrogate,73002,5187,1,0.0001220703125,1203.155918750002,1221.8582999999994,not_in_gurobi_pool,,0010100011101001010,00100000010000110,001010001110100101000100000010000110,128,8192,25,152,true,single,36,1.0e-10,64
VQE_reduced_surrogate,73002,5188,1,0.0001220703125,1203.209518750005,1221.9118999999994,not_in_gurobi_pool,,1001101010100101110,00000101000000010,100110101010010111000000101000000010,128,8192,25,152,true,single,36,1.0e-10,64
VQE_reduced_surrogate,73002,5240,1,0.0001220703125,1213.9980937500027,1222.0133999999996,not_in_gurobi_pool,,1000011111101010000,11000101000001000,100001111110101000011000101000001000,128,8192,25,152,true,single,36,1.0e-10,64
VQE_reduced_surrogate,73002,5241,1,0.0001220703125,1214.0479937499977,1222.0632999999998,not_in_gurobi_pool,,0100010101111111000,10000000010101000,010001010111111100010000000010101000,128,8192,25,152,true,single,36,1.0e-10,64
VQE_reduced_surrogate,73002,5242,1,0.0001220703125,1214.058993750003,1222.0742999999998,not_in_gurobi_pool,,0010010101111111001,10000000010101000,001001010111111100110000000010101000,128,8192,25,152,true,single,36,1.0e-10,64
VQE_reduced_surrogate,73002,5189,1,0.0001220703125,1203.4624187500108,1222.1648,not_in_gurobi_pool,,1101111111101010000,10000001000101000,110111111110101000010000001000101000,128,8192,25,152,true,single,36,1.0e-10,64
VQE_reduced_surrogate,73002,5243,1,0.0001220703125,1214.3313937500016,1222.3466999999994,not_in_gurobi_pool,,0111001100110100101,00000000000100000,011100110011010010100000000000100000,128,8192,25,152,true,single,36,1.0e-10,64
VQE_reduced_surrogate,73002,5416,1,0.0001220703125,1257.0881937500053,1222.3551999999997,not_in_gurobi_pool,,0110111010101010101,00000000000111000,011011101010101010100000000000111000,128,8192,25,152,true,single,36,1.0e-10,64
VQE_reduced_surrogate,73002,5372,1,0.0001220703125,1246.5688187500061,1222.5228999999997,not_in_gurobi_pool,,0001111011000110001,10000111100000000,000111101100011000110000111100000000,128,8192,25,152,true,single,36,1.0e-10,64
VQE_reduced_surrogate,73002,5419,1,0.0001220703125,1257.5191937500051,1222.7861999999998,not_in_gurobi_pool,,0110011110100001100,00000000000111000,011001111010000110000000000000111000,128,8192,25,152,true,single,36,1.0e-10,64
VQE_reduced_surrogate,73002,5287,1,0.0001220703125,1225.5110687499887,1222.8392999999994,not_in_gurobi_pool,,1100011001101010100,00000001000101000,110001100110101010000000001000101000,128,8192,25,152,true,single,36,1.0e-10,64
VQE_reduced_surrogate,73002,5193,1,0.0001220703125,1204.1393187500007,1222.8416999999995,not_in_gurobi_pool,,0111100110111000100,00100000000100000,011110011011100010000100000000100000,128,8192,25,152,true,single,36,1.0e-10,64
VQE_reduced_surrogate,73002,5288,1,0.0001220703125,1225.6054687499957,1222.9337,not_in_gurobi_pool,,0111110010011011111,00000000010110100,011111001001101111100000000010110100,128,8192,25,152,true,single,36,1.0e-10,64
VQE_reduced_surrogate,73002,5246,1,0.0001220703125,1214.925393749997,1222.9406999999997,not_in_gurobi_pool,,0111111100110000110,00000000000111111,011111110011000011000000000000111111,128,8192,25,152,true,single,36,1.0e-10,64
VQE_reduced_surrogate,73002,5289,1,0.0001220703125,1225.6240687499953,1222.9522999999997,not_in_gurobi_pool,,0100000001101110110,00100000010000001,010000000110111011000100000010000001,128,8192,25,152,true,single,36,1.0e-10,64
VQE_reduced_surrogate,73002,5247,1,0.0001220703125,1214.9403937500015,1222.9556999999995,not_in_gurobi_pool,,0111100011011100001,10100000010100000,011110001101110000110100000010100000,128,8192,25,152,true,single,36,1.0e-10,64
VQE_reduced_surrogate,73002,5290,1,0.0001220703125,1225.9420687499905,1223.2702999999995,not_in_gurobi_pool,,1100011001101001100,00000001000101000,110001100110100110000000001000101000,128,8192,25,152,true,single,36,1.0e-10,64
VQE_reduced_surrogate,73002,5251,1,0.0001220703125,1215.6643937499944,1223.6796999999995,not_in_gurobi_pool,,0111001100111100111,00000000000100011,011100110011110011100000000000100011,128,8192,25,152,true,single,36,1.0e-10,64
VQE_reduced_surrogate,73002,5335,1,0.0001220703125,1237.1406437500023,1223.7817999999995,not_in_gurobi_pool,,0011001110101010110,00000100000000101,001100111010101011000000100000000101,128,8192,25,152,true,single,36,1.0e-10,64
VQE_reduced_surrogate,73002,5252,1,0.0001220703125,1215.790993749998,1223.8062999999995,not_in_gurobi_pool,,1100001011101001010,00000001000000110,110000101110100101000000001000000110,128,8192,25,152,true,single,36,1.0e-10,64
VQE_reduced_surrogate,73002,5336,1,0.0001220703125,1237.50364374999,1224.1448,not_in_gurobi_pool,,1101101101111111001,10000001000000000,110110110111111100110000001000000000,128,8192,25,152,true,single,36,1.0e-10,64
VQE_reduced_surrogate,73002,5293,1,0.0001220703125,1226.8975687499997,1224.2257999999997,not_in_gurobi_pool,,0011011010111011011,00000100000101100,001101101011101101100000100000101100,128,8192,25,152,true,single,36,1.0e-10,64
VQE_reduced_surrogate,73002,5377,1,0.0001220703125,1248.4267187500018,1224.3807999999997,not_in_gurobi_pool,,0101100110110110100,00100000000000000,010110011011011010000100000000000000,128,8192,25,152,true,single,36,1.0e-10,64
VQE_reduced_surrogate,73002,5200,1,0.0001220703125,1205.8149187500076,1224.5172999999995,not_in_gurobi_pool,,1100010111110011001,10000000010101000,110001011111001100110000000010101000,128,8192,25,152,true,single,36,1.0e-10,64
VQE_reduced_surrogate,73002,5337,1,0.0001220703125,1237.956743749995,1224.5978999999995,not_in_gurobi_pool,,1001010111101001100,00000000000001000,100101011110100110000000000000001000,128,8192,25,152,true,single,36,1.0e-10,64
VQE_reduced_surrogate,73002,5294,1,0.0001220703125,1227.5910687499957,1224.9192999999996,not_in_gurobi_pool,,0100111010100011111,00000001000101100,010011101010001111100000001000101100,128,8192,25,152,true,single,36,1.0e-10,64
VQE_reduced_surrogate,73002,5256,1,0.0001220703125,1216.9259937499974,1224.9412999999995,not_in_gurobi_pool,,0100101011100100000,10000001000000000,010010101110010000010000001000000000,128,8192,25,152,true,single,36,1.0e-10,64
VQE_reduced_surrogate,73002,5338,1,0.0001220703125,1238.3222437499965,1224.9633999999994,not_in_gurobi_pool,,0000010011001011100,01000101011000000,000001001100101110001000101011000000,128,8192,25,152,true,single,36,1.0e-10,64
VQE_reduced_surrogate,73002,5257,1,0.0001220703125,1217.0594937500052,1225.0747999999999,not_in_gurobi_pool,,0011101111100100000,10000100000000000,001110111110010000010000100000000000,128,8192,25,152,true,single,36,1.0e-10,64
VQE_reduced_surrogate,73002,5201,1,0.0001220703125,1206.4853187499998,1225.1876999999997,not_in_gurobi_pool,,0111001110010100101,00000101000100000,011100111001010010100000101000100000,128,8192,25,152,true,single,36,1.0e-10,64
VQE_reduced_surrogate,73002,5258,1,0.0001220703125,1217.602393750005,1225.6176999999996,not_in_gurobi_pool,,0111000101011001111,00100000010100110,011100010101100111100100000010100110,128,8192,25,152,true,single,36,1.0e-10,64
VQE_reduced_surrogate,73002,5339,1,0.0001220703125,1239.0736437500032,1225.7147999999995,not_in_gurobi_pool,,1101111011010110000,10000101100100000,110111101101011000010000101100100000,128,8192,25,152,true,single,36,1.0e-10,64
VQE_reduced_surrogate,73002,5295,1,0.0001220703125,1228.4530687499991,1225.7812999999996,not_in_gurobi_pool,,0100101111101110001,10000001000000000,010010111110111000110000001000000000,128,8192,25,152,true,single,36,1.0e-10,64
VQE_reduced_surrogate,73002,5205,1,0.0001220703125,1207.1589187500033,1225.8612999999996,not_in_gurobi_pool,,1010110011110011010,00000000010101100,101011001111001101000000000010101100,128,8192,25,152,true,single,36,1.0e-10,64
VQE_reduced_surrogate,73002,5261,1,0.0001220703125,1218.2524937500045,1226.2677999999994,not_in_gurobi_pool,,0101010111110100000,10000000000101000,010101011111010000010000000000101000,128,8192,25,152,true,single,36,1.0e-10,64
VQE_reduced_surrogate,73002,5441,1,0.0001220703125,1261.0431937499961,1226.3101999999997,not_in_gurobi_pool,,0110111001101001101,00000000000111000,011011100110100110100000000000111000,128,8192,25,152,true,single,36,1.0e-10,64
VQE_reduced_surrogate,73002,5442,1,0.0001220703125,1261.0431937499934,1226.3101999999997,not_in_gurobi_pool,,0110111001100001100,00000000000111000,011011100110000110000000000000111000,128,8192,25,152,true,single,36,1.0e-10,64
VQE_reduced_surrogate,73002,5299,1,0.0001220703125,1229.0295687499938,1226.3577999999993,not_in_gurobi_pool,,0011110111000101110,00000100010100010,001111011100010111000000100010100010,128,8192,25,152,true,single,36,1.0e-10,64
VQE_reduced_surrogate,73002,5343,1,0.0001220703125,1240.1922437499866,1226.8333999999998,not_in_gurobi_pool,,0000010110110111111,01000000010001000,000001011011011111101000000010001000,128,8192,25,152,true,single,36,1.0e-10,64
VQE_reduced_surrogate,73002,5300,1,0.0001220703125,1229.5834687499882,1226.9116999999994,not_in_gurobi_pool,,1111101110111011101,00000000000100000,111110111011101110100000000000100000,128,8192,25,152,true,single,36,1.0e-10,64
VQE_reduced_surrogate,73002,5214,1,0.0001220703125,1208.3709187500021,1227.0732999999996,not_in_gurobi_pool,,0100110111101010100,00000000010101000,010011011110101010000000000010101000,128,8192,25,152,true,single,36,1.0e-10,64
VQE_reduced_surrogate,73002,5344,1,0.0001220703125,1240.563643750001,1227.2047999999993,not_in_gurobi_pool,,0011101001101100110,00000100000000011,001110100110110011000000100000000011,128,8192,25,152,true,single,36,1.0e-10,64
VQE_reduced_surrogate,73002,5348,1,0.0001220703125,1240.6646437499983,1227.3057999999994,not_in_gurobi_pool,,0011101001101010110,00000100000000101,001110100110101011000000100000000101,128,8192,25,152,true,single,36,1.0e-10,64
VQE_reduced_surrogate,73002,5217,1,0.0001220703125,1208.8019187499985,1227.5042999999996,not_in_gurobi_pool,,0100110111101001100,00000000010101000,010011011110100110000000000010101000,128,8192,25,152,true,single,36,1.0e-10,64
VQE_reduced_surrogate,73002,5303,1,0.0001220703125,1230.2114687500027,1227.5396999999998,not_in_gurobi_pool,,1111010111010000110,00000000010110111,111101011101000011000000000010110111,128,8192,25,152,true,single,36,1.0e-10,64
VQE_reduced_surrogate,73002,5304,1,0.0001220703125,1230.4235687499881,1227.7517999999998,not_in_gurobi_pool,,0101011110011101110,00000101100100010,010101111001110111000000101100100010,128,8192,25,152,true,single,36,1.0e-10,64
VQE_reduced_surrogate,73002,5305,1,0.0001220703125,1230.4504687499957,1227.7786999999998,not_in_gurobi_pool,,0111101101110011011,00000000000100100,011110110111001101100000000000100100,128,8192,25,152,true,single,36,1.0e-10,64
VQE_reduced_surrogate,73002,5306,1,0.0001220703125,1230.554168750005,1227.8823999999995,not_in_gurobi_pool,,0000101001100110110,01000101000000001,000010100110011011001000101000000001,128,8192,25,152,true,single,36,1.0e-10,64
VQE_reduced_surrogate,73002,5355,1,0.0001220703125,1241.6722437500005,1228.3133999999993,not_in_gurobi_pool,,0000111001101101111,01000101000001010,000011100110110111101000101000001010,128,8192,25,152,true,single,36,1.0e-10,64
VQE_reduced_surrogate,73002,5395,1,0.0001220703125,1252.4937187499986,1228.4477999999997,not_in_gurobi_pool,,0011000101111011100,00100000000000000,001100010111101110000100000000000000,128,8192,25,152,true,single,36,1.0e-10,64
VQE_reduced_surrogate,73002,5396,1,0.0001220703125,1252.4937187499966,1228.4477999999997,not_in_gurobi_pool,,0011100001111011100,00100000000000000,001110000111101110000100000000000000,128,8192,25,152,true,single,36,1.0e-10,64
VQE_reduced_surrogate,73002,5357,1,0.0001220703125,1241.999543750002,1228.6406999999997,not_in_gurobi_pool,,0111111110110010101,00000000000111000,011111111011001010100000000000111000,128,8192,25,152,true,single,36,1.0e-10,64
VQE_reduced_surrogate,73002,5270,1,0.0001220703125,1220.954393749994,1228.9696999999996,not_in_gurobi_pool,,0111100101110001111,00100000000100110,011110010111000111100100000000100110,128,8192,25,152,true,single,36,1.0e-10,64
VQE_reduced_surrogate,73002,5315,1,0.0001220703125,1231.822968750001,1229.1511999999996,not_in_gurobi_pool,,0110111011001001101,00000101010110000,011011101100100110100000101010110000,128,8192,25,152,true,single,36,1.0e-10,64
VQE_reduced_surrogate,73002,5358,1,0.0001220703125,1242.7096437499983,1229.3507999999995,not_in_gurobi_pool,,0011101010110110101,00000100000000000,001110101011011010100000100000000000,128,8192,25,152,true,single,36,1.0e-10,64
VQE_reduced_surrogate,73002,5360,1,0.0001220703125,1243.1296437499932,1229.7707999999996,not_in_gurobi_pool,,0101001110110101101,00000001000000000,010100111011010110100000001000000000,128,8192,25,152,true,single,36,1.0e-10,64
VQE_reduced_surrogate,73002,5361,1,0.0001220703125,1243.2416437500005,1229.8827999999996,not_in_gurobi_pool,,0011001110111011100,00000100000000000,001100111011101110000000100000000000,128,8192,25,152,true,single,36,1.0e-10,64
VQE_reduced_surrogate,73002,5363,1,0.0001220703125,1243.4055437500094,1230.0466999999996,not_in_gurobi_pool,,0111110011011010101,00000000010110000,011111001101101010100000000010110000,128,8192,25,152,true,single,36,1.0e-10,64
VQE_reduced_surrogate,73002,5319,1,0.0001220703125,1232.7249687500107,1230.0532,not_in_gurobi_pool,,0110111011001010111,00000101010110101,011011101100101011100000101010110101,128,8192,25,152,true,single,36,1.0e-10,64
VQE_reduced_surrogate,73002,5281,1,0.0001220703125,1223.222493750005,1231.2377999999994,not_in_gurobi_pool,,0011001111110100000,10000100000000000,001100111111010000010000100000000000,128,8192,25,152,true,single,36,1.0e-10,64
VQE_reduced_surrogate,73002,5283,1,0.0001220703125,1223.323493749999,1231.3387999999995,not_in_gurobi_pool,,0011101011111010001,10000100000000000,001110101111101000110000100000000000,128,8192,25,152,true,single,36,1.0e-10,64
VQE_reduced_surrogate,73002,5326,1,0.0001220703125,1234.4930687499698,1231.8212999999996,not_in_gurobi_pool,,0100101110111111110,00000001000000000,010010111011111111000000001000000000,128,8192,25,152,true,single,36,1.0e-10,64
VQE_reduced_surrogate,73002,5325,1,0.0001220703125,1234.493068749973,1231.8212999999998,not_in_gurobi_pool,,0100101110110111111,00000001000000000,010010111011011111100000001000000000,128,8192,25,152,true,single,36,1.0e-10,64
VQE_reduced_surrogate,73002,5184,1,0.0001220703125,1202.6038437500008,1231.9932999999994,not_in_gurobi_pool,,0100011101011111111,00000101110100000,010001110101111111100000101110100000,128,8192,25,152,true,single,36,1.0e-10,64
VQE_reduced_surrogate,73002,5285,1,0.0001220703125,1224.0169937500054,1232.0322999999996,not_in_gurobi_pool,,0100111111101010101,00000001000101000,010011111110101010100000001000101000,128,8192,25,152,true,single,36,1.0e-10,64
VQE_reduced_surrogate,73002,5249,1,0.0001220703125,1215.2729187499995,1233.9752999999994,not_in_gurobi_pool,,0100110111110110101,00000000010101000,010011011111011010100000000010101000,128,8192,25,152,true,single,36,1.0e-10,64
VQE_reduced_surrogate,73002,5374,1,0.0001220703125,1247.7540437500027,1234.3951999999997,not_in_gurobi_pool,,1110111011110000100,00000000000111000,111011101111000010000000000000111000,128,8192,25,152,true,single,36,1.0e-10,64
VQE_reduced_surrogate,73002,5291,1,0.0001220703125,1226.502993750001,1234.5182999999997,not_in_gurobi_pool,,0010000111111011101,00100000010000000,001000011111101110100100000010000000,128,8192,25,152,true,single,36,1.0e-10,64
VQE_reduced_surrogate,73002,5379,1,0.0001220703125,1248.6382437499956,1235.2793999999994,not_in_gurobi_pool,,0000010111110110110,01000000010001001,000001011111011011001000000010001001,128,8192,25,152,true,single,36,1.0e-10,64
VQE_reduced_surrogate,73002,5383,1,0.0001220703125,1249.0692437499906,1235.7104,not_in_gurobi_pool,,0000110111110101110,01000000010001010,000011011111010111001000000010001010,128,8192,25,152,true,single,36,1.0e-10,64
VQE_reduced_surrogate,73002,5386,1,0.0001220703125,1249.668643750006,1236.3097999999995,not_in_gurobi_pool,,0011011011010010111,00000111000100101,001101101101001011100000111000100101,128,8192,25,152,true,single,36,1.0e-10,64
VQE_reduced_surrogate,73002,5443,1,0.0001220703125,1261.054818749998,1237.0088999999996,not_in_gurobi_pool,,0001111011010110110,00000111100000001,000111101101011011000000111100000001,128,8192,25,152,true,single,36,1.0e-10,64
VQE_reduced_surrogate,73002,5393,1,0.0001220703125,1251.5940437500024,1238.2351999999994,not_in_gurobi_pool,,0110101011111010101,00000000000100000,011010101111101010100000000000100000,128,8192,25,152,true,single,36,1.0e-10,64
VQE_reduced_surrogate,73002,5307,1,0.0001220703125,1230.610993749996,1238.6262999999997,not_in_gurobi_pool,,0100111011111001101,00000001000101000,010011101111100110100000001000101000,128,8192,25,152,true,single,36,1.0e-10,64
VQE_reduced_surrogate,73002,5311,1,0.0001220703125,1231.41199375,1239.4272999999996,not_in_gurobi_pool,,0100111011110100111,00000001000101011,010011101111010011100000001000101011,128,8192,25,152,true,single,36,1.0e-10,64
VQE_reduced_surrogate,73002,5312,1,0.0001220703125,1231.4220937499992,1239.4373999999996,not_in_gurobi_pool,,0000001111111011100,01000101000000000,000000111111101110001000101000000000,128,8192,25,152,true,single,36,1.0e-10,64
VQE_reduced_surrogate,73002,5313,1,0.0001220703125,1231.4229937500002,1239.4382999999996,not_in_gurobi_pool,,0010011111110100110,00000100000101011,001001111111010011000000100000101011,128,8192,25,152,true,single,36,1.0e-10,64
VQE_reduced_surrogate,73002,5314,1,0.0001220703125,1231.512993750002,1239.5282999999993,not_in_gurobi_pool,,0100111011110010111,00000001000101101,010011101111001011100000001000101101,128,8192,25,152,true,single,36,1.0e-10,64
VQE_reduced_surrogate,73002,5316,1,0.0001220703125,1231.9439937499965,1239.9592999999993,not_in_gurobi_pool,,0100111011111001111,00000001000101110,010011101111100111100000001000101110,128,8192,25,152,true,single,36,1.0e-10,64
VQE_reduced_surrogate,73002,5301,1,0.0001220703125,1229.8876187499964,1248.5899999999995,not_in_gurobi_pool,,0111001100000100000,10010101000100000,011100110000010000010010101000100000,128,8192,25,152,true,single,36,1.0e-10,64
VQE_reduced_surrogate,73002,5391,1,0.0001220703125,1251.5778687499944,1248.9060999999997,not_in_gurobi_pool,,1011100110001111001,10100100010000000,101110011000111100110100100010000000,128,8192,25,152,true,single,36,1.0e-10,64
VQE_reduced_surrogate,73002,5310,1,0.0001220703125,1231.2226187499866,1249.9249999999997,not_in_gurobi_pool,,0111000110001010001,10100000010100000,011100011000101000110100000010100000,128,8192,25,152,true,single,36,1.0e-10,64
VQE_reduced_surrogate,73002,5495,1,0.0001220703125,1274.1364187499935,1250.0904999999998,not_in_gurobi_pool,,1110011000100101001,10000000000111000,111001100010010100110000000000111000,128,8192,25,152,true,single,36,1.0e-10,64
VQE_reduced_surrogate,73002,5402,1,0.0001220703125,1253.0698687499962,1250.3980999999994,not_in_gurobi_pool,,0011010100100111011,00000000000101000,001101010010011101100000000000101000,128,8192,25,152,true,single,36,1.0e-10,64
VQE_reduced_surrogate,73002,5318,1,0.0001220703125,1232.2836187500022,1250.9859999999996,not_in_gurobi_pool,,1111100100110110000,10100000000100000,111110010011011000010100000000100000,128,8192,25,152,true,single,36,1.0e-10,64
VQE_reduced_surrogate,73002,5538,1,0.0001220703125,1286.5154937500067,1251.7824999999998,not_in_gurobi_pool,,0110110000011111000,10010000011110000,011011000001111100010010000011110000,128,8192,25,152,true,single,36,1.0e-10,64
VQE_reduced_surrogate,73002,5320,1,0.0001220703125,1233.239618749996,1251.9419999999996,not_in_gurobi_pool,,0111001100101100001,10000000000100000,011100110010110000110000000000100000,128,8192,25,152,true,single,36,1.0e-10,64
VQE_reduced_surrogate,73002,5462,1,0.0001220703125,1265.5759437499985,1252.2170999999998,not_in_gurobi_pool,,1101000000111111000,10100000000000000,110100000011111100010100000000000000,128,8192,25,152,true,single,36,1.0e-10,64
VQE_reduced_surrogate,73002,5365,1,0.0001220703125,1244.281293749987,1252.2965999999994,not_in_gurobi_pool,,1100010101000111000,10000001011100000,110001010100011100010000001011100000,128,8192,25,152,true,single,36,1.0e-10,64
VQE_reduced_surrogate,73002,5367,1,0.0001220703125,1245.1606937500076,1253.1759999999995,not_in_gurobi_pool,,0111110110100100000,10000000000111000,011111011010010000010000000000111000,128,8192,25,152,true,single,36,1.0e-10,64
VQE_reduced_surrogate,73002,5327,1,0.0001220703125,1234.6456187499873,1253.3479999999995,not_in_gurobi_pool,,0111000101000100001,10100000010100000,011100010100010000110100000010100000,128,8192,25,152,true,single,36,1.0e-10,64
VQE_reduced_surrogate,73002,5328,1,0.0001220703125,1234.6456187499882,1253.3479999999995,not_in_gurobi_pool,,0111000101000100000,10100000010100000,011100010100010000010100000010100000,128,8192,25,152,true,single,36,1.0e-10,64
VQE_reduced_surrogate,73002,5329,1,0.0001220703125,1234.7466187499874,1253.4489999999996,not_in_gurobi_pool,,0111000101001010000,10100000010100000,011100010100101000010100000010100000,128,8192,25,152,true,single,36,1.0e-10,64
VQE_reduced_surrogate,73002,5368,1,0.0001220703125,1245.6926937499982,1253.7079999999996,not_in_gurobi_pool,,0111110110100001001,10000000000111000,011111011010000100110000000000111000,128,8192,25,152,true,single,36,1.0e-10,64
VQE_reduced_surrogate,73002,5370,1,0.0001220703125,1246.0586937500007,1254.0739999999994,not_in_gurobi_pool,,0111110100101010100,00000000000111000,011111010010101010000000000000111000,128,8192,25,152,true,single,36,1.0e-10,64
VQE_reduced_surrogate,73002,5420,1,0.0001220703125,1257.7374687500171,1255.0656999999997,not_in_gurobi_pool,,0000000000110111000,11100000010000000,000000000011011100011100000010000000,128,8192,25,152,true,single,36,1.0e-10,64
VQE_reduced_surrogate,73002,5332,1,0.0001220703125,1236.3922187500018,1255.0945999999994,not_in_gurobi_pool,,0100110100110111000,10000000010101000,010011010011011100010000000010101000,128,8192,25,152,true,single,36,1.0e-10,64
VQE_reduced_surrogate,73002,5333,1,0.0001220703125,1236.403218750004,1255.1055999999994,not_in_gurobi_pool,,0010110100110111000,10000000010101000,001011010011011100010000000010101000,128,8192,25,152,true,single,36,1.0e-10,64
VQE_reduced_surrogate,73002,5421,1,0.0001220703125,1257.987868749998,1255.3160999999996,not_in_gurobi_pool,,0011010100101011100,00000000000101000,001101010010101110000000000000101000,128,8192,25,152,true,single,36,1.0e-10,64
VQE_reduced_surrogate,73002,5375,1,0.0001220703125,1247.8226937499971,1255.8379999999995,not_in_gurobi_pool,,0111110100100001110,00000000000111110,011111010010000111000000000000111110,128,8192,25,152,true,single,36,1.0e-10,64
VQE_reduced_surrogate,73002,5426,1,0.0001220703125,1259.0163687500024,1256.3445999999994,not_in_gurobi_pool,,1100011010101011000,10000001000101000,110001101010101100010000001000101000,128,8192,25,152,true,single,36,1.0e-10,64
VQE_reduced_surrogate,73002,5427,1,0.0001220703125,1259.0777687499988,1256.4059999999995,not_in_gurobi_pool,,1111101110101101000,10000000000100000,111110111010110100010000000000100000,128,8192,25,152,true,single,36,1.0e-10,64
VQE_reduced_surrogate,73002,5485,1,0.0001220703125,1269.7875437500056,1256.4286999999993,not_in_gurobi_pool,,0000100110100111010,01100000010000000,000010011010011101001100000010000000,128,8192,25,152,true,single,36,1.0e-10,64
VQE_reduced_surrogate,73002,5428,1,0.0001220703125,1259.178768750003,1256.5069999999996,not_in_gurobi_pool,,1111101110101011001,10000000000100000,111110111010101100110000000000100000,128,8192,25,152,true,single,36,1.0e-10,64
VQE_reduced_surrogate,73002,5486,1,0.0001220703125,1269.9199437500001,1256.5610999999997,not_in_gurobi_pool,,0011100100110111010,00100000000000000,001110010011011101000100000000000000,128,8192,25,152,true,single,36,1.0e-10,64
VQE_reduced_surrogate,73002,5380,1,0.0001220703125,1248.7272937500002,1256.7425999999994,not_in_gurobi_pool,,0010001010001111001,10000111010000000,001000101000111100110000111010000000,128,8192,25,152,true,single,36,1.0e-10,64
VQE_reduced_surrogate,73002,5429,1,0.0001220703125,1259.4348687500026,1256.7630999999994,not_in_gurobi_pool,,0011000101000111011,00100100010000000,001100010100011101100100100010000000,128,8192,25,152,true,single,36,1.0e-10,64
VQE_reduced_surrogate,73002,5381,1,0.0001220703125,1248.9106937499944,1256.9259999999997,not_in_gurobi_pool,,0111001000011110011,00010101000100001,011100100001111001100010101000100001,128,8192,25,152,true,single,36,1.0e-10,64
VQE_reduced_surrogate,73002,5431,1,0.0001220703125,1259.597768750002,1256.926,not_in_gurobi_pool,,0111111100010110011,00010101000110001,011111110001011001100010101000110001,128,8192,25,152,true,single,36,1.0e-10,64
VQE_reduced_surrogate,73002,5433,1,0.0001220703125,1259.73736875,1257.0655999999997,not_in_gurobi_pool,,1100000100010111111,00110001011000000,110000010001011111100110001011000000,128,8192,25,152,true,single,36,1.0e-10,64
VQE_reduced_surrogate,73002,5384,1,0.0001220703125,1249.150693750004,1257.1659999999993,not_in_gurobi_pool,,1111100110100100100,00100000000100000,111110011010010010000100000000100000,128,8192,25,152,true,single,36,1.0e-10,64
VQE_reduced_surrogate,73002,5434,1,0.0001220703125,1259.9797687500072,1257.3079999999995,not_in_gurobi_pool,,1111101010100110011,00000000000100001,111110101010011001100000000000100001,128,8192,25,152,true,single,36,1.0e-10,64
VQE_reduced_surrogate,73002,5385,1,0.0001220703125,1249.3416937499962,1257.3569999999997,not_in_gurobi_pool,,0111001000011101011,00010101000100010,011100100001110101100010101000100010,128,8192,25,152,true,single,36,1.0e-10,64
VQE_reduced_surrogate,73002,5437,1,0.0001220703125,1260.4107687500027,1257.7389999999996,not_in_gurobi_pool,,1111101010100101011,00000000000100010,111110101010010101100000000000100010,128,8192,25,152,true,single,36,1.0e-10,64
VQE_reduced_surrogate,73002,5340,1,0.0001220703125,1239.402618750004,1258.1049999999996,not_in_gurobi_pool,,0111001100110100000,10000000000100000,011100110011010000010000000000100000,128,8192,25,152,true,single,36,1.0e-10,64
VQE_reduced_surrogate,73002,5440,1,0.0001220703125,1260.8698687499973,1258.1980999999996,not_in_gurobi_pool,,0011011110001111011,00000111000100000,001101111000111101100000111000100000,128,8192,25,152,true,single,36,1.0e-10,64
VQE_reduced_surrogate,73002,5387,1,0.0001220703125,1250.2722937500027,1258.2875999999997,not_in_gurobi_pool,,1100110010111111001,10000000010101000,110011001011111100110000000010101000,128,8192,25,152,true,single,36,1.0e-10,64
VQE_reduced_surrogate,73002,5298,1,0.0001220703125,1228.917543749991,1258.3069999999998,not_in_gurobi_pool,,0111001101000100000,10000101000100000,011100110100010000010000101000100000,128,8192,25,152,true,single,36,1.0e-10,64
VQE_reduced_surrogate,73002,5341,1,0.0001220703125,1239.7056187499973,1258.4079999999997,not_in_gurobi_pool,,0111111001001010001,10000101000110000,011111100100101000110000101000110000,128,8192,25,152,true,single,36,1.0e-10,64
VQE_reduced_surrogate,73002,5388,1,0.0001220703125,1250.4442937499937,1258.4595999999995,not_in_gurobi_pool,,1100010101010111000,10000001011100000,110001010101011100010000001011100000,128,8192,25,152,true,single,36,1.0e-10,64
VQE_reduced_surrogate,73002,5349,1,0.0001220703125,1240.6946187500002,1259.3969999999997,not_in_gurobi_pool,,0111010100111000100,00000000000111000,011101010011100010000000000000111000,128,8192,25,152,true,single,36,1.0e-10,64
VQE_reduced_surrogate,73002,5350,1,0.0001220703125,1240.7376187500058,1259.4399999999994,not_in_gurobi_pool,,0111100010111010000,10100000000100000,011110001011101000010100000000100000,128,8192,25,152,true,single,36,1.0e-10,64
VQE_reduced_surrogate,73002,5445,1,0.0001220703125,1262.135768749994,1259.4639999999997,not_in_gurobi_pool,,0111111100101001101,00000000000111000,011111110010100110100000000000111000,128,8192,25,152,true,single,36,1.0e-10,64
VQE_reduced_surrogate,73002,5392,1,0.0001220703125,1251.592293749997,1259.6075999999994,not_in_gurobi_pool,,1100010010100101110,00000000010101010,110001001010010111000000000010101010,128,8192,25,152,true,single,36,1.0e-10,64
VQE_reduced_surrogate,73002,5447,1,0.0001220703125,1262.4393687499876,1259.7675999999997,not_in_gurobi_pool,,1100011001101101000,10000001000101000,110001100110110100010000001000101000,128,8192,25,152,true,single,36,1.0e-10,64
VQE_reduced_surrogate,73002,5352,1,0.0001220703125,1241.138618749993,1259.8409999999997,not_in_gurobi_pool,,1111100000111011110,00100000000100100,111110000011101111000100000000100100,128,8192,25,152,true,single,36,1.0e-10,64
VQE_reduced_surrogate,73002,5448,1,0.0001220703125,1262.5248687499918,1259.8530999999994,not_in_gurobi_pool,,1101000111100100000,10100000000000000,110100011110010000010100000000000000,128,8192,25,152,true,single,36,1.0e-10,64
VQE_reduced_surrogate,73002,5394,1,0.0001220703125,1252.009393750011,1260.0246999999995,not_in_gurobi_pool,,0000101100110111000,11000101000000000,000010110011011100011000101000000000,128,8192,25,152,true,single,36,1.0e-10,64
VQE_reduced_surrogate,73002,5449,1,0.0001220703125,1262.6964687499963,1260.0246999999997,not_in_gurobi_pool,,0000111000111111001,11000101000001000,000011100011111100111000101000001000,128,8192,25,152,true,single,36,1.0e-10,64
VQE_reduced_surrogate,73002,5450,1,0.0001220703125,1262.7152687500002,1260.0434999999993,not_in_gurobi_pool,,0110010010100100100,00000000010111000,011001001010010010000000000010111000,128,8192,25,152,true,single,36,1.0e-10,64
VQE_reduced_surrogate,73002,5451,1,0.0001220703125,1262.7647687500094,1260.0929999999996,not_in_gurobi_pool,,1111111001101010011,00000000000111101,111111100110101001100000000000111101,128,8192,25,152,true,single,36,1.0e-10,64
VQE_reduced_surrogate,73002,5452,1,0.0001220703125,1262.8162687499998,1260.1444999999994,not_in_gurobi_pool,,0110010010101010101,00000000010111000,011001001010101010100000000010111000,128,8192,25,152,true,single,36,1.0e-10,64
VQE_reduced_surrogate,73002,5529,1,0.0001220703125,1284.2274187499975,1260.1814999999995,not_in_gurobi_pool,,0110111000101011101,00000000000111000,011011100010101110100000000000111000,128,8192,25,152,true,single,36,1.0e-10,64
VQE_reduced_surrogate,73002,5453,1,0.0001220703125,1262.9468687500068,1260.2750999999996,not_in_gurobi_pool,,0011001000100011101,00000100000000000,001100100010001110100000100000000000,128,8192,25,152,true,single,36,1.0e-10,64
VQE_reduced_surrogate,73002,5397,1,0.0001220703125,1252.6042937500063,1260.6195999999995,not_in_gurobi_pool,,1100000101000111111,00100001011000000,110000010100011111100100001011000000,128,8192,25,152,true,single,36,1.0e-10,64
VQE_reduced_surrogate,73002,5398,1,0.0001220703125,1252.6526937499982,1260.6679999999994,not_in_gurobi_pool,,0111010100111001101,00000000000111000,011101010011100110100000000000111000,128,8192,25,152,true,single,36,1.0e-10,64
VQE_reduced_surrogate,73002,5356,1,0.0001220703125,1241.9656187500016,1260.6679999999997,not_in_gurobi_pool,,0111000000111001101,00100000000100000,011100000011100110100100000000100000,128,8192,25,152,true,single,36,1.0e-10,64
VQE_reduced_surrogate,73002,5399,1,0.0001220703125,1252.6936937499959,1260.7089999999998,not_in_gurobi_pool,,0111001000111101011,00000000000100010,011100100011110101100000000000100010,128,8192,25,152,true,single,36,1.0e-10,64
VQE_reduced_surrogate,73002,5401,1,0.0001220703125,1252.9966937500058,1261.012,not_in_gurobi_pool,,0111111001001011011,00000101000110100,011111100100101101100000101000110100,128,8192,25,152,true,single,36,1.0e-10,64
VQE_reduced_surrogate,73002,5455,1,0.0001220703125,1263.9347687500017,1261.2629999999995,not_in_gurobi_pool,,1111101001100101011,00000000000100010,111110100110010101100000000000100010,128,8192,25,152,true,single,36,1.0e-10,64
VQE_reduced_surrogate,73002,5403,1,0.0001220703125,1253.2702937499982,1261.2855999999995,not_in_gurobi_pool,,0010010010100101101,00000000010101000,001001001010010110100000000010101000,128,8192,25,152,true,single,36,1.0e-10,64
VQE_reduced_surrogate,73002,5456,1,0.0001220703125,1263.9862687499976,1261.3144999999995,not_in_gurobi_pool,,0110110110101101101,00000000010111000,011011011010110110100000000010111000,128,8192,25,152,true,single,36,1.0e-10,64
VQE_reduced_surrogate,73002,5457,1,0.0001220703125,1264.0473687500062,1261.3755999999994,not_in_gurobi_pool,,0100100010101011100,00100000010000000,010010001010101110000100000010000000,128,8192,25,152,true,single,36,1.0e-10,64
VQE_reduced_surrogate,73002,5531,1,0.0001220703125,1285.4724187499944,1261.4264999999998,not_in_gurobi_pool,,0110111100110111010,00000000000111000,011011110011011101000000000000111000,128,8192,25,152,true,single,36,1.0e-10,64
VQE_reduced_surrogate,73002,5532,1,0.0001220703125,1285.5024187499948,1261.4565,not_in_gurobi_pool,,0110101110100111011,00000000000100000,011010111010011101100000000000100000,128,8192,25,152,true,single,36,1.0e-10,64
VQE_reduced_surrogate,73002,5458,1,0.0001220703125,1264.1492687499995,1261.4774999999995,not_in_gurobi_pool,,0110010010101010111,00000000010111101,011001001010101011100000000010111101,128,8192,25,152,true,single,36,1.0e-10,64
VQE_reduced_surrogate,73002,5405,1,0.0001220703125,1253.5546937499944,1261.5699999999995,not_in_gurobi_pool,,0111110000111010110,00000000000111101,011111000011101011000000000000111101,128,8192,25,152,true,single,36,1.0e-10,64
VQE_reduced_surrogate,73002,5406,1,0.0001220703125,1253.910293749991,1261.9256,not_in_gurobi_pool,,1100100110011111101,00100001011000000,110010011001111110100100001011000000,128,8192,25,152,true,single,36,1.0e-10,64
VQE_reduced_surrogate,73002,5459,1,0.0001220703125,1264.647368750002,1261.9755999999993,not_in_gurobi_pool,,1100011010110110001,10000001000101000,110001101011011000110000001000101000,128,8192,25,152,true,single,36,1.0e-10,64
VQE_reduced_surrogate,73002,5407,1,0.0001220703125,1253.9856937499956,1262.0009999999995,not_in_gurobi_pool,,0111010100111001111,00000000000111110,011101010011100111100000000000111110,128,8192,25,152,true,single,36,1.0e-10,64
VQE_reduced_surrogate,73002,5362,1,0.0001220703125,1243.2986187499923,1262.0009999999997,not_in_gurobi_pool,,0111100100111001110,00100000000100110,011110010011100111000100000000100110,128,8192,25,152,true,single,36,1.0e-10,64
VQE_reduced_surrogate,73002,5460,1,0.0001220703125,1264.7157687499976,1262.0439999999994,not_in_gurobi_pool,,0111110010111011011,00000000000111100,011111001011101101100000000000111100,128,8192,25,152,true,single,36,1.0e-10,64
VQE_reduced_surrogate,73002,5408,1,0.0001220703125,1254.0286937499911,1262.0439999999996,not_in_gurobi_pool,,0111100010111011011,00100000000100100,011110001011101101100100000000100100,128,8192,25,152,true,single,36,1.0e-10,64
VQE_reduced_surrogate,73002,5409,1,0.0001220703125,1254.171193750001,1262.1864999999996,not_in_gurobi_pool,,0110010000110110110,00000000010111001,011001000011011011000000000010111001,128,8192,25,152,true,single,36,1.0e-10,64
VQE_reduced_surrogate,73002,5501,1,0.0001220703125,1275.6048437500103,1262.2459999999996,not_in_gurobi_pool,,0111110111000011011,00000000010110100,011111011100001101100000000010110100,128,8192,25,152,true,single,36,1.0e-10,64
VQE_reduced_surrogate,73002,5570,1,0.0001220703125,1297.267493750005,1262.5344999999995,not_in_gurobi_pool,,1110011010100001101,00000000000111000,111001101010000110100000000000111000,128,8192,25,152,true,single,36,1.0e-10,64
VQE_reduced_surrogate,73002,5410,1,0.0001220703125,1254.53969375,1262.5549999999994,not_in_gurobi_pool,,1111100101101001111,00100000000100110,111110010110100111100100000000100110,128,8192,25,152,true,single,36,1.0e-10,64
VQE_reduced_surrogate,73002,5411,1,0.0001220703125,1254.6052937499978,1262.6205999999995,not_in_gurobi_pool,,0100010010110111011,00000000010101000,010001001011011101100000000010101000,128,8192,25,152,true,single,36,1.0e-10,64
VQE_reduced_surrogate,73002,5321,1,0.0001220703125,1233.3411437499956,1262.7305999999994,not_in_gurobi_pool,,0100110011100100001,10000000010101000,010011001110010000110000000010101000,128,8192,25,152,true,single,36,1.0e-10,64
VQE_reduced_surrogate,73002,5322,1,0.0001220703125,1233.3411437499992,1262.7305999999994,not_in_gurobi_pool,,0100110011101100000,10000000010101000,010011001110110000010000000010101000,128,8192,25,152,true,single,36,1.0e-10,64
VQE_reduced_surrogate,73002,5412,1,0.0001220703125,1254.755693749997,1262.7709999999997,not_in_gurobi_pool,,1111101111001101000,10000101000100000,111110111100110100010000101000100000,128,8192,25,152,true,single,36,1.0e-10,64
VQE_reduced_surrogate,73002,5364,1,0.0001220703125,1244.169118750005,1262.8714999999995,not_in_gurobi_pool,,0110110111101010000,10000000010111000,011011011110101000010000000010111000,128,8192,25,152,true,single,36,1.0e-10,64
VQE_reduced_surrogate,73002,5541,1,0.0001220703125,1286.9664187499943,1262.9205,not_in_gurobi_pool,,0110010001000011110,00000000011110100,011001000100001111000000000011110100,128,8192,25,152,true,single,36,1.0e-10,64
VQE_reduced_surrogate,73002,5413,1,0.0001220703125,1255.1162937499973,1263.1315999999997,not_in_gurobi_pool,,1100010001101101110,00000000010101010,110001000110110111000000000010101010,128,8192,25,152,true,single,36,1.0e-10,64
VQE_reduced_surrogate,73002,5503,1,0.0001220703125,1276.7149437499997,1263.3560999999997,not_in_gurobi_pool,,1101101010100101101,00000001000000000,110110101010010110100000001000000000,128,8192,25,152,true,single,36,1.0e-10,64
VQE_reduced_surrogate,73002,5505,1,0.0001220703125,1276.8159437500015,1263.4570999999994,not_in_gurobi_pool,,1101001110101011101,00000001000000000,110100111010101110100000001000000000,128,8192,25,152,true,single,36,1.0e-10,64
VQE_reduced_surrogate,73002,5465,1,0.0001220703125,1266.2392687499978,1263.5674999999997,not_in_gurobi_pool,,0110010001101100101,00000000010111000,011001000110110010100000000010111000,128,8192,25,152,true,single,36,1.0e-10,64
VQE_reduced_surrogate,73002,5466,1,0.0001220703125,1266.5737687500016,1263.9019999999996,not_in_gurobi_pool,,1111001010111101011,00000000000100010,111100101011110101100000000000100010,128,8192,25,152,true,single,36,1.0e-10,64
VQE_reduced_surrogate,73002,5467,1,0.0001220703125,1266.9588687499947,1264.2870999999993,not_in_gurobi_pool,,0101000111101010011,00100000000000101,010100011110101001100100000000000101,128,8192,25,152,true,single,36,1.0e-10,64
VQE_reduced_surrogate,73002,5415,1,0.0001220703125,1256.3307937500067,1264.3460999999995,not_in_gurobi_pool,,0101011110101000100,00000001000101000,010101111010100010000000001000101000,128,8192,25,152,true,single,36,1.0e-10,64
VQE_reduced_surrogate,73002,5469,1,0.0001220703125,1267.0707687500121,1264.3989999999994,not_in_gurobi_pool,,0111111110110010000,10000000000111000,011111111011001000010000000000111000,128,8192,25,152,true,single,36,1.0e-10,64
VQE_reduced_surrogate,73002,5507,1,0.0001220703125,1277.9189437500013,1264.5600999999992,not_in_gurobi_pool,,1101010010110101101,00000000000101000,110101001011010110100000000000101000,128,8192,25,152,true,single,36,1.0e-10,64
VQE_reduced_surrogate,73002,5470,1,0.0001220703125,1267.2383687499987,1264.5665999999997,not_in_gurobi_pool,,1100011110100101110,00000001000101010,110001111010010111000000001000101010,128,8192,25,152,true,single,36,1.0e-10,64
VQE_reduced_surrogate,73002,5369,1,0.0001220703125,1245.8686187499998,1264.5709999999997,not_in_gurobi_pool,,0111111001010010000,10000101000110000,011111100101001000010000101000110000,128,8192,25,152,true,single,36,1.0e-10,64
VQE_reduced_surrogate,73002,5471,1,0.0001220703125,1267.370768749988,1264.6989999999996,not_in_gurobi_pool,,1111111000111101111,00000000000111010,111111100011110111100000000000111010,128,8192,25,152,true,single,36,1.0e-10,64
VQE_reduced_surrogate,73002,5472,1,0.0001220703125,1267.3898687499966,1264.7180999999994,not_in_gurobi_pool,,0101000111101001011,00100000000000110,010100011110100101100100000000000110,128,8192,25,152,true,single,36,1.0e-10,64
VQE_reduced_surrogate,73002,5473,1,0.0001220703125,1267.5464687500028,1264.8746999999994,not_in_gurobi_pool,,0000100011101110011,01100000010000001,000010001110111001101100000010000001,128,8192,25,152,true,single,36,1.0e-10,64
VQE_reduced_surrogate,73002,5286,1,0.0001220703125,1224.8076687500043,1264.8841999999993,not_in_gurobi_pool,,1001101011101010000,10000101000000000,100110101110101000010000101000000000,128,8192,25,152,true,single,36,1.0e-10,64
VQE_reduced_surrogate,73002,5508,1,0.0001220703125,1278.3238437499867,1264.9649999999995,not_in_gurobi_pool,,0111000111010000001,10101000010100000,011100011101000000110101000010100000,128,8192,25,152,true,single,36,1.0e-10,64
VQE_reduced_surrogate,73002,5417,1,0.0001220703125,1257.1786937499996,1265.1939999999995,not_in_gurobi_pool,,1111100010110001110,00100000000100110,111110001011000111000100000000100110,128,8192,25,152,true,single,36,1.0e-10,64
VQE_reduced_surrogate,73002,5418,1,0.0001220703125,1257.1786937499933,1265.1939999999995,not_in_gurobi_pool,,1111100010111001110,00100000000100110,111110001011100111000100000000100110,128,8192,25,152,true,single,36,1.0e-10,64
VQE_reduced_surrogate,73002,5331,1,0.0001220703125,1236.1891437500076,1265.5785999999996,not_in_gurobi_pool,,1100111101000111111,00000101110100000,110011110100011111100000101110100000,128,8192,25,152,true,single,36,1.0e-10,64
VQE_reduced_surrogate,73002,5474,1,0.0001220703125,1268.2987687499908,1265.6269999999997,not_in_gurobi_pool,,0111111000111001101,00000000000111000,011111100011100110100000000000111000,128,8192,25,152,true,single,36,1.0e-10,64
VQE_reduced_surrogate,73002,5475,1,0.0001220703125,1268.2998687499987,1265.6280999999997,not_in_gurobi_pool,,0011011110101001101,00000100000101000,001101111010100110100000100000101000,128,8192,25,152,true,single,36,1.0e-10,64
VQE_reduced_surrogate,73002,5476,1,0.0001220703125,1268.7333687500009,1266.0615999999995,not_in_gurobi_pool,,1100001111101011000,10000001000000000,110000111110101100010000001000000000,128,8192,25,152,true,single,36,1.0e-10,64
VQE_reduced_surrogate,73002,5477,1,0.0001220703125,1268.7333687500027,1266.0615999999995,not_in_gurobi_pool,,1100101111100011000,10000001000000000,110010111110001100010000001000000000,128,8192,25,152,true,single,36,1.0e-10,64
VQE_reduced_surrogate,73002,5373,1,0.0001220703125,1247.4212187500173,1266.1235999999992,not_in_gurobi_pool,,1100111011101010011,00000001000101101,110011101110101001100000001000101101,128,8192,25,152,true,single,36,1.0e-10,64
VQE_reduced_surrogate,73002,5422,1,0.0001220703125,1258.1187937500106,1266.1340999999995,not_in_gurobi_pool,,0011011010110001010,00000100000101110,001101101011000101000000100000101110,128,8192,25,152,true,single,36,1.0e-10,64
VQE_reduced_surrogate,73002,5478,1,0.0001220703125,1268.8258687499947,1266.1540999999997,not_in_gurobi_pool,,1101111001110011000,10000001000101000,110111100111001100010000001000101000,128,8192,25,152,true,single,36,1.0e-10,64
VQE_reduced_surrogate,73002,5423,1,0.0001220703125,1258.1476937499967,1266.1629999999998,not_in_gurobi_pool,,0111001110111001010,00000000000100110,011100111011100101000000000000100110,128,8192,25,152,true,single,36,1.0e-10,64
VQE_reduced_surrogate,73002,5479,1,0.0001220703125,1268.9053687499954,1266.2335999999993,not_in_gurobi_pool,,0100011110100101101,00000001000101000,010001111010010110100000001000101000,128,8192,25,152,true,single,36,1.0e-10,64
VQE_reduced_surrogate,73002,5424,1,0.0001220703125,1258.3767937499751,1266.3920999999993,not_in_gurobi_pool,,0011100110011111111,00100100010000000,001110011001111111100100100010000000,128,8192,25,152,true,single,36,1.0e-10,64
VQE_reduced_surrogate,73002,5480,1,0.0001220703125,1269.1098687500166,1266.4380999999996,not_in_gurobi_pool,,0011001000110011100,00000100000000000,001100100011001110000000100000000000,128,8192,25,152,true,single,36,1.0e-10,64
VQE_reduced_surrogate,73002,5425,1,0.0001220703125,1258.4301937499977,1266.4454999999996,not_in_gurobi_pool,,0110111001000101101,00000101010110000,011011100100010110100000101010110000,128,8192,25,152,true,single,36,1.0e-10,64
VQE_reduced_surrogate,73002,5510,1,0.0001220703125,1279.9879437500013,1266.6290999999994,not_in_gurobi_pool,,0101001101001011100,00000101100000000,010100110100101110000000101100000000,128,8192,25,152,true,single,36,1.0e-10,64
VQE_reduced_surrogate,73002,5482,1,0.0001220703125,1269.3118687499991,1266.6400999999996,not_in_gurobi_pool,,0011111001001011101,00000111000100000,001111100100101110100000111000100000,128,8192,25,152,true,single,36,1.0e-10,64
VQE_reduced_surrogate,73002,5483,1,0.0001220703125,1269.6317687499848,1266.9599999999998,not_in_gurobi_pool,,0111111100111001110,00000000000111110,011111110011100111000000000000111110,128,8192,25,152,true,single,36,1.0e-10,64
VQE_reduced_surrogate,73002,5512,1,0.0001220703125,1280.4348437500105,1267.0759999999996,not_in_gurobi_pool,,0111110111011011001,10000000010110000,011111011101101100110000000010110000,128,8192,25,152,true,single,36,1.0e-10,64
VQE_reduced_surrogate,73002,5376,1,0.0001220703125,1248.392618749999,1267.0949999999998,not_in_gurobi_pool,,0111100101011000110,00100000010100111,011110010101100011000100000010100111,128,8192,25,152,true,single,36,1.0e-10,64
VQE_reduced_surrogate,73002,5484,1,0.0001220703125,1269.7678687499983,1267.0960999999993,not_in_gurobi_pool,,0011100011001000110,00100100010000111,001110001100100011000100100010000111,128,8192,25,152,true,single,36,1.0e-10,64
VQE_reduced_surrogate,73002,5430,1,0.0001220703125,1259.563193750009,1267.5784999999994,not_in_gurobi_pool,,0110100010111011100,00100000010100000,011010001011101110000100000010100000,128,8192,25,152,true,single,36,1.0e-10,64
VQE_reduced_surrogate,73002,5432,1,0.0001220703125,1259.6476937500072,1267.6629999999998,not_in_gurobi_pool,,1111111011010100001,10000101000110000,111111101101010000110000101000110000,128,8192,25,152,true,single,36,1.0e-10,64
VQE_reduced_surrogate,73002,5516,1,0.0001220703125,1281.0264437499968,1267.6675999999998,not_in_gurobi_pool,,0100001010101011110,00000001000000100,010000101010101111000000001000000100,128,8192,25,152,true,single,36,1.0e-10,64
VQE_reduced_surrogate,73002,5517,1,0.0001220703125,1281.1599437499906,1267.8010999999997,not_in_gurobi_pool,,0011001110101011111,00000100000000100,001100111010101111100000100000000100,128,8192,25,152,true,single,36,1.0e-10,64
VQE_reduced_surrogate,73002,5488,1,0.0001220703125,1270.6078687499944,1267.9360999999997,not_in_gurobi_pool,,0011010011000010110,00000100010100101,001101001100001011000000100010100101,128,8192,25,152,true,single,36,1.0e-10,64
VQE_reduced_surrogate,73002,5553,1,0.0001220703125,1292.2774187500013,1268.2314999999999,not_in_gurobi_pool,,1110101001101011110,00000000000100100,111010100110101111000000000000100100,128,8192,25,152,true,single,36,1.0e-10,64
VQE_reduced_surrogate,73002,5555,1,0.0001220703125,1292.519018750001,1268.4730999999992,not_in_gurobi_pool,,0011100010110110110,00100000000000001,001110001011011011000100000000000001,128,8192,25,152,true,single,36,1.0e-10,64
VQE_reduced_surrogate,73002,5597,1,0.0001220703125,1303.7584937500083,1269.0254999999997,not_in_gurobi_pool,,0110110111010111010,00000000011110000,011011011101011101000000000011110000,128,8192,25,152,true,single,36,1.0e-10,64
VQE_reduced_surrogate,73002,5444,1,0.0001220703125,1261.2307937500007,1269.2460999999996,not_in_gurobi_pool,,0101001111101010011,00000001000000101,010100111110101001100000001000000101,128,8192,25,152,true,single,36,1.0e-10,64
VQE_reduced_surrogate,73002,5342,1,0.0001220703125,1240.0760437500005,1269.4654999999993,not_in_gurobi_pool,,0110100011111001001,10100000010100000,011010001111100100110100000010100000,128,8192,25,152,true,single,36,1.0e-10,64
VQE_reduced_surrogate,73002,5521,1,0.0001220703125,1283.1515437499882,1269.7926999999993,not_in_gurobi_pool,,0000010011100010101,01000000010001000,000001001110001010101000000010001000,128,8192,25,152,true,single,36,1.0e-10,64
VQE_reduced_surrogate,73002,5490,1,0.0001220703125,1272.5303687499986,1269.8585999999993,not_in_gurobi_pool,,0100011101101011101,00000001000101000,010001110110101110100000001000101000,128,8192,25,152,true,single,36,1.0e-10,64
VQE_reduced_surrogate,73002,5491,1,0.0001220703125,1272.6268687499937,1269.9550999999997,not_in_gurobi_pool,,0011110111100010101,00000000000101000,001111011110001010100000000000101000,128,8192,25,152,true,single,36,1.0e-10,64
VQE_reduced_surrogate,73002,5492,1,0.0001220703125,1272.908368749979,1270.2366,not_in_gurobi_pool,,1100101110111111101,00000001000000000,110010111011111110100000001000000000,128,8192,25,152,true,single,36,1.0e-10,64
VQE_reduced_surrogate,73002,5526,1,0.0001220703125,1283.6815437500018,1270.3226999999997,not_in_gurobi_pool,,0000011001101001110,01000101000001110,000001100110100111001000101000001110,128,8192,25,152,true,single,36,1.0e-10,64
VQE_reduced_surrogate,73002,5527,1,0.0001220703125,1283.705043749998,1270.3461999999995,not_in_gurobi_pool,,0001010111101001100,00000000000001000,000101011110100110000000000000001000,128,8192,25,152,true,single,36,1.0e-10,64
VQE_reduced_surrogate,73002,5446,1,0.0001220703125,1262.3792937500095,1270.3945999999996,not_in_gurobi_pool,,0100011111101011011,00000001000101100,010001111110101101100000001000101100,128,8192,25,152,true,single,36,1.0e-10,64
VQE_reduced_surrogate,73002,5530,1,0.0001220703125,1284.4845437500007,1271.1256999999994,not_in_gurobi_pool,,0000110111101010110,01000000010001101,000011011110101011001000000010001101,128,8192,25,152,true,single,36,1.0e-10,64
VQE_reduced_surrogate,73002,5400,1,0.0001220703125,1252.83511875,1271.5374999999995,not_in_gurobi_pool,,0110100111110101011,00100000010100010,011010011111010101100100000010100010,128,8192,25,152,true,single,36,1.0e-10,64
VQE_reduced_surrogate,73002,5496,1,0.0001220703125,1274.4917687499924,1271.8199999999995,not_in_gurobi_pool,,0111101010111001101,00000000000100000,011110101011100110100000000000100000,128,8192,25,152,true,single,36,1.0e-10,64
VQE_reduced_surrogate,73002,5454,1,0.0001220703125,1263.8552937500008,1271.8705999999995,not_in_gurobi_pool,,0010011011001001100,00000111010100000,001001101100100110000000111010100000,128,8192,25,152,true,single,36,1.0e-10,64
VQE_reduced_surrogate,73002,5404,1,0.0001220703125,1253.2936187499997,1271.9959999999999,not_in_gurobi_pool,,0111001111010100011,00000101000100011,011100111101010001100000101000100011,128,8192,25,152,true,single,36,1.0e-10,64
VQE_reduced_surrogate,73002,5497,1,0.0001220703125,1274.7268687499998,1272.0550999999994,not_in_gurobi_pool,,0011111011001000111,00000111000100111,001111101100100011100000111000100111,128,8192,25,152,true,single,36,1.0e-10,64
VQE_reduced_surrogate,73002,5500,1,0.0001220703125,1275.3937687499892,1272.7219999999995,not_in_gurobi_pool,,0111101010111010111,00000000000100101,011110101011101011100000000000100101,128,8192,25,152,true,single,36,1.0e-10,64
VQE_reduced_surrogate,73002,5566,1,0.0001220703125,1296.7786187499983,1272.7326999999996,not_in_gurobi_pool,,0000011011001010110,01000111110000101,000001101100101011001000111110000101,128,8192,25,152,true,single,36,1.0e-10,64
VQE_reduced_surrogate,73002,5461,1,0.0001220703125,1264.9972937500038,1273.0125999999998,not_in_gurobi_pool,,1100111111100100110,00000001000101011,110011111110010011000000001000101011,128,8192,25,152,true,single,36,1.0e-10,64
VQE_reduced_surrogate,73002,5502,1,0.0001220703125,1275.8247687499818,1273.1529999999996,not_in_gurobi_pool,,0111101110111001110,00000000000100110,011110111011100111000000000000100110,128,8192,25,152,true,single,36,1.0e-10,64
VQE_reduced_surrogate,73002,5540,1,0.0001220703125,1286.7909437499966,1273.4320999999995,not_in_gurobi_pool,,0011001110110110110,00000100000000001,001100111011011011000000100000000001,128,8192,25,152,true,single,36,1.0e-10,64
VQE_reduced_surrogate,73002,5463,1,0.0001220703125,1265.807893749994,1273.8231999999994,not_in_gurobi_pool,,0001111010110101110,00000101000001010,000111101011010111000000101000001010,128,8192,25,152,true,single,36,1.0e-10,64
VQE_reduced_surrogate,73002,5464,1,0.0001220703125,1265.8083937500073,1273.8236999999997,not_in_gurobi_pool,,0000111011110100000,11000101000001000,000011101111010000011000101000001000,128,8192,25,152,true,single,36,1.0e-10,64
VQE_reduced_surrogate,73002,5543,1,0.0001220703125,1287.2219437499948,1273.8630999999996,not_in_gurobi_pool,,0011001110110101110,00000100000000010,001100111011010111000000100000000010,128,8192,25,152,true,single,36,1.0e-10,64
VQE_reduced_surrogate,73002,5414,1,0.0001220703125,1255.4522187500024,1274.1545999999996,not_in_gurobi_pool,,1100010111110101101,00000000010101000,110001011111010110100000000010101000,128,8192,25,152,true,single,36,1.0e-10,64
VQE_reduced_surrogate,73002,5548,1,0.0001220703125,1289.375943750002,1276.0170999999993,not_in_gurobi_pool,,0011000111110100100,00100000000000000,001100011111010010000100000000000000,128,8192,25,152,true,single,36,1.0e-10,64
VQE_reduced_surrogate,73002,5509,1,0.0001220703125,1278.7258687499836,1276.0540999999996,not_in_gurobi_pool,,0011111101110101100,00000100000101000,001111110111010110000000100000101000,128,8192,25,152,true,single,36,1.0e-10,64
VQE_reduced_surrogate,73002,5487,1,0.0001220703125,1270.584293749999,1278.5995999999993,not_in_gurobi_pool,,0010000111111011110,00100000010000100,001000011111101111000100000010000100,128,8192,25,152,true,single,36,1.0e-10,64
VQE_reduced_surrogate,73002,5489,1,0.0001220703125,1271.0982937499925,1279.1136,not_in_gurobi_pool,,1100111111110101101,00000001000101000,110011111111010110100000001000101000,128,8192,25,152,true,single,36,1.0e-10,64
VQE_reduced_surrogate,73002,5598,1,0.0001220703125,1303.832018749997,1279.7860999999998,not_in_gurobi_pool,,0101101011010110110,00000101100000001,010110101101011011000000101100000001,128,8192,25,152,true,single,36,1.0e-10,64
VQE_reduced_surrogate,73002,5522,1,0.0001220703125,1283.2408687499944,1280.5690999999993,not_in_gurobi_pool,,1101001111111101111,00000001000000010,110100111111110111100000001000000010,128,8192,25,152,true,single,36,1.0e-10,64
VQE_reduced_surrogate,73002,5525,1,0.0001220703125,1283.6478687499969,1280.9760999999992,not_in_gurobi_pool,,0011101011110100101,00000100000000000,001110101111010010100000100000000000,128,8192,25,152,true,single,36,1.0e-10,64
VQE_reduced_surrogate,73002,5533,1,0.0001220703125,1285.5128687499925,1282.8410999999994,not_in_gurobi_pool,,0011101011110001111,00000100000000110,001110101111000111100000100000000110,128,8192,25,152,true,single,36,1.0e-10,64
VQE_reduced_surrogate,73002,5498,1,0.0001220703125,1274.9713937499898,1282.9866999999995,not_in_gurobi_pool,,0000101111110110110,01000101000000001,000010111111011011001000101000000001,128,8192,25,152,true,single,36,1.0e-10,64
VQE_reduced_surrogate,73002,5511,1,0.0001220703125,1280.4239937499838,1288.4392999999995,not_in_gurobi_pool,,1111011000000010000,10010101000110000,111101100000001000010010101000110000,128,8192,25,152,true,single,36,1.0e-10,64
VQE_reduced_surrogate,73002,5513,1,0.0001220703125,1280.6645937500018,1288.6798999999994,not_in_gurobi_pool,,1100100100100111001,10100000010000000,110010010010011100110100000010000000,128,8192,25,152,true,single,36,1.0e-10,64
VQE_reduced_surrogate,73002,5514,1,0.0001220703125,1280.664593750004,1288.6798999999994,not_in_gurobi_pool,,1100100100100111000,10100000010000000,110010010010011100010100000010000000,128,8192,25,152,true,single,36,1.0e-10,64
VQE_reduced_surrogate,73002,5436,1,0.0001220703125,1260.3418437499943,1289.7312999999997,not_in_gurobi_pool,,0111000100101100001,10100000000100000,011100010010110000110100000000100000,128,8192,25,152,true,single,36,1.0e-10,64
VQE_reduced_surrogate,73002,5438,1,0.0001220703125,1260.442843749992,1289.8322999999993,not_in_gurobi_pool,,0111000100101010000,10100000000100000,011100010010101000010100000000100000,128,8192,25,152,true,single,36,1.0e-10,64
VQE_reduced_surrogate,73002,5524,1,0.0001220703125,1283.6390937499987,1291.6544,not_in_gurobi_pool,,1011110110000111000,10000100010100000,101111011000011100010000100010100000,128,8192,25,152,true,single,36,1.0e-10,64
VQE_reduced_surrogate,73002,5493,1,0.0001220703125,1273.6329187500041,1292.3352999999995,not_in_gurobi_pool,,0111100100100101010,00100000000100010,011110010010010101000100000000100010,128,8192,25,152,true,single,36,1.0e-10,64
VQE_reduced_surrogate,73002,5560,1,0.0001220703125,1295.2140687499964,1292.5422999999998,not_in_gurobi_pool,,0111010100010100001,10010000010110000,011101010001010000110010000010110000,128,8192,25,152,true,single,36,1.0e-10,64
VQE_reduced_surrogate,73002,5534,1,0.0001220703125,1285.7460937499968,1293.7613999999999,not_in_gurobi_pool,,1101111100101111000,10000001000101000,110111110010111100010000001000101000,128,8192,25,152,true,single,36,1.0e-10,64
VQE_reduced_surrogate,73002,5572,1,0.0001220703125,1297.6082687500002,1294.9364999999993,not_in_gurobi_pool,,1001100100110111001,10100000000000000,100110010011011100110100000000000000,128,8192,25,152,true,single,36,1.0e-10,64
VQE_reduced_surrogate,73002,5573,1,0.0001220703125,1297.7166687500005,1295.0448999999996,not_in_gurobi_pool,,1100100101000111001,10100001011000000,110010010100011100110100001011000000,128,8192,25,152,true,single,36,1.0e-10,64
VQE_reduced_surrogate,73002,5542,1,0.0001220703125,1287.081993750004,1295.0972999999997,not_in_gurobi_pool,,1111100110100110010,00100000000100001,111110011010011001000100000000100001,128,8192,25,152,true,single,36,1.0e-10,64
VQE_reduced_surrogate,73002,5506,1,0.0001220703125,1277.4219187499903,1296.1242999999997,not_in_gurobi_pool,,0111001000101010010,00000000000100101,011100100010101001000000000000100101,128,8192,25,152,true,single,36,1.0e-10,64
VQE_reduced_surrogate,73002,5468,1,0.0001220703125,1267.036843749996,1296.4262999999994,not_in_gurobi_pool,,0111000100110001001,10100000000100000,011100010011000100110100000000100000,128,8192,25,152,true,single,36,1.0e-10,64
VQE_reduced_surrogate,73002,5547,1,0.0001220703125,1288.464593749999,1296.4798999999996,not_in_gurobi_pool,,1100101010000111000,10000101110000000,110010101000011100010000101110000000,128,8192,25,152,true,single,36,1.0e-10,64
VQE_reduced_surrogate,73002,5581,1,0.0001220703125,1299.3106687499928,1296.6388999999995,not_in_gurobi_pool,,0100001100100111001,10000001000000000,010000110010011100110000001000000000,128,8192,25,152,true,single,36,1.0e-10,64
VQE_reduced_surrogate,73002,5586,1,0.0001220703125,1300.3556687499959,1297.6838999999993,not_in_gurobi_pool,,1100100110010111001,10100001011000000,110010011001011100110100001011000000,128,8192,25,152,true,single,36,1.0e-10,64
VQE_reduced_surrogate,73002,5624,1,0.0001220703125,1311.172843750005,1297.8139999999994,not_in_gurobi_pool,,0000010000110111000,11000000010001000,000001000011011100011000000010001000,128,8192,25,152,true,single,36,1.0e-10,64
VQE_reduced_surrogate,73002,5549,1,0.0001220703125,1289.9169937499978,1297.9322999999997,not_in_gurobi_pool,,1111101000001101110,00010101000100010,111110100000110111000010101000100010,128,8192,25,152,true,single,36,1.0e-10,64
VQE_reduced_surrogate,73002,5625,1,0.0001220703125,1311.3242437499944,1297.9653999999996,not_in_gurobi_pool,,0101100100111111001,10100000000000000,010110010011111100110100000000000000,128,8192,25,152,true,single,36,1.0e-10,64
VQE_reduced_surrogate,73002,5550,1,0.0001220703125,1290.1099937499791,1298.1252999999995,not_in_gurobi_pool,,0111001010001000011,00001101000100111,011100101000100001100001101000100111,128,8192,25,152,true,single,36,1.0e-10,64
VQE_reduced_surrogate,73002,5627,1,0.0001220703125,1311.6712437500044,1298.3123999999993,not_in_gurobi_pool,,0011011100010110000,10010111000100000,001101110001011000010010111000100000,128,8192,25,152,true,single,36,1.0e-10,64
VQE_reduced_surrogate,73002,5592,1,0.0001220703125,1301.3770687500057,1298.7052999999999,not_in_gurobi_pool,,1111100000010110110,00110000010100001,111110000001011011000110000010100001,128,8192,25,152,true,single,36,1.0e-10,64
VQE_reduced_surrogate,73002,5552,1,0.0001220703125,1290.7199937500027,1298.7352999999998,not_in_gurobi_pool,,0111010010010100000,10000000010110000,011101001001010000010000000010110000,128,8192,25,152,true,single,36,1.0e-10,64
VQE_reduced_surrogate,73002,5518,1,0.0001220703125,1281.3005187499964,1300.0028999999995,not_in_gurobi_pool,,0100000100100111111,00100000010000000,010000010010011111100100000010000000,128,8192,25,152,true,single,36,1.0e-10,64
VQE_reduced_surrogate,73002,5519,1,0.0001220703125,1281.3115187499995,1300.0138999999995,not_in_gurobi_pool,,0010100100100111111,00100000010000000,001010010010011111100100000010000000,128,8192,25,152,true,single,36,1.0e-10,64
VQE_reduced_surrogate,73002,5554,1,0.0001220703125,1292.443993750004,1300.4592999999993,not_in_gurobi_pool,,1111100010111011000,10100000000100000,111110001011101100010100000000100000,128,8192,25,152,true,single,36,1.0e-10,64
VQE_reduced_surrogate,73002,5596,1,0.0001220703125,1303.5370687500015,1300.8652999999995,not_in_gurobi_pool,,0111000100010100111,00110000010100011,011100010001010011100110000010100011,128,8192,25,152,true,single,36,1.0e-10,64
VQE_reduced_surrogate,73002,5557,1,0.0001220703125,1293.1085937499995,1301.1238999999994,not_in_gurobi_pool,,1100010010101011100,00000000010101000,110001001010101110000000000010101000,128,8192,25,152,true,single,36,1.0e-10,64
VQE_reduced_surrogate,73002,5669,1,0.0001220703125,1325.2043187499914,1301.1583999999998,not_in_gurobi_pool,,1101100110111111001,10100000000000000,110110011011111100110100000000000000,128,8192,25,152,true,single,36,1.0e-10,64
VQE_reduced_surrogate,73002,5599,1,0.0001220703125,1303.8366687500077,1301.1648999999995,not_in_gurobi_pool,,1100011110100111011,00000001000101000,110001111010011101100000001000101000,128,8192,25,152,true,single,36,1.0e-10,64
VQE_reduced_surrogate,73002,5558,1,0.0001220703125,1293.3260937499997,1301.3413999999998,not_in_gurobi_pool,,1011110101010111001,10000100010100000,101111010101011100110000100010100000,128,8192,25,152,true,single,36,1.0e-10,64
VQE_reduced_surrogate,73002,5559,1,0.0001220703125,1293.4119937499918,1301.4272999999996,not_in_gurobi_pool,,0111000010000001111,00100000010100110,011100001000000111100100000010100110,128,8192,25,152,true,single,36,1.0e-10,64
VQE_reduced_surrogate,73002,5635,1,0.0001220703125,1314.9398437499956,1301.5809999999994,not_in_gurobi_pool,,0000111100000111111,01010111110000000,000011110000011111101010111110000000,128,8192,25,152,true,single,36,1.0e-10,64
VQE_reduced_surrogate,73002,5672,1,0.0001220703125,1326.1027187500017,1302.0567999999998,not_in_gurobi_pool,,0110010010010111011,00000000011110000,011001001001011101100000000011110000,128,8192,25,152,true,single,36,1.0e-10,64
VQE_reduced_surrogate,73002,5602,1,0.0001220703125,1305.0805687500094,1302.4087999999997,not_in_gurobi_pool,,1110110010110111011,00000000010111000,111011001011011101100000000010111000,128,8192,25,152,true,single,36,1.0e-10,64
VQE_reduced_surrogate,73002,5676,1,0.0001220703125,1326.5353187499975,1302.4893999999995,not_in_gurobi_pool,,1011000110100101110,00100000000000010,101100011010010111000100000000000010,128,8192,25,152,true,single,36,1.0e-10,64
VQE_reduced_surrogate,73002,5528,1,0.0001220703125,1283.9405187499958,1302.6428999999998,not_in_gurobi_pool,,1100111110010111001,10000101110100000,110011111001011100110000101110100000,128,8192,25,152,true,single,36,1.0e-10,64
VQE_reduced_surrogate,73002,5637,1,0.0001220703125,1316.2222437499975,1302.8633999999993,not_in_gurobi_pool,,0011110101100111011,00000000000101000,001111010110011101100000000000101000,128,8192,25,152,true,single,36,1.0e-10,64
VQE_reduced_surrogate,73002,5604,1,0.0001220703125,1305.6270687499946,1302.9552999999996,not_in_gurobi_pool,,0111011110011000001,10001101000110000,011101111001100000110001101000110000,128,8192,25,152,true,single,36,1.0e-10,64
VQE_reduced_surrogate,73002,5605,1,0.0001220703125,1305.76926875001,1303.0974999999996,not_in_gurobi_pool,,0001101101000111000,10000111100000000,000110110100011100010000111100000000,128,8192,25,152,true,single,36,1.0e-10,64
VQE_reduced_surrogate,73002,5607,1,0.0001220703125,1305.960168749989,1303.2883999999997,not_in_gurobi_pool,,1101100100110111111,00100000000000000,110110010011011111100100000000000000,128,8192,25,152,true,single,36,1.0e-10,64
VQE_reduced_surrogate,73002,5561,1,0.0001220703125,1295.3704937499986,1303.3857999999998,not_in_gurobi_pool,,0110110010101000110,00000000010111111,011011001010100011000000000010111111,128,8192,25,152,true,single,36,1.0e-10,64
VQE_reduced_surrogate,73002,5494,1,0.0001220703125,1274.0888437499946,1303.4782999999995,not_in_gurobi_pool,,0111100100111000110,00100000000100111,011110010011100011000100000000100111,128,8192,25,152,true,single,36,1.0e-10,64
VQE_reduced_surrogate,73002,5562,1,0.0001220703125,1295.5059937500014,1303.5212999999997,not_in_gurobi_pool,,0111010110110010011,00000000000111101,011101011011001001100000000000111101,128,8192,25,152,true,single,36,1.0e-10,64
VQE_reduced_surrogate,73002,5563,1,0.0001220703125,1295.5299937499947,1303.5452999999995,not_in_gurobi_pool,,0111101100101001110,00000000000100110,011110110010100111000000000000100110,128,8192,25,152,true,single,36,1.0e-10,64
VQE_reduced_surrogate,73002,5639,1,0.0001220703125,1317.5152437499964,1304.1563999999994,not_in_gurobi_pool,,0011110110100101100,00000000000101000,001111011010010110000000000000101000,128,8192,25,152,true,single,36,1.0e-10,64
VQE_reduced_surrogate,73002,5685,1,0.0001220703125,1328.2077187499967,1304.1617999999999,not_in_gurobi_pool,,0110111000100101110,00000000000111010,011011100010010111000000000000111010,128,8192,25,152,true,single,36,1.0e-10,64
VQE_reduced_surrogate,73002,5609,1,0.0001220703125,1306.919068750001,1304.2472999999993,not_in_gurobi_pool,,0111110110100100111,00000000000111011,011111011010010011100000000000111011,128,8192,25,152,true,single,36,1.0e-10,64
VQE_reduced_surrogate,73002,5641,1,0.0001220703125,1317.616243749992,1304.2573999999995,not_in_gurobi_pool,,0011110110101011100,00000000000101000,001111011010101110000000000000101000,128,8192,25,152,true,single,36,1.0e-10,64
VQE_reduced_surrogate,73002,5686,1,0.0001220703125,1328.308718749996,1304.2627999999995,not_in_gurobi_pool,,0110111000101011110,00000000000111100,011011100010101111000000000000111100,128,8192,25,152,true,single,36,1.0e-10,64
VQE_reduced_surrogate,73002,5564,1,0.0001220703125,1296.5315937499838,1304.5468999999996,not_in_gurobi_pool,,1100010001100101100,00000000010101000,110001000110010110000000000010101000,128,8192,25,152,true,single,36,1.0e-10,64
VQE_reduced_surrogate,73002,5610,1,0.0001220703125,1307.2640687500077,1304.5922999999996,not_in_gurobi_pool,,0111111000010010100,00010101000110000,011111100001001010000010101000110000,128,8192,25,152,true,single,36,1.0e-10,64
VQE_reduced_surrogate,73002,5565,1,0.0001220703125,1296.6325937499885,1304.6478999999997,not_in_gurobi_pool,,1100010001101011100,00000000010101000,110001000110101110000000000010101000,128,8192,25,152,true,single,36,1.0e-10,64
VQE_reduced_surrogate,73002,5535,1,0.0001220703125,1285.9715187499962,1304.6738999999998,not_in_gurobi_pool,,1100010110011111100,00000001011100000,110001011001111110000000001011100000,128,8192,25,152,true,single,36,1.0e-10,64
VQE_reduced_surrogate,73002,5567,1,0.0001220703125,1296.7886937499975,1304.8039999999999,not_in_gurobi_pool,,0000100100111111101,01100000010000000,000010010011111110101100000010000000,128,8192,25,152,true,single,36,1.0e-10,64
VQE_reduced_surrogate,73002,5611,1,0.0001220703125,1307.483168750012,1304.8113999999994,not_in_gurobi_pool,,1101111101100111011,00000001000101000,110111110110011101100000001000101000,128,8192,25,152,true,single,36,1.0e-10,64
VQE_reduced_surrogate,73002,5536,1,0.0001220703125,1286.2705187499905,1304.9728999999995,not_in_gurobi_pool,,0010111100100111111,00000100000101000,001011110010011111100000100000101000,128,8192,25,152,true,single,36,1.0e-10,64
VQE_reduced_surrogate,73002,5537,1,0.0001220703125,1286.3549187499896,1305.0572999999997,not_in_gurobi_pool,,0111100100111110111,00100000000100001,011110010011111011100100000000100001,128,8192,25,152,true,single,36,1.0e-10,64
VQE_reduced_surrogate,73002,5571,1,0.0001220703125,1297.3515937500003,1305.3668999999995,not_in_gurobi_pool,,0010010010100101110,00000000010101010,001001001010010111000000000010101010,128,8192,25,152,true,single,36,1.0e-10,64
VQE_reduced_surrogate,73002,5612,1,0.0001220703125,1308.2996687499938,1305.6278999999995,not_in_gurobi_pool,,0010011001101011000,10000100000101000,001001100110101100010000100000101000,128,8192,25,152,true,single,36,1.0e-10,64
VQE_reduced_surrogate,73002,5613,1,0.0001220703125,1308.385168749999,1305.7133999999996,not_in_gurobi_pool,,0011100111100010000,10100000000000000,001110011110001000010100000000000000,128,8192,25,152,true,single,36,1.0e-10,64
VQE_reduced_surrogate,73002,5614,1,0.0001220703125,1308.5970687500007,1305.9252999999997,not_in_gurobi_pool,,0111111100010010110,00010101000110101,011111110001001011000010101000110101,128,8192,25,152,true,single,36,1.0e-10,64
VQE_reduced_surrogate,73002,5615,1,0.0001220703125,1308.6536687499984,1305.9818999999998,not_in_gurobi_pool,,1100011110100101100,00000001000101000,110001111010010110000000001000101000,128,8192,25,152,true,single,36,1.0e-10,64
VQE_reduced_surrogate,73002,5618,1,0.0001220703125,1308.7871687499915,1306.1153999999997,not_in_gurobi_pool,,1011111110100101100,00000100000101000,101111111010010110000000100000101000,128,8192,25,152,true,single,36,1.0e-10,64
VQE_reduced_surrogate,73002,5574,1,0.0001220703125,1298.1140937499883,1306.1294,not_in_gurobi_pool,,1101100010011111110,00100001010000000,110110001001111111000100001010000000,128,8192,25,152,true,single,36,1.0e-10,64
VQE_reduced_surrogate,73002,5504,1,0.0001220703125,1276.7764437499936,1306.1658999999997,not_in_gurobi_pool,,0100010000110111111,00000000010101000,010001000011011111100000000010101000,128,8192,25,152,true,single,36,1.0e-10,64
VQE_reduced_surrogate,73002,5575,1,0.0001220703125,1298.241993750009,1306.2572999999995,not_in_gurobi_pool,,0111000110010001100,00100000010100000,011100011001000110000100000010100000,128,8192,25,152,true,single,36,1.0e-10,64
VQE_reduced_surrogate,73002,5650,1,0.0001220703125,1320.180243749999,1306.8213999999996,not_in_gurobi_pool,,1101101011101000001,10001001000000000,110110101110100000110001001000000000,128,8192,25,152,true,single,36,1.0e-10,64
VQE_reduced_surrogate,73002,5651,1,0.0001220703125,1320.3002437499913,1306.9413999999997,not_in_gurobi_pool,,0011010001101001100,00000000000101000,001101000110100110000000000000101000,128,8192,25,152,true,single,36,1.0e-10,64
VQE_reduced_surrogate,73002,5578,1,0.0001220703125,1299.0309937500035,1307.0462999999995,not_in_gurobi_pool,,0111001110111100000,10000000000100000,011100111011110000010000000000100000,128,8192,25,152,true,single,36,1.0e-10,64
VQE_reduced_surrogate,73002,5579,1,0.0001220703125,1299.1319937500045,1307.1472999999996,not_in_gurobi_pool,,0111001110111010000,10000000000100000,011100111011101000010000000000100000,128,8192,25,152,true,single,36,1.0e-10,64
VQE_reduced_surrogate,73002,5619,1,0.0001220703125,1309.8691687500032,1307.1973999999993,not_in_gurobi_pool,,0011111010000011110,00000111000100100,001111101000001111000000111000100100,128,8192,25,152,true,single,36,1.0e-10,64
VQE_reduced_surrogate,73002,5580,1,0.0001220703125,1299.2329937500078,1307.2482999999995,not_in_gurobi_pool,,0111111111001100001,10000101000110000,011111111100110000110000101000110000,128,8192,25,152,true,single,36,1.0e-10,64
VQE_reduced_surrogate,73002,5695,1,0.0001220703125,1331.4867187500088,1307.4407999999996,not_in_gurobi_pool,,1110100111011111001,10100000011100000,111010011101111100110100000011100000,128,8192,25,152,true,single,36,1.0e-10,64
VQE_reduced_surrogate,73002,5582,1,0.0001220703125,1299.5340937500075,1307.5493999999994,not_in_gurobi_pool,,0011011010110001001,10000100000101000,001101101011000100110000100000101000,128,8192,25,152,true,single,36,1.0e-10,64
VQE_reduced_surrogate,73002,5583,1,0.0001220703125,1299.658593749996,1307.6738999999998,not_in_gurobi_pool,,0100100010011111101,00100001011000000,010010001001111110100100001011000000,128,8192,25,152,true,single,36,1.0e-10,64
VQE_reduced_surrogate,73002,5620,1,0.0001220703125,1310.443068750006,1307.7712999999997,not_in_gurobi_pool,,0111110101100100111,00000000000111011,011111010110010011100000000000111011,128,8192,25,152,true,single,36,1.0e-10,64
VQE_reduced_surrogate,73002,5621,1,0.0001220703125,1311.0690687500014,1308.3972999999994,not_in_gurobi_pool,,1111001101100100101,00000000000100000,111100110110010010100000000000100000,128,8192,25,152,true,single,36,1.0e-10,64
VQE_reduced_surrogate,73002,5623,1,0.0001220703125,1311.1520687500022,1308.4802999999995,not_in_gurobi_pool,,0111111010111010011,00000000000111101,011111101011101001100000000000111101,128,8192,25,152,true,single,36,1.0e-10,64
VQE_reduced_surrogate,73002,5655,1,0.0001220703125,1321.9097437500022,1308.5508999999995,not_in_gurobi_pool,,0100001010100110100,00000001000000000,010000101010011010000000001000000000,128,8192,25,152,true,single,36,1.0e-10,64
VQE_reduced_surrogate,73002,5626,1,0.0001220703125,1311.5915687499996,1308.9197999999994,not_in_gurobi_pool,,0110110101100101110,00000000010111010,011011010110010111000000000010111010,128,8192,25,152,true,single,36,1.0e-10,64
VQE_reduced_surrogate,73002,5744,1,0.0001220703125,1343.7547937499935,1309.0217999999998,not_in_gurobi_pool,,0110111110101101101,00000000000111000,011011111010110110100000000000111000,128,8192,25,152,true,single,36,1.0e-10,64
VQE_reduced_surrogate,73002,5587,1,0.0001220703125,1301.1609937499995,1309.1762999999994,not_in_gurobi_pool,,0111001000110100111,00000000000100011,011100100011010011100000000000100011,128,8192,25,152,true,single,36,1.0e-10,64
VQE_reduced_surrogate,73002,5589,1,0.0001220703125,1301.2339937500071,1309.2492999999997,not_in_gurobi_pool,,0111000001011100100,00100000010100000,011100000101110010000100000010100000,128,8192,25,152,true,single,36,1.0e-10,64
VQE_reduced_surrogate,73002,5590,1,0.0001220703125,1301.261993749996,1309.2772999999995,not_in_gurobi_pool,,0111001000110010111,00000000000100101,011100100011001011100000000000100101,128,8192,25,152,true,single,36,1.0e-10,64
VQE_reduced_surrogate,73002,5591,1,0.0001220703125,1301.3435937499823,1309.3588999999997,not_in_gurobi_pool,,1100100110111111110,00100000010000000,110010011011111111000100000010000000,128,8192,25,152,true,single,36,1.0e-10,64
VQE_reduced_surrogate,73002,5661,1,0.0001220703125,1323.009643750012,1309.6508,not_in_gurobi_pool,,1110001111100110011,00000000000100001,111000111110011001100000000000100001,128,8192,25,152,true,single,36,1.0e-10,64
VQE_reduced_surrogate,73002,5628,1,0.0001220703125,1312.4931687500077,1309.8214,not_in_gurobi_pool,,0101111111101000001,10001001000101000,010111111110100000110001001000101000,128,8192,25,152,true,single,36,1.0e-10,64
VQE_reduced_surrogate,73002,5663,1,0.0001220703125,1323.429843750001,1310.0709999999995,not_in_gurobi_pool,,1000011001101001110,01000101000001110,100001100110100111001000101000001110,128,8192,25,152,true,single,36,1.0e-10,64
VQE_reduced_surrogate,73002,5704,1,0.0001220703125,1334.3653187500056,1310.3193999999996,not_in_gurobi_pool,,0011000010110101101,00100000000000000,001100001011010110100100000000000000,128,8192,25,152,true,single,36,1.0e-10,64
VQE_reduced_surrogate,73002,5666,1,0.0001220703125,1323.7682437499961,1310.4093999999996,not_in_gurobi_pool,,0101010010111011101,00000000000101000,010101001011101110100000000000101000,128,8192,25,152,true,single,36,1.0e-10,64
VQE_reduced_surrogate,73002,5667,1,0.0001220703125,1323.80924374999,1310.4503999999995,not_in_gurobi_pool,,0101001010111111011,00000001000000000,010100101011111101100000001000000000,128,8192,25,152,true,single,36,1.0e-10,64
VQE_reduced_surrogate,73002,5629,1,0.0001220703125,1313.1830687499958,1310.5112999999994,not_in_gurobi_pool,,0111110010111010111,00000000000111101,011111001011101011100000000000111101,128,8192,25,152,true,single,36,1.0e-10,64
VQE_reduced_surrogate,73002,5705,1,0.0001220703125,1334.5747187500044,1310.5287999999996,not_in_gurobi_pool,,0110100111000011101,00100000011100000,011010011100001110100100000011100000,128,8192,25,152,true,single,36,1.0e-10,64
VQE_reduced_surrogate,73002,5594,1,0.0001220703125,1302.5235937499897,1310.5388999999996,not_in_gurobi_pool,,0100001011101010000,10000001000000000,010000101110101000010000001000000000,128,8192,25,152,true,single,36,1.0e-10,64
VQE_reduced_surrogate,73002,5630,1,0.0001220703125,1313.2200687499808,1310.5483,not_in_gurobi_pool,,0111111100111011111,00000000000111100,011111110011101111100000000000111100,128,8192,25,152,true,single,36,1.0e-10,64
VQE_reduced_surrogate,73002,5631,1,0.0001220703125,1313.2970687500074,1310.6252999999997,not_in_gurobi_pool,,0111000111011110011,00100000010100001,011100011101111001100100000010100001,128,8192,25,152,true,single,36,1.0e-10,64
VQE_reduced_surrogate,73002,5706,1,0.0001220703125,1334.7093187500004,1310.6633999999997,not_in_gurobi_pool,,0011001111001111011,00000111000000000,001100111100111101100000111000000000,128,8192,25,152,true,single,36,1.0e-10,64
VQE_reduced_surrogate,73002,5632,1,0.0001220703125,1313.523668750003,1310.8518999999994,not_in_gurobi_pool,,1100111001110111011,00000001000101000,110011100111011101100000001000101000,128,8192,25,152,true,single,36,1.0e-10,64
VQE_reduced_surrogate,73002,5595,1,0.0001220703125,1302.9655937500002,1310.9808999999996,not_in_gurobi_pool,,0010001011101001001,10000100000000000,001000101110100100110000100000000000,128,8192,25,152,true,single,36,1.0e-10,64
VQE_reduced_surrogate,73002,5670,1,0.0001220703125,1325.5352437499914,1312.1763999999996,not_in_gurobi_pool,,1011010001110101110,00000000000101010,101101000111010111000000000000101010,128,8192,25,152,true,single,36,1.0e-10,64
VQE_reduced_surrogate,73002,5600,1,0.0001220703125,1304.432593750002,1312.4478999999994,not_in_gurobi_pool,,1100011111001011100,00000101110100000,110001111100101110000000101110100000,128,8192,25,152,true,single,36,1.0e-10,64
VQE_reduced_surrogate,73002,5671,1,0.0001220703125,1325.976743750005,1312.6178999999995,not_in_gurobi_pool,,0010001001100011100,00000100000000000,001000100110001110000000100000000000,128,8192,25,152,true,single,36,1.0e-10,64
VQE_reduced_surrogate,73002,5606,1,0.0001220703125,1305.8054937500099,1313.8207999999997,not_in_gurobi_pool,,1110001111001011110,00000101010100100,111000111100101111000000101010100100,128,8192,25,152,true,single,36,1.0e-10,64
VQE_reduced_surrogate,73002,5638,1,0.0001220703125,1316.4925687500267,1313.8208,not_in_gurobi_pool,,1110011111001011111,00000101010110100,111001111100101111100000101010110100,128,8192,25,152,true,single,36,1.0e-10,64
VQE_reduced_surrogate,73002,5608,1,0.0001220703125,1306.3025937499856,1314.3178999999993,not_in_gurobi_pool,,1100111110110111111,00000001000101000,110011111011011111100000001000101000,128,8192,25,152,true,single,36,1.0e-10,64
VQE_reduced_surrogate,73002,5683,1,0.0001220703125,1328.1002437499997,1314.7413999999994,not_in_gurobi_pool,,0011111011001001100,00000111000100000,001111101100100110000000111000100000,128,8192,25,152,true,single,36,1.0e-10,64
VQE_reduced_surrogate,73002,5642,1,0.0001220703125,1318.6566687499742,1315.9848999999997,not_in_gurobi_pool,,0100101110111111101,00000001000000000,010010111011111110100000001000000000,128,8192,25,152,true,single,36,1.0e-10,64
VQE_reduced_surrogate,73002,5646,1,0.0001220703125,1318.9646687500026,1316.2928999999997,not_in_gurobi_pool,,1100101011101001111,00000001000000110,110010101110100111100000001000000110,128,8192,25,152,true,single,36,1.0e-10,64
VQE_reduced_surrogate,73002,5616,1,0.0001220703125,1308.719093750002,1316.7343999999994,not_in_gurobi_pool,,0011101011110100001,10000100000000000,001110101111010000110000100000000000,128,8192,25,152,true,single,36,1.0e-10,64
VQE_reduced_surrogate,73002,5617,1,0.0001220703125,1308.719093750008,1316.7343999999994,not_in_gurobi_pool,,0011101011110100000,10000100000000000,001110101111010000010000100000000000,128,8192,25,152,true,single,36,1.0e-10,64
VQE_reduced_surrogate,73002,5691,1,0.0001220703125,1330.1332437500025,1316.7743999999996,not_in_gurobi_pool,,0101000011011011100,00100001010000000,010100001101101110000100001010000000,128,8192,25,152,true,single,36,1.0e-10,64
VQE_reduced_surrogate,73002,5692,1,0.0001220703125,1330.3338437499938,1316.9749999999997,not_in_gurobi_pool,,1000010111110011100,01000000010001000,100001011111001110001000000010001000,128,8192,25,152,true,single,36,1.0e-10,64
VQE_reduced_surrogate,73002,5544,1,0.0001220703125,1287.837043750012,1317.2264999999993,not_in_gurobi_pool,,0001111011110001000,10000101000001000,000111101111000100010000101000001000,128,8192,25,152,true,single,36,1.0e-10,64
VQE_reduced_surrogate,73002,5545,1,0.0001220703125,1288.0220437499706,1317.4114999999993,not_in_gurobi_pool,,0001101010111111111,00000101000000000,000110101011111111100000101000000000,128,8192,25,152,true,single,36,1.0e-10,64
VQE_reduced_surrogate,73002,5652,1,0.0001220703125,1320.6027687500005,1317.9309999999996,not_in_gurobi_pool,,0000111111101001100,01000101000001000,000011111110100110001000101000001000,128,8192,25,152,true,single,36,1.0e-10,64
VQE_reduced_surrogate,73002,5657,1,0.0001220703125,1322.0101687499985,1319.3383999999992,not_in_gurobi_pool,,0011001111110101011,00000100000000010,001100111111010101100000100000000010,128,8192,25,152,true,single,36,1.0e-10,64
VQE_reduced_surrogate,73002,5588,1,0.0001220703125,1301.2005187499926,1319.9028999999994,not_in_gurobi_pool,,0100110111110101100,00000000010101000,010011011111010110000000000010101000,128,8192,25,152,true,single,36,1.0e-10,64
VQE_reduced_surrogate,73002,5702,1,0.0001220703125,1333.443643749993,1320.0847999999994,not_in_gurobi_pool,,0110101111111111011,00000000000100000,011010111111111101100000000000100000,128,8192,25,152,true,single,36,1.0e-10,64
VQE_reduced_surrogate,73002,5662,1,0.0001220703125,1323.051568750008,1320.3797999999995,not_in_gurobi_pool,,0110011011011010100,00000101010110000,011001101101101010000000101010110000,128,8192,25,152,true,single,36,1.0e-10,64
VQE_reduced_surrogate,73002,5634,1,0.0001220703125,1314.7196937500003,1322.7349999999997,not_in_gurobi_pool,,1000001011111110111,01000101000000001,100000101111111011101000101000000001,128,8192,25,152,true,single,36,1.0e-10,64
VQE_reduced_surrogate,73002,5674,1,0.0001220703125,1326.325768749982,1323.6539999999995,not_in_gurobi_pool,,0000101111010111111,01000111110000000,000010111101011111101000111110000000,128,8192,25,152,true,single,36,1.0e-10,64
VQE_reduced_surrogate,73002,5636,1,0.0001220703125,1316.1075937499972,1324.1228999999996,not_in_gurobi_pool,,0100111011110001100,00000001000101000,010011101111000110000000001000101000,128,8192,25,152,true,single,36,1.0e-10,64
VQE_reduced_surrogate,73002,5681,1,0.0001220703125,1327.6057687499956,1324.9339999999993,not_in_gurobi_pool,,0000011111111011101,01000101000001000,000001111111101110101000101000001000,128,8192,25,152,true,single,36,1.0e-10,64
VQE_reduced_surrogate,73002,5640,1,0.0001220703125,1317.5740937499875,1325.5893999999992,not_in_gurobi_pool,,0011111111110001110,00000100000101110,001111111111000111000000100000101110,128,8192,25,152,true,single,36,1.0e-10,64
VQE_reduced_surrogate,73002,5720,1,0.0001220703125,1336.9219687499985,1334.2501999999995,not_in_gurobi_pool,,1010010100010111000,10010100011100000,101001010001011100010010100011100000,128,8192,25,152,true,single,36,1.0e-10,64
VQE_reduced_surrogate,73002,5722,1,0.0001220703125,1337.0710687500089,1334.3992999999996,not_in_gurobi_pool,,0000100100100111001,11100000010000000,000010010010011100111100000010000000,128,8192,25,152,true,single,36,1.0e-10,64
VQE_reduced_surrogate,73002,5675,1,0.0001220703125,1326.4238937500143,1334.4391999999996,not_in_gurobi_pool,,0010100100100111000,10100000010000000,001010010010011100010100000010000000,128,8192,25,152,true,single,36,1.0e-10,64
VQE_reduced_surrogate,73002,5679,1,0.0001220703125,1327.2752937499947,1335.2905999999996,not_in_gurobi_pool,,0111000100010100001,10110000010100000,011100010001010000110110000010100000,128,8192,25,152,true,single,36,1.0e-10,64
VQE_reduced_surrogate,73002,5680,1,0.0001220703125,1327.275293750002,1335.2905999999996,not_in_gurobi_pool,,0111000100010100000,10110000010100000,011100010001010000010110000010100000,128,8192,25,152,true,single,36,1.0e-10,64
VQE_reduced_surrogate,73002,5682,1,0.0001220703125,1328.0198937499924,1336.0351999999996,not_in_gurobi_pool,,0100011100001111000,10010101110100000,010001110000111100010010101110100000,128,8192,25,152,true,single,36,1.0e-10,64
VQE_reduced_surrogate,73002,5684,1,0.0001220703125,1328.1452937500057,1336.1605999999997,not_in_gurobi_pool,,0111100110001110000,10100000010100000,011110011000111000010100000010100000,128,8192,25,152,true,single,36,1.0e-10,64
VQE_reduced_surrogate,73002,5687,1,0.0001220703125,1328.6772937500061,1336.6925999999994,not_in_gurobi_pool,,0111100010001011000,10100000010100000,011110001000101100010100000010100000,128,8192,25,152,true,single,36,1.0e-10,64
VQE_reduced_surrogate,73002,5731,1,0.0001220703125,1339.4928687499962,1336.8210999999994,not_in_gurobi_pool,,1110010010100101000,10000000010111000,111001001010010100010000000010111000,128,8192,25,152,true,single,36,1.0e-10,64
VQE_reduced_surrogate,73002,5643,1,0.0001220703125,1318.736218749998,1337.4385999999995,not_in_gurobi_pool,,0111001000101100000,10000000000100000,011100100010110000010000000000100000,128,8192,25,152,true,single,36,1.0e-10,64
VQE_reduced_surrogate,73002,5644,1,0.0001220703125,1318.8372187499876,1337.5395999999996,not_in_gurobi_pool,,0111001000101010001,10000000000100000,011100100010101000110000000000100000,128,8192,25,152,true,single,36,1.0e-10,64
VQE_reduced_surrogate,73002,5645,1,0.0001220703125,1318.8372187499936,1337.5395999999996,not_in_gurobi_pool,,0111001000101010000,10000000000100000,011100100010101000010000000000100000,128,8192,25,152,true,single,36,1.0e-10,64
VQE_reduced_surrogate,73002,5688,1,0.0001220703125,1329.6058937500013,1337.6211999999996,not_in_gurobi_pool,,1100010110101111000,10000000010101000,110001011010111100010000000010101000,128,8192,25,152,true,single,36,1.0e-10,64
VQE_reduced_surrogate,73002,5733,1,0.0001220703125,1340.3854687499986,1337.7136999999996,not_in_gurobi_pool,,1101110100110111000,10000000000101000,110111010011011100010000000000101000,128,8192,25,152,true,single,36,1.0e-10,64
VQE_reduced_surrogate,73002,5736,1,0.0001220703125,1340.849368750006,1338.1775999999998,not_in_gurobi_pool,,1111011100001010101,00010101000110000,111101110000101010100010101000110000,128,8192,25,152,true,single,36,1.0e-10,64
VQE_reduced_surrogate,73002,5647,1,0.0001220703125,1319.9702187499988,1338.6725999999992,not_in_gurobi_pool,,0111100110100100001,10100000000100000,011110011010010000110100000000100000,128,8192,25,152,true,single,36,1.0e-10,64
VQE_reduced_surrogate,73002,5772,1,0.0001220703125,1352.0535437499987,1338.6946999999996,not_in_gurobi_pool,,0101000100010111011,00110001010000000,010100010001011101100110001010000000,128,8192,25,152,true,single,36,1.0e-10,64
VQE_reduced_surrogate,73002,5648,1,0.0001220703125,1320.0712187499944,1338.7735999999993,not_in_gurobi_pool,,0111100110101010001,10100000000100000,011110011010101000110100000000100000,128,8192,25,152,true,single,36,1.0e-10,64
VQE_reduced_surrogate,73002,5649,1,0.0001220703125,1320.0712187500021,1338.7735999999993,not_in_gurobi_pool,,0111100110101010000,10100000000100000,011110011010101000010100000000100000,128,8192,25,152,true,single,36,1.0e-10,64
VQE_reduced_surrogate,73002,5694,1,0.0001220703125,1331.0582937499973,1339.0735999999997,not_in_gurobi_pool,,1111110100100101110,00000000000111010,111111010010010111000000000000111010,128,8192,25,152,true,single,36,1.0e-10,64
VQE_reduced_surrogate,73002,5738,1,0.0001220703125,1341.993568750011,1339.3217999999995,not_in_gurobi_pool,,1001101010000111000,10000111100000000,100110101000011100010000111100000000,128,8192,25,152,true,single,36,1.0e-10,64
VQE_reduced_surrogate,73002,5775,1,0.0001220703125,1352.7205437500036,1339.3616999999995,not_in_gurobi_pool,,1011101110000111000,10000111000000000,101110111000011100010000111000000000,128,8192,25,152,true,single,36,1.0e-10,64
VQE_reduced_surrogate,73002,5741,1,0.0001220703125,1342.4263687500033,1339.7545999999998,not_in_gurobi_pool,,1111010110010101000,10000000010110000,111101011001010100010000000010110000,128,8192,25,152,true,single,36,1.0e-10,64
VQE_reduced_surrogate,73002,5653,1,0.0001220703125,1321.64821874999,1340.3505999999995,not_in_gurobi_pool,,0111001000010010001,10010101000100000,011100100001001000110010101000100000,128,8192,25,152,true,single,36,1.0e-10,64
VQE_reduced_surrogate,73002,5622,1,0.0001220703125,1311.1363437500033,1340.5257999999992,not_in_gurobi_pool,,1001100010010111001,10100101010000000,100110001001011100110100101010000000,128,8192,25,152,true,single,36,1.0e-10,64
VQE_reduced_surrogate,73002,5654,1,0.0001220703125,1321.888818749998,1340.5911999999994,not_in_gurobi_pool,,0100010100110111000,10000000010101000,010001010011011100010000000010101000,128,8192,25,152,true,single,36,1.0e-10,64
VQE_reduced_surrogate,73002,5697,1,0.0001220703125,1332.5758937500093,1340.5911999999996,not_in_gurobi_pool,,0100100000110111000,10100000010000000,010010000011011100010100000010000000,128,8192,25,152,true,single,36,1.0e-10,64
VQE_reduced_surrogate,73002,5698,1,0.0001220703125,1332.5758937500068,1340.5911999999996,not_in_gurobi_pool,,0100100100110111000,10100000010000000,010010010011011100010100000010000000,128,8192,25,152,true,single,36,1.0e-10,64
VQE_reduced_surrogate,73002,5699,1,0.0001220703125,1332.6152937499987,1340.6305999999997,not_in_gurobi_pool,,1111010001101010011,00000000000111101,111101000110101001100000000000111101,128,8192,25,152,true,single,36,1.0e-10,64
VQE_reduced_surrogate,73002,5656,1,0.0001220703125,1321.928718750002,1340.6310999999996,not_in_gurobi_pool,,0110100000111111001,10100000010100000,011010000011111100110100000010100000,128,8192,25,152,true,single,36,1.0e-10,64
VQE_reduced_surrogate,73002,5817,1,0.0001220703125,1364.8060187499975,1340.7600999999997,not_in_gurobi_pool,,0110111000100111011,00000000000111000,011011100010011101100000000000111000,128,8192,25,152,true,single,36,1.0e-10,64
VQE_reduced_surrogate,73002,5659,1,0.0001220703125,1322.4172187500026,1341.1195999999995,not_in_gurobi_pool,,0111101110000110001,10000101000100000,011110111000011000110000101000100000,128,8192,25,152,true,single,36,1.0e-10,64
VQE_reduced_surrogate,73002,5701,1,0.0001220703125,1333.3192937499934,1341.3345999999995,not_in_gurobi_pool,,0111110100101001110,00000000000111110,011111010010100111000000000000111110,128,8192,25,152,true,single,36,1.0e-10,64
VQE_reduced_surrogate,73002,5660,1,0.0001220703125,1322.6558187499982,1341.3581999999997,not_in_gurobi_pool,,1100111000000111111,00010101110100000,110011100000011111100010101110100000,128,8192,25,152,true,single,36,1.0e-10,64
VQE_reduced_surrogate,73002,5664,1,0.0001220703125,1323.5258187499953,1342.2281999999996,not_in_gurobi_pool,,0100111110000111001,10000101110100000,010011111000011100110000101110100000,128,8192,25,152,true,single,36,1.0e-10,64
VQE_reduced_surrogate,73002,5665,1,0.0001220703125,1323.536818749997,1342.2391999999995,not_in_gurobi_pool,,0010011110001111001,10000111010100000,001001111000111100110000111010100000,128,8192,25,152,true,single,36,1.0e-10,64
VQE_reduced_surrogate,73002,5749,1,0.0001220703125,1345.094368750002,1342.4225999999999,not_in_gurobi_pool,,0111111000010110011,00010101000110001,011111100001011001100010101000110001,128,8192,25,152,true,single,36,1.0e-10,64
VQE_reduced_surrogate,73002,5782,1,0.0001220703125,1356.2214437499933,1342.8625999999992,not_in_gurobi_pool,,0111011100110000001,10001000000111000,011101110011000000110001000000111000,128,8192,25,152,true,single,36,1.0e-10,64
VQE_reduced_surrogate,73002,5820,1,0.0001220703125,1367.462518749987,1343.4165999999993,not_in_gurobi_pool,,1111111001101000000,10001000000111000,111111100110100000010001000000111000,128,8192,25,152,true,single,36,1.0e-10,64
VQE_reduced_surrogate,73002,5821,1,0.0001220703125,1367.462518749993,1343.4165999999993,not_in_gurobi_pool,,1111111001101000001,10001000000111000,111111100110100000110001000000111000,128,8192,25,152,true,single,36,1.0e-10,64
VQE_reduced_surrogate,73002,5752,1,0.0001220703125,1346.3033687500044,1343.6315999999993,not_in_gurobi_pool,,0111111110101100001,10000000000111000,011111111010110000110000000000111000,128,8192,25,152,true,single,36,1.0e-10,64
VQE_reduced_surrogate,73002,5710,1,0.0001220703125,1335.6742937499948,1343.6895999999995,not_in_gurobi_pool,,0111111000101000101,00000000000111000,011111100010100010100000000000111000,128,8192,25,152,true,single,36,1.0e-10,64
VQE_reduced_surrogate,73002,5753,1,0.0001220703125,1346.4043687500096,1343.7325999999994,not_in_gurobi_pool,,0111111110101010000,10000000000111000,011111111010101000010000000000111000,128,8192,25,152,true,single,36,1.0e-10,64
VQE_reduced_surrogate,73002,5711,1,0.0001220703125,1335.7662937499947,1343.7815999999996,not_in_gurobi_pool,,0111101100001011111,00010101000100100,011110110000101111100010101000100100,128,8192,25,152,true,single,36,1.0e-10,64
VQE_reduced_surrogate,73002,5713,1,0.0001220703125,1336.0812937499984,1344.0965999999994,not_in_gurobi_pool,,1111100010101010111,00100000000100101,111110001010101011100100000000100101,128,8192,25,152,true,single,36,1.0e-10,64
VQE_reduced_surrogate,73002,5714,1,0.0001220703125,1336.1912937500078,1344.2065999999998,not_in_gurobi_pool,,1111100101001011101,00100000010100000,111110010100101110100100000010100000,128,8192,25,152,true,single,36,1.0e-10,64
VQE_reduced_surrogate,73002,5715,1,0.0001220703125,1336.2138937499994,1344.2291999999995,not_in_gurobi_pool,,0100110100011111100,00010001011100000,010011010001111110000010001011100000,128,8192,25,152,true,single,36,1.0e-10,64
VQE_reduced_surrogate,73002,5717,1,0.0001220703125,1336.8572937499964,1344.8725999999997,not_in_gurobi_pool,,0111101100110101001,10000000000100000,011110110011010100110000000000100000,128,8192,25,152,true,single,36,1.0e-10,64
VQE_reduced_surrogate,73002,5718,1,0.0001220703125,1336.8572937500037,1344.8725999999997,not_in_gurobi_pool,,0111101100110101000,10000000000100000,011110110011010100010000000000100000,128,8192,25,152,true,single,36,1.0e-10,64
VQE_reduced_surrogate,73002,5673,1,0.0001220703125,1326.234218750002,1344.9365999999993,not_in_gurobi_pool,,0111000110111010000,10100000000100000,011100011011101000010100000000100000,128,8192,25,152,true,single,36,1.0e-10,64
VQE_reduced_surrogate,73002,5719,1,0.0001220703125,1336.9212937500056,1344.9365999999995,not_in_gurobi_pool,,0111010110111010000,10000000000111000,011101011011101000010000000000111000,128,8192,25,152,true,single,36,1.0e-10,64
VQE_reduced_surrogate,73002,5721,1,0.0001220703125,1337.050293749995,1345.0655999999997,not_in_gurobi_pool,,0111001110101010011,00000000000100101,011100111010101001100000000000100101,128,8192,25,152,true,single,36,1.0e-10,64
VQE_reduced_surrogate,73002,5758,1,0.0001220703125,1347.8158687499993,1345.1440999999998,not_in_gurobi_pool,,1110110010101101110,00000000010111010,111011001010110111000000000010111010,128,8192,25,152,true,single,36,1.0e-10,64
VQE_reduced_surrogate,73002,5723,1,0.0001220703125,1337.2642937499902,1345.2795999999998,not_in_gurobi_pool,,1111100110111111011,00100000000100000,111110011011111101100100000000100000,128,8192,25,152,true,single,36,1.0e-10,64
VQE_reduced_surrogate,73002,5724,1,0.0001220703125,1337.4738937499947,1345.4891999999993,not_in_gurobi_pool,,0010010001100111011,00000000010101000,001001000110011101100000000010101000,128,8192,25,152,true,single,36,1.0e-10,64
VQE_reduced_surrogate,73002,5796,1,0.0001220703125,1358.8725437499943,1345.5136999999995,not_in_gurobi_pool,,1101101110010111001,10000101100000000,110110111001011100110000101100000000,128,8192,25,152,true,single,36,1.0e-10,64
VQE_reduced_surrogate,73002,5761,1,0.0001220703125,1348.2413687499952,1345.5695999999994,not_in_gurobi_pool,,0111110011000001001,10000000010110000,011111001100000100110000000010110000,128,8192,25,152,true,single,36,1.0e-10,64
VQE_reduced_surrogate,73002,5826,1,0.0001220703125,1369.6230187499996,1345.5770999999997,not_in_gurobi_pool,,0110111000100101100,00000000000111000,011011100010010110000000000000111000,128,8192,25,152,true,single,36,1.0e-10,64
VQE_reduced_surrogate,73002,5762,1,0.0001220703125,1348.2613687500168,1345.5895999999996,not_in_gurobi_pool,,1111011101101010011,00000000000111101,111101110110101001100000000000111101,128,8192,25,152,true,single,36,1.0e-10,64
VQE_reduced_surrogate,73002,5677,1,0.0001220703125,1326.930218750008,1345.6325999999995,not_in_gurobi_pool,,0111000100111100100,00100000000100000,011100010011110010000100000000100000,128,8192,25,152,true,single,36,1.0e-10,64
VQE_reduced_surrogate,73002,5798,1,0.0001220703125,1359.0055437500023,1345.6466999999996,not_in_gurobi_pool,,0011010010110110001,10000000000101000,001101001011011000110000000000101000,128,8192,25,152,true,single,36,1.0e-10,64
VQE_reduced_surrogate,73002,5763,1,0.0001220703125,1348.433368750002,1345.7615999999996,not_in_gurobi_pool,,0111111100100100110,00000000000111011,011111110010010011000000000000111011,128,8192,25,152,true,single,36,1.0e-10,64
VQE_reduced_surrogate,73002,5678,1,0.0001220703125,1327.211818749998,1345.9141999999997,not_in_gurobi_pool,,1100100000110111110,00100000010000000,110010000011011111000100000010000000,128,8192,25,152,true,single,36,1.0e-10,64
VQE_reduced_surrogate,73002,5725,1,0.0001220703125,1338.1492937500027,1346.1645999999994,not_in_gurobi_pool,,0111010100110001100,00000000000111000,011101010011000110000000000000111000,128,8192,25,152,true,single,36,1.0e-10,64
VQE_reduced_surrogate,73002,5726,1,0.0001220703125,1338.1902937499965,1346.2055999999998,not_in_gurobi_pool,,0111001100110101011,00000000000100010,011100110011010101100000000000100010,128,8192,25,152,true,single,36,1.0e-10,64
VQE_reduced_surrogate,73002,5803,1,0.0001220703125,1359.6954437500003,1346.3365999999996,not_in_gurobi_pool,,0111111110101011011,00000000000111100,011111111010101101100000000000111100,128,8192,25,152,true,single,36,1.0e-10,64
VQE_reduced_surrogate,73002,5831,1,0.0001220703125,1370.8012187499971,1346.7552999999998,not_in_gurobi_pool,,0000010110110111001,11000000010001000,000001011011011100111000000010001000,128,8192,25,152,true,single,36,1.0e-10,64
VQE_reduced_surrogate,73002,5832,1,0.0001220703125,1370.9237187499948,1346.8777999999998,not_in_gurobi_pool,,0001110110110111001,10000000000001000,000111011011011100110000000000001000,128,8192,25,152,true,single,36,1.0e-10,64
VQE_reduced_surrogate,73002,5833,1,0.0001220703125,1370.9237187500012,1346.8777999999998,not_in_gurobi_pool,,0001110110110111000,10000000000001000,000111011011011100010000000000001000,128,8192,25,152,true,single,36,1.0e-10,64
VQE_reduced_surrogate,73002,5727,1,0.0001220703125,1338.988393749999,1347.0036999999993,not_in_gurobi_pool,,0011111000100101110,00000100000101010,001111100010010111000000100000101010,128,8192,25,152,true,single,36,1.0e-10,64
VQE_reduced_surrogate,73002,5764,1,0.0001220703125,1349.6803687500071,1347.0085999999997,not_in_gurobi_pool,,0111010110111110011,00000000000111001,011101011011111001100000000000111001,128,8192,25,152,true,single,36,1.0e-10,64
VQE_reduced_surrogate,73002,5728,1,0.0001220703125,1339.118293749988,1347.1335999999997,not_in_gurobi_pool,,0111101100101011111,00000000000100100,011110110010101111100000000000100100,128,8192,25,152,true,single,36,1.0e-10,64
VQE_reduced_surrogate,73002,5765,1,0.0001220703125,1349.8273687500016,1347.1555999999996,not_in_gurobi_pool,,0111111101100100001,10000000000111000,011111110110010000110000000000111000,128,8192,25,152,true,single,36,1.0e-10,64
VQE_reduced_surrogate,73002,5766,1,0.0001220703125,1349.8273687499989,1347.1555999999996,not_in_gurobi_pool,,0111111101100100000,10000000000111000,011111110110010000010000000000111000,128,8192,25,152,true,single,36,1.0e-10,64
VQE_reduced_surrogate,73002,5767,1,0.0001220703125,1349.928368749999,1347.2565999999993,not_in_gurobi_pool,,0111111101101010000,10000000000111000,011111110110101000010000000000111000,128,8192,25,152,true,single,36,1.0e-10,64
VQE_reduced_surrogate,73002,5730,1,0.0001220703125,1339.2928937499926,1347.3082,not_in_gurobi_pool,,1100010001111111000,10000000010101000,110001000111111100010000000010101000,128,8192,25,152,true,single,36,1.0e-10,64
VQE_reduced_surrogate,73002,5806,1,0.0001220703125,1360.8815437500048,1347.5226999999995,not_in_gurobi_pool,,1101000111100110011,00100000000000001,110100011110011001100100000000000001,128,8192,25,152,true,single,36,1.0e-10,64
VQE_reduced_surrogate,73002,5732,1,0.0001220703125,1339.6052937499992,1347.6205999999997,not_in_gurobi_pool,,1111100001101010111,00100000000100101,111110000110101011100100000000100101,128,8192,25,152,true,single,36,1.0e-10,64
VQE_reduced_surrogate,73002,5769,1,0.0001220703125,1350.3465687499877,1347.6747999999995,not_in_gurobi_pool,,0001110100110111101,00000000000001000,000111010011011110100000000000001000,128,8192,25,152,true,single,36,1.0e-10,64
VQE_reduced_surrogate,73002,5770,1,0.0001220703125,1350.3593687499986,1347.6875999999993,not_in_gurobi_pool,,0111111101101001001,10000000000111000,011111110110100100110000000000111000,128,8192,25,152,true,single,36,1.0e-10,64
VQE_reduced_surrogate,73002,5807,1,0.0001220703125,1361.1084437499894,1347.7495999999994,not_in_gurobi_pool,,0111101001101000011,00001000000100111,011110100110100001100001000000100111,128,8192,25,152,true,single,36,1.0e-10,64
VQE_reduced_surrogate,73002,5836,1,0.0001220703125,1371.8416187500004,1347.7956999999992,not_in_gurobi_pool,,0101100110100110110,00100000000000001,010110011010011011000100000000000001,128,8192,25,152,true,single,36,1.0e-10,64
VQE_reduced_surrogate,73002,5874,1,0.0001220703125,1382.606093749995,1347.8730999999993,not_in_gurobi_pool,,0110111001101110000,10000000000111000,011011100110111000010000000000111000,128,8192,25,152,true,single,36,1.0e-10,64
VQE_reduced_surrogate,73002,5808,1,0.0001220703125,1361.3125437500048,1347.9536999999996,not_in_gurobi_pool,,1101000111100101011,00100000000000010,110100011110010101100100000000000010,128,8192,25,152,true,single,36,1.0e-10,64
VQE_reduced_surrogate,73002,5837,1,0.0001220703125,1372.2836187499963,1348.2376999999992,not_in_gurobi_pool,,0011100110100101110,00100000000000010,001110011010010111000100000000000010,128,8192,25,152,true,single,36,1.0e-10,64
VQE_reduced_surrogate,73002,5689,1,0.0001220703125,1329.6888187499956,1348.3911999999996,not_in_gurobi_pool,,0100111110010111000,10000101110100000,010011111001011100010000101110100000,128,8192,25,152,true,single,36,1.0e-10,64
VQE_reduced_surrogate,73002,5734,1,0.0001220703125,1340.386893750006,1348.4021999999998,not_in_gurobi_pool,,0010001110010111000,10000111010000000,001000111001011100010000111010000000,128,8192,25,152,true,single,36,1.0e-10,64
VQE_reduced_surrogate,73002,5735,1,0.0001220703125,1340.41629375,1348.4315999999997,not_in_gurobi_pool,,1111101000110110100,00000000000100000,111110100011011010000000000000100000,128,8192,25,152,true,single,36,1.0e-10,64
VQE_reduced_surrogate,73002,5771,1,0.0001220703125,1351.710068749992,1349.0382999999997,not_in_gurobi_pool,,0000000111100110001,11100000010000000,000000011110011000111100000010000000,128,8192,25,152,true,single,36,1.0e-10,64
VQE_reduced_surrogate,73002,5693,1,0.0001220703125,1330.4632187500054,1349.1655999999996,not_in_gurobi_pool,,1111101001001011101,00000101000100000,111110100100101110100000101000100000,128,8192,25,152,true,single,36,1.0e-10,64
VQE_reduced_surrogate,73002,5773,1,0.0001220703125,1352.1189687500023,1349.4471999999994,not_in_gurobi_pool,,1100111011101000001,10001001000101000,110011101110100000110001001000101000,128,8192,25,152,true,single,36,1.0e-10,64
VQE_reduced_surrogate,73002,5812,1,0.0001220703125,1363.1105437499955,1349.7516999999993,not_in_gurobi_pool,,0011000001101000110,00100000000000111,001100000110100011000100000000000111,128,8192,25,152,true,single,36,1.0e-10,64
VQE_reduced_surrogate,73002,5774,1,0.0001220703125,1352.4554687499958,1349.7836999999993,not_in_gurobi_pool,,0101100011101010011,00100000000000101,010110001110101001100100000000000101,128,8192,25,152,true,single,36,1.0e-10,64
VQE_reduced_surrogate,73002,5813,1,0.0001220703125,1363.2194437500052,1349.8605999999995,not_in_gurobi_pool,,0111111101101011011,00000000000111100,011111110110101101100000000000111100,128,8192,25,152,true,single,36,1.0e-10,64
VQE_reduced_surrogate,73002,5739,1,0.0001220703125,1342.3808937499878,1350.3961999999995,not_in_gurobi_pool,,0100010001101011100,00000000010101000,010001000110101110000000000010101000,128,8192,25,152,true,single,36,1.0e-10,64
VQE_reduced_surrogate,73002,5740,1,0.0001220703125,1342.3943937500003,1350.4096999999997,not_in_gurobi_pool,,1101101011101010000,10000001000000000,110110101110101000010000001000000000,128,8192,25,152,true,single,36,1.0e-10,64
VQE_reduced_surrogate,73002,5742,1,0.0001220703125,1342.6752937499998,1350.6905999999994,not_in_gurobi_pool,,1111000110110001110,00100000000100110,111100011011000111000100000000100110,128,8192,25,152,true,single,36,1.0e-10,64
VQE_reduced_surrogate,73002,5696,1,0.0001220703125,1332.1708187499817,1350.8731999999993,not_in_gurobi_pool,,1100111000111111110,00000001000101000,110011100011111111000000001000101000,128,8192,25,152,true,single,36,1.0e-10,64
VQE_reduced_surrogate,73002,5743,1,0.0001220703125,1343.049293749999,1351.0645999999995,not_in_gurobi_pool,,0111000101111011011,00100000000100100,011100010111101101100100000000100100,128,8192,25,152,true,single,36,1.0e-10,64
VQE_reduced_surrogate,73002,5779,1,0.0001220703125,1353.9709687500003,1351.2991999999992,not_in_gurobi_pool,,0100011110100110100,00000001000101000,010001111010011010000000001000101000,128,8192,25,152,true,single,36,1.0e-10,64
VQE_reduced_surrogate,73002,5658,1,0.0001220703125,1322.0887437499955,1351.4781999999993,not_in_gurobi_pool,,1100010011101000101,00000000010101000,110001001110100010100000000010101000,128,8192,25,152,true,single,36,1.0e-10,64
VQE_reduced_surrogate,73002,5818,1,0.0001220703125,1365.1020437499967,1351.7431999999994,not_in_gurobi_pool,,0100101110110111000,10000001000000000,010010111011011100010000001000000000,128,8192,25,152,true,single,36,1.0e-10,64
VQE_reduced_surrogate,73002,5780,1,0.0001220703125,1354.5029687499962,1351.8311999999994,not_in_gurobi_pool,,0100111010101011101,00000001000101000,010011101010101110100000001000101000,128,8192,25,152,true,single,36,1.0e-10,64
VQE_reduced_surrogate,73002,5700,1,0.0001220703125,1333.134418749994,1351.8367999999998,not_in_gurobi_pool,,0001101010111111001,10000101000000000,000110101011111100110000101000000000,128,8192,25,152,true,single,36,1.0e-10,64
VQE_reduced_surrogate,73002,5745,1,0.0001220703125,1343.8998937499923,1351.9151999999997,not_in_gurobi_pool,,0100001101010111000,10000101110000000,010000110101011100010000101110000000,128,8192,25,152,true,single,36,1.0e-10,64
VQE_reduced_surrogate,73002,5747,1,0.0001220703125,1344.3028937499998,1352.3181999999993,not_in_gurobi_pool,,1100100011101010101,00100000010000000,110010001110101010100100000010000000,128,8192,25,152,true,single,36,1.0e-10,64
VQE_reduced_surrogate,73002,5703,1,0.0001220703125,1333.678818749986,1352.3811999999998,not_in_gurobi_pool,,1100101110010111101,00000101110000000,110010111001011110100000101110000000,128,8192,25,152,true,single,36,1.0e-10,64
VQE_reduced_surrogate,73002,5897,1,0.0001220703125,1387.4050937500033,1352.6720999999998,not_in_gurobi_pool,,0110111110100110110,00000000000111001,011011111010011011000000000000111001,128,8192,25,152,true,single,36,1.0e-10,64
VQE_reduced_surrogate,73002,5750,1,0.0001220703125,1345.140393749994,1353.1556999999993,not_in_gurobi_pool,,0101011100110101110,00000001000101010,010101110011010111000000001000101010,128,8192,25,152,true,single,36,1.0e-10,64
VQE_reduced_surrogate,73002,5900,1,0.0001220703125,1388.0100937500076,1353.2770999999998,not_in_gurobi_pool,,0110110011001011101,00000000011110000,011011001100101110100000000011110000,128,8192,25,152,true,single,36,1.0e-10,64
VQE_reduced_surrogate,73002,5707,1,0.0001220703125,1334.948818750007,1353.6511999999996,not_in_gurobi_pool,,1100010111101010110,00000000010101101,110001011110101011000000000010101101,128,8192,25,152,true,single,36,1.0e-10,64
VQE_reduced_surrogate,73002,5708,1,0.0001220703125,1334.9488187500117,1353.6511999999996,not_in_gurobi_pool,,1100110011101010111,00000000010101101,110011001110101011100000000010101101,128,8192,25,152,true,single,36,1.0e-10,64
VQE_reduced_surrogate,73002,5668,1,0.0001220703125,1324.3247437499954,1353.7141999999997,not_in_gurobi_pool,,1100011010011111111,00000101110100000,110001101001111111100000101110100000,128,8192,25,152,true,single,36,1.0e-10,64
VQE_reduced_surrogate,73002,5783,1,0.0001220703125,1356.482468750002,1353.8106999999995,not_in_gurobi_pool,,1101111001101011111,00000001000101100,110111100110101111100000001000101100,128,8192,25,152,true,single,36,1.0e-10,64
VQE_reduced_surrogate,73002,5709,1,0.0001220703125,1335.149318749999,1353.8516999999993,not_in_gurobi_pool,,0011111111101001001,10000100000101000,001111111110100100110000100000101000,128,8192,25,152,true,single,36,1.0e-10,64
VQE_reduced_surrogate,73002,5755,1,0.0001220703125,1346.5404937500002,1354.5557999999994,not_in_gurobi_pool,,1001011010110110101,00000101000001000,100101101011011010100000101000001000,128,8192,25,152,true,single,36,1.0e-10,64
VQE_reduced_surrogate,73002,5788,1,0.0001220703125,1357.3204687499929,1354.6486999999995,not_in_gurobi_pool,,0011111001101001100,00000100000101000,001111100110100110000000100000101000,128,8192,25,152,true,single,36,1.0e-10,64
VQE_reduced_surrogate,73002,5790,1,0.0001220703125,1357.3493687499945,1354.6775999999993,not_in_gurobi_pool,,0111101101101001101,00000000000100000,011110110110100110100000000000100000,128,8192,25,152,true,single,36,1.0e-10,64
VQE_reduced_surrogate,73002,5756,1,0.0001220703125,1346.666793750005,1354.6820999999998,not_in_gurobi_pool,,0110011010011011101,00000101010110000,011001101001101110100000101010110000,128,8192,25,152,true,single,36,1.0e-10,64
VQE_reduced_surrogate,73002,5791,1,0.0001220703125,1357.8725687499752,1355.2007999999994,not_in_gurobi_pool,,0001100110110111111,00100000000000000,000110011011011111100100000000000000,128,8192,25,152,true,single,36,1.0e-10,64
VQE_reduced_surrogate,73002,5792,1,0.0001220703125,1357.9369687499936,1355.2651999999996,not_in_gurobi_pool,,0010111001100101101,00000100000101000,001011100110010110100000100000101000,128,8192,25,152,true,single,36,1.0e-10,64
VQE_reduced_surrogate,73002,5822,1,0.0001220703125,1368.6481437499945,1355.2892999999992,not_in_gurobi_pool,,0000010011101010101,01000000010001000,000001001110101010101000000010001000,128,8192,25,152,true,single,36,1.0e-10,64
VQE_reduced_surrogate,73002,5823,1,0.0001220703125,1368.698543749999,1355.3396999999993,not_in_gurobi_pool,,0101100111100100101,00100000000000000,010110011110010010100100000000000000,128,8192,25,152,true,single,36,1.0e-10,64
VQE_reduced_surrogate,73002,5757,1,0.0001220703125,1347.3973937500036,1355.4126999999996,not_in_gurobi_pool,,0011000101011111111,00100100010000000,001100010101111111100100100010000000,128,8192,25,152,true,single,36,1.0e-10,64
VQE_reduced_surrogate,73002,5824,1,0.0001220703125,1369.07914375,1355.7202999999993,not_in_gurobi_pool,,0000110011100001100,01000000010001000,000011001110000110001000000010001000,128,8192,25,152,true,single,36,1.0e-10,64
VQE_reduced_surrogate,73002,5793,1,0.0001220703125,1358.4049687499798,1355.7332,not_in_gurobi_pool,,1100101110111111100,00000001000000000,110010111011111110000000001000000000,128,8192,25,152,true,single,36,1.0e-10,64
VQE_reduced_surrogate,73002,5794,1,0.0001220703125,1358.5309687499994,1355.8591999999996,not_in_gurobi_pool,,0010011001101001110,00000100000101110,001001100110100111000000100000101110,128,8192,25,152,true,single,36,1.0e-10,64
VQE_reduced_surrogate,73002,5759,1,0.0001220703125,1347.9818937499997,1355.9971999999998,not_in_gurobi_pool,,1100111011000110110,00000101110100001,110011101100011011000000101110100001,128,8192,25,152,true,single,36,1.0e-10,64
VQE_reduced_surrogate,73002,5797,1,0.0001220703125,1358.897968749996,1356.2261999999996,not_in_gurobi_pool,,1100011010110101110,00000001000101010,110001101011010111000000001000101010,128,8192,25,152,true,single,36,1.0e-10,64
VQE_reduced_surrogate,73002,5827,1,0.0001220703125,1369.9811437500005,1356.6222999999993,not_in_gurobi_pool,,0000110011101010111,01000000010001101,000011001110101011101000000010001101,128,8192,25,152,true,single,36,1.0e-10,64
VQE_reduced_surrogate,73002,5828,1,0.0001220703125,1370.1124437500043,1356.7535999999996,not_in_gurobi_pool,,0111111011011000011,00001101000110111,011111101101100001100001101000110111,128,8192,25,152,true,single,36,1.0e-10,64
VQE_reduced_surrogate,73002,5799,1,0.0001220703125,1359.4563687500008,1356.7845999999993,not_in_gurobi_pool,,0111101010111100100,00000000000100000,011110101011110010000000000000100000,128,8192,25,152,true,single,36,1.0e-10,64
VQE_reduced_surrogate,73002,5800,1,0.0001220703125,1359.4563687500006,1356.7845999999993,not_in_gurobi_pool,,0111001110110100101,00000000000100000,011100111011010010100000000000100000,128,8192,25,152,true,single,36,1.0e-10,64
VQE_reduced_surrogate,73002,5801,1,0.0001220703125,1359.5194687499807,1356.8476999999996,not_in_gurobi_pool,,0011001110011111111,00000111000000000,001100111001111111100000111000000000,128,8192,25,152,true,single,36,1.0e-10,64
VQE_reduced_surrogate,73002,5802,1,0.0001220703125,1359.5573687500025,1356.8855999999994,not_in_gurobi_pool,,0111001110110010101,00000000000100000,011100111011001010100000000000100000,128,8192,25,152,true,single,36,1.0e-10,64
VQE_reduced_surrogate,73002,5829,1,0.0001220703125,1370.3295437500055,1356.9706999999992,not_in_gurobi_pool,,0011111011010110001,10000111000100000,001111101101011000110000111000100000,128,8192,25,152,true,single,36,1.0e-10,64
VQE_reduced_surrogate,73002,5804,1,0.0001220703125,1359.988368750001,1357.3165999999994,not_in_gurobi_pool,,0111101010111001100,00000000000100000,011110101011100110000000000000100000,128,8192,25,152,true,single,36,1.0e-10,64
VQE_reduced_surrogate,73002,5870,1,0.0001220703125,1381.5286187499948,1357.4826999999996,not_in_gurobi_pool,,0101000001110110110,00100000000000001,010100000111011011000100000000000001,128,8192,25,152,true,single,36,1.0e-10,64
VQE_reduced_surrogate,73002,5805,1,0.0001220703125,1360.2919687499962,1357.6201999999994,not_in_gurobi_pool,,1100101011110101000,10000001000000000,110010101111010100010000001000000000,128,8192,25,152,true,single,36,1.0e-10,64
VQE_reduced_surrogate,73002,5729,1,0.0001220703125,1339.2198187500014,1357.9221999999995,not_in_gurobi_pool,,0100110111101011111,00000000010101100,010011011110101111100000000010101100,128,8192,25,152,true,single,36,1.0e-10,64
VQE_reduced_surrogate,73002,5873,1,0.0001220703125,1381.9790187500018,1357.9330999999995,not_in_gurobi_pool,,0110001010110101101,00000000000100000,011000101011010110100000000000100000,128,8192,25,152,true,single,36,1.0e-10,64
VQE_reduced_surrogate,73002,5768,1,0.0001220703125,1350.089793749999,1358.1050999999995,not_in_gurobi_pool,,0110011101010101100,00000101010110000,011001110101010110000000101010110000,128,8192,25,152,true,single,36,1.0e-10,64
VQE_reduced_surrogate,73002,5809,1,0.0001220703125,1361.9289687499806,1359.2571999999998,not_in_gurobi_pool,,1100101101111111100,00000001000000000,110010110111111110000000001000000000,128,8192,25,152,true,single,36,1.0e-10,64
VQE_reduced_surrogate,73002,5690,1,0.0001220703125,1330.053343749997,1359.4427999999996,not_in_gurobi_pool,,1001101111100110111,00000101000000001,100110111110011011100000101000000001,128,8192,25,152,true,single,36,1.0e-10,64
VQE_reduced_surrogate,73002,5737,1,0.0001220703125,1340.8813187500052,1359.5836999999992,not_in_gurobi_pool,,0011011111111010000,10000100000101000,001101111111101000010000100000101000,128,8192,25,152,true,single,36,1.0e-10,64
VQE_reduced_surrogate,73002,5810,1,0.0001220703125,1362.4219687499917,1359.7501999999995,not_in_gurobi_pool,,1100011001110101110,00000001000101010,110001100111010111000000001000101010,128,8192,25,152,true,single,36,1.0e-10,64
VQE_reduced_surrogate,73002,5811,1,0.0001220703125,1362.8589687500012,1360.1871999999996,not_in_gurobi_pool,,0010101011101100101,00000100000000000,001010101110110010100000100000000000,128,8192,25,152,true,single,36,1.0e-10,64
VQE_reduced_surrogate,73002,5841,1,0.0001220703125,1374.861543749999,1361.5026999999993,not_in_gurobi_pool,,0101000011110100101,00100000000000000,010100001111010010100100000000000000,128,8192,25,152,true,single,36,1.0e-10,64
VQE_reduced_surrogate,73002,5842,1,0.0001220703125,1374.8725437500013,1361.5136999999993,not_in_gurobi_pool,,0011000011111100101,00100000000000000,001100001111110010100100000000000000,128,8192,25,152,true,single,36,1.0e-10,64
VQE_reduced_surrogate,73002,5776,1,0.0001220703125,1353.5068937500062,1361.5221999999994,not_in_gurobi_pool,,0100111011110110011,00000001000101001,010011101111011001100000001000101001,128,8192,25,152,true,single,36,1.0e-10,64
VQE_reduced_surrogate,73002,5778,1,0.0001220703125,1353.9378937500026,1361.9531999999995,not_in_gurobi_pool,,0100111011110101011,00000001000101010,010011101111010101100000001000101010,128,8192,25,152,true,single,36,1.0e-10,64
VQE_reduced_surrogate,73002,5781,1,0.0001220703125,1355.2352937500061,1363.2505999999996,not_in_gurobi_pool,,0111001111010010101,00000101000100000,011100111101001010100000101000100000,128,8192,25,152,true,single,36,1.0e-10,64
VQE_reduced_surrogate,73002,5748,1,0.0001220703125,1344.7687187499994,1363.4710999999998,not_in_gurobi_pool,,1110101111010111111,00000101010100000,111010111101011111100000101010100000,128,8192,25,152,true,single,36,1.0e-10,64
VQE_reduced_surrogate,73002,5785,1,0.0001220703125,1356.6958937499953,1364.7112,not_in_gurobi_pool,,1100111111110011100,00000001000101000,110011111111001110000000001000101000,128,8192,25,152,true,single,36,1.0e-10,64
VQE_reduced_surrogate,73002,5787,1,0.0001220703125,1357.3113937500038,1365.3266999999994,not_in_gurobi_pool,,1101111011110001111,00000001000101110,110111101111000111100000001000101110,128,8192,25,152,true,single,36,1.0e-10,64
VQE_reduced_surrogate,73002,5789,1,0.0001220703125,1357.3223937499956,1365.3376999999994,not_in_gurobi_pool,,1011111011110001111,00000100000101110,101111101111000111100000100000101110,128,8192,25,152,true,single,36,1.0e-10,64
VQE_reduced_surrogate,73002,5760,1,0.0001220703125,1348.23081875,1366.9331999999995,not_in_gurobi_pool,,0100111011110000110,00000001000101111,010011101111000011000000001000101111,128,8192,25,152,true,single,36,1.0e-10,64
VQE_reduced_surrogate,73002,5830,1,0.0001220703125,1370.5674687499936,1367.8956999999994,not_in_gurobi_pool,,0101001111111010110,00000001000000101,010100111111101011000000001000000101,128,8192,25,152,true,single,36,1.0e-10,64
VQE_reduced_surrogate,73002,5923,1,0.0001220703125,1392.2900187500084,1368.2440999999997,not_in_gurobi_pool,,0110011111111001111,00000000000111110,011001111111100111100000000000111110,128,8192,25,152,true,single,36,1.0e-10,64
VQE_reduced_surrogate,73002,5942,1,0.0001220703125,1397.9103187500011,1373.8643999999995,not_in_gurobi_pool,,0110000000001111000,10110000011100000,011000000000111100010110000011100000,128,8192,25,152,true,single,36,1.0e-10,64
VQE_reduced_surrogate,73002,5784,1,0.0001220703125,1356.626518749985,1375.3288999999995,not_in_gurobi_pool,,0111010000101010000,10000000000111000,011101000010101000010000000000111000,128,8192,25,152,true,single,36,1.0e-10,64
VQE_reduced_surrogate,73002,5912,1,0.0001220703125,1390.3463437499975,1376.9874999999993,not_in_gurobi_pool,,1100000100010111000,10110001011000000,110000010001011100010110001011000000,128,8192,25,152,true,single,36,1.0e-10,64
VQE_reduced_surrogate,73002,5795,1,0.0001220703125,1358.6985187499945,1377.4008999999994,not_in_gurobi_pool,,0111000100100110011,00100000000100001,011100010010011001100100000000100001,128,8192,25,152,true,single,36,1.0e-10,64
VQE_reduced_surrogate,73002,5825,1,0.0001220703125,1369.385593749997,1377.4008999999996,not_in_gurobi_pool,,0111010000101110011,00000000000111001,011101000010111001100000000000111001,128,8192,25,152,true,single,36,1.0e-10,64
VQE_reduced_surrogate,73002,5872,1,0.0001220703125,1381.7783687500018,1379.1065999999994,not_in_gurobi_pool,,1000111100100111000,11000101000001000,100011110010011100011000101000001000,128,8192,25,152,true,single,36,1.0e-10,64
VQE_reduced_surrogate,73002,5875,1,0.0001220703125,1382.9716687499945,1380.2998999999995,not_in_gurobi_pool,,0111000100001010111,00110000010100101,011100010000101011100110000010100101,128,8192,25,152,true,single,36,1.0e-10,64
VQE_reduced_surrogate,73002,5932,1,0.0001220703125,1394.0407437499982,1380.6818999999994,not_in_gurobi_pool,,0111110010101000000,10001000000111000,011111001010100000010001000000111000,128,8192,25,152,true,single,36,1.0e-10,64
VQE_reduced_surrogate,73002,5816,1,0.0001220703125,1364.051518749994,1382.7538999999997,not_in_gurobi_pool,,0111000110101100011,00100000000100011,011100011010110001100100000000100011,128,8192,25,152,true,single,36,1.0e-10,64
VQE_reduced_surrogate,73002,5887,1,0.0001220703125,1386.0016687500006,1383.3298999999995,not_in_gurobi_pool,,1111110010000101100,00000000010110000,111111001000010110000000000010110000,128,8192,25,152,true,single,36,1.0e-10,64
VQE_reduced_surrogate,73002,5888,1,0.0001220703125,1386.041268749996,1383.3694999999996,not_in_gurobi_pool,,0100100110101111001,10100000010000000,010010011010111100110100000010000000,128,8192,25,152,true,single,36,1.0e-10,64
VQE_reduced_surrogate,73002,5938,1,0.0001220703125,1396.7597437500058,1383.4008999999996,not_in_gurobi_pool,,1111010000011011101,00010000010110000,111101000001101110100010000010110000,128,8192,25,152,true,single,36,1.0e-10,64
VQE_reduced_surrogate,73002,5889,1,0.0001220703125,1386.1337687499988,1383.4619999999998,not_in_gurobi_pool,,0101010100111111000,10000000000101000,010101010011111100010000000000101000,128,8192,25,152,true,single,36,1.0e-10,64
VQE_reduced_surrogate,73002,5939,1,0.0001220703125,1396.8318437500056,1383.4729999999995,not_in_gurobi_pool,,0011000100111111000,10100000000000000,001100010011111100010100000000000000,128,8192,25,152,true,single,36,1.0e-10,64
VQE_reduced_surrogate,73002,5890,1,0.0001220703125,1386.144768749996,1383.4729999999997,not_in_gurobi_pool,,0011010100111111001,10000000000101000,001101010011111100110000000000101000,128,8192,25,152,true,single,36,1.0e-10,64
VQE_reduced_surrogate,73002,5844,1,0.0001220703125,1375.5261937499806,1383.5414999999996,not_in_gurobi_pool,,0100010001000111000,10000001011100000,010001000100011100010000001011100000,128,8192,25,152,true,single,36,1.0e-10,64
VQE_reduced_surrogate,73002,5819,1,0.0001220703125,1365.3051187500014,1384.0074999999997,not_in_gurobi_pool,,1100010110001111101,00000001011100000,110001011000111110100000001011100000,128,8192,25,152,true,single,36,1.0e-10,64
VQE_reduced_surrogate,73002,5893,1,0.0001220703125,1386.868668749999,1384.1968999999995,not_in_gurobi_pool,,0111010001000101011,00000000010110010,011101000100010101100000000010110010,128,8192,25,152,true,single,36,1.0e-10,64
VQE_reduced_surrogate,73002,5846,1,0.0001220703125,1376.341593750009,1384.3568999999998,not_in_gurobi_pool,,0111001100000001100,00010101000100000,011100110000000110000010101000100000,128,8192,25,152,true,single,36,1.0e-10,64
VQE_reduced_surrogate,73002,5847,1,0.0001220703125,1376.5685937500036,1384.5838999999996,not_in_gurobi_pool,,1111010010110100000,10000000000111000,111101001011010000010000000000111000,128,8192,25,152,true,single,36,1.0e-10,64
VQE_reduced_surrogate,73002,5896,1,0.0001220703125,1387.3046687500005,1384.6328999999998,not_in_gurobi_pool,,1111100100010101110,00110000010100010,111110010001010111000110000010100010,128,8192,25,152,true,single,36,1.0e-10,64
VQE_reduced_surrogate,73002,5849,1,0.0001220703125,1376.8065937499944,1384.8218999999995,not_in_gurobi_pool,,0111110100101101111,00000000000111010,011111010010110111100000000000111010,128,8192,25,152,true,single,36,1.0e-10,64
VQE_reduced_surrogate,73002,5898,1,0.0001220703125,1387.6193687500145,1384.9475999999993,not_in_gurobi_pool,,0000101010000111000,11000111110000000,000010101000011100011000111110000000,128,8192,25,152,true,single,36,1.0e-10,64
VQE_reduced_surrogate,73002,5850,1,0.0001220703125,1377.2951937499954,1385.3104999999994,not_in_gurobi_pool,,1100010000010111110,00010001011100000,110001000001011111000010001011100000,128,8192,25,152,true,single,36,1.0e-10,64
VQE_reduced_surrogate,73002,5903,1,0.0001220703125,1388.2326687500101,1385.5608999999995,not_in_gurobi_pool,,0111000100011001100,00110000010100000,011100010001100110000110000010100000,128,8192,25,152,true,single,36,1.0e-10,64
VQE_reduced_surrogate,73002,5904,1,0.0001220703125,1388.526668750005,1385.8548999999994,not_in_gurobi_pool,,1111010110111101000,10000000000111000,111101011011110100010000000000111000,128,8192,25,152,true,single,36,1.0e-10,64
VQE_reduced_surrogate,73002,5852,1,0.0001220703125,1378.1362937499994,1386.1515999999995,not_in_gurobi_pool,,0000100110010111001,11100101011000000,000010011001011100111100101011000000,128,8192,25,152,true,single,36,1.0e-10,64
VQE_reduced_surrogate,73002,5786,1,0.0001220703125,1356.884643750012,1386.2740999999994,not_in_gurobi_pool,,0001100110010111000,10100101010000000,000110011001011100010100101010000000,128,8192,25,152,true,single,36,1.0e-10,64
VQE_reduced_surrogate,73002,5853,1,0.0001220703125,1378.33459375,1386.3498999999993,not_in_gurobi_pool,,0111011100111100001,10000000000111000,011101110011110000110000000000111000,128,8192,25,152,true,single,36,1.0e-10,64
VQE_reduced_surrogate,73002,5854,1,0.0001220703125,1378.3635937500005,1386.3788999999995,not_in_gurobi_pool,,0111010101101010011,00000000000111101,011101010110101001100000000000111101,128,8192,25,152,true,single,36,1.0e-10,64
VQE_reduced_surrogate,73002,5855,1,0.0001220703125,1378.3645937500107,1386.3798999999995,not_in_gurobi_pool,,0111101010100100000,10000000000100000,011110101010010000010000000000100000,128,8192,25,152,true,single,36,1.0e-10,64
VQE_reduced_surrogate,73002,5856,1,0.0001220703125,1378.3645937500062,1386.3798999999995,not_in_gurobi_pool,,0111101010101100000,10000000000100000,011110101010110000010000000000100000,128,8192,25,152,true,single,36,1.0e-10,64
VQE_reduced_surrogate,73002,5857,1,0.0001220703125,1378.3765937499982,1386.3918999999994,not_in_gurobi_pool,,0111100110001100110,00100000010100011,011110011000110011000100000010100011,128,8192,25,152,true,single,36,1.0e-10,64
VQE_reduced_surrogate,73002,5907,1,0.0001220703125,1389.5166687499911,1386.8448999999996,not_in_gurobi_pool,,0111000010110000001,10101000000100000,011100001011000000110101000000100000,128,8192,25,152,true,single,36,1.0e-10,64
VQE_reduced_surrogate,73002,5910,1,0.0001220703125,1389.8627687500039,1387.1909999999993,not_in_gurobi_pool,,0011011110101110001,10000100000101000,001101111010111000110000100000101000,128,8192,25,152,true,single,36,1.0e-10,64
VQE_reduced_surrogate,73002,5911,1,0.0001220703125,1390.1076687499976,1387.4358999999995,not_in_gurobi_pool,,1111111001101001001,10000000000111000,111111100110100100110000000000111000,128,8192,25,152,true,single,36,1.0e-10,64
VQE_reduced_surrogate,73002,5946,1,0.0001220703125,1401.0072437499925,1387.6483999999996,not_in_gurobi_pool,,0110011000101000110,00000000000111111,011001100010100011000000000000111111,128,8192,25,152,true,single,36,1.0e-10,64
VQE_reduced_surrogate,73002,5913,1,0.0001220703125,1390.3947687500058,1387.7229999999995,not_in_gurobi_pool,,0011011110101011000,10000100000101000,001101111010101100010000100000101000,128,8192,25,152,true,single,36,1.0e-10,64
VQE_reduced_surrogate,73002,5860,1,0.0001220703125,1379.7860937499859,1387.8013999999998,not_in_gurobi_pool,,0110011001000011001,10000101010110000,011001100100001100110000101010110000,128,8192,25,152,true,single,36,1.0e-10,64
VQE_reduced_surrogate,73002,5915,1,0.0001220703125,1391.0002687499966,1388.3284999999992,not_in_gurobi_pool,,0100111110101111001,10000001000101000,010011111010111100110000001000101000,128,8192,25,152,true,single,36,1.0e-10,64
VQE_reduced_surrogate,73002,5987,1,0.0001220703125,1412.3963187500058,1388.3504,not_in_gurobi_pool,,0110010100011111111,00010000011110000,011001010001111111100010000011110000,128,8192,25,152,true,single,36,1.0e-10,64
VQE_reduced_surrogate,73002,5863,1,0.0001220703125,1380.403693749998,1388.4189999999996,not_in_gurobi_pool,,0011011100101101101,00000100000101000,001101110010110110100000100000101000,128,8192,25,152,true,single,36,1.0e-10,64
VQE_reduced_surrogate,73002,5916,1,0.0001220703125,1391.143368750007,1388.4715999999996,not_in_gurobi_pool,,0000101001000111000,11000111110000000,000010100100011100011000111110000000,128,8192,25,152,true,single,36,1.0e-10,64
VQE_reduced_surrogate,73002,5865,1,0.0001220703125,1380.5675937500052,1388.5828999999997,not_in_gurobi_pool,,0111000101001100101,00100000010100000,011100010100110010100100000010100000,128,8192,25,152,true,single,36,1.0e-10,64
VQE_reduced_surrogate,73002,5921,1,0.0001220703125,1391.6256687499974,1388.9538999999995,not_in_gurobi_pool,,0111111000110101011,00000000000111010,011111100011010101100000000000111010,128,8192,25,152,true,single,36,1.0e-10,64
VQE_reduced_surrogate,73002,5868,1,0.0001220703125,1381.026593749995,1389.0418999999995,not_in_gurobi_pool,,0111001100101001111,00000000000100110,011100110010100111100000000000100110,128,8192,25,152,true,single,36,1.0e-10,64
VQE_reduced_surrogate,73002,5948,1,0.0001220703125,1402.5698437500023,1389.2109999999993,not_in_gurobi_pool,,0101010110101110101,00000000000101000,010101011010111010100000000000101000,128,8192,25,152,true,single,36,1.0e-10,64
VQE_reduced_surrogate,73002,5869,1,0.0001220703125,1381.4335937499998,1389.4488999999996,not_in_gurobi_pool,,0111010010111001011,00000000000111110,011101001011100101100000000000111110,128,8192,25,152,true,single,36,1.0e-10,64
VQE_reduced_surrogate,73002,5950,1,0.0001220703125,1403.0008437499985,1389.6419999999994,not_in_gurobi_pool,,0101110010100101101,00000000000101000,010111001010010110100000000000101000,128,8192,25,152,true,single,36,1.0e-10,64
VQE_reduced_surrogate,73002,5988,1,0.0001220703125,1413.6989187499973,1389.6529999999996,not_in_gurobi_pool,,0011000110101101101,00100000000000000,001100011010110110100100000000000000,128,8192,25,152,true,single,36,1.0e-10,64
VQE_reduced_surrogate,73002,5989,1,0.0001220703125,1413.6989187499996,1389.6529999999996,not_in_gurobi_pool,,0011000110100101101,00100000000000000,001100011010010110100100000000000000,128,8192,25,152,true,single,36,1.0e-10,64
VQE_reduced_surrogate,73002,5871,1,0.0001220703125,1381.728593749996,1389.7438999999995,not_in_gurobi_pool,,0111100110100100111,00100000000100011,011110011010010011100100000000100011,128,8192,25,152,true,single,36,1.0e-10,64
VQE_reduced_surrogate,73002,5835,1,0.0001220703125,1371.4165187500096,1390.1188999999997,not_in_gurobi_pool,,0111001110000010100,00000101000100000,011100111000001010000000101000100000,128,8192,25,152,true,single,36,1.0e-10,64
VQE_reduced_surrogate,73002,5951,1,0.0001220703125,1403.53784374999,1390.1789999999999,not_in_gurobi_pool,,1101110001111111000,10000000000101000,110111000111111100010000000000101000,128,8192,25,152,true,single,36,1.0e-10,64
VQE_reduced_surrogate,73002,5925,1,0.0001220703125,1392.8572687500077,1390.1854999999994,not_in_gurobi_pool,,1100011001101111011,00000001000101000,110001100110111101100000001000101000,128,8192,25,152,true,single,36,1.0e-10,64
VQE_reduced_surrogate,73002,5926,1,0.0001220703125,1393.0637687499916,1390.3919999999996,not_in_gurobi_pool,,1101111100010111111,00010101100100000,110111110001011111100010101100100000,128,8192,25,152,true,single,36,1.0e-10,64
VQE_reduced_surrogate,73002,5927,1,0.0001220703125,1393.386768749997,1390.7149999999992,not_in_gurobi_pool,,0011011101101110000,10000100000101000,001101110110111000010000100000101000,128,8192,25,152,true,single,36,1.0e-10,64
VQE_reduced_surrogate,73002,5928,1,0.0001220703125,1393.3867687499962,1390.7149999999992,not_in_gurobi_pool,,0011111001101110001,10000100000101000,001111100110111000110000100000101000,128,8192,25,152,true,single,36,1.0e-10,64
VQE_reduced_surrogate,73002,5955,1,0.0001220703125,1404.548843750002,1391.1899999999994,not_in_gurobi_pool,,0101100111000111011,00100001010000000,010110011100011101100100001010000000,128,8192,25,152,true,single,36,1.0e-10,64
VQE_reduced_surrogate,73002,5930,1,0.0001220703125,1393.8817687499943,1391.2099999999991,not_in_gurobi_pool,,0011000111101010000,10100000000000000,001100011110101000010100000000000000,128,8192,25,152,true,single,36,1.0e-10,64
VQE_reduced_surrogate,73002,5876,1,0.0001220703125,1383.3355937499978,1391.3509,not_in_gurobi_pool,,0111111110001100110,00000101000110011,011111111000110011000000101000110011,128,8192,25,152,true,single,36,1.0e-10,64
VQE_reduced_surrogate,73002,5878,1,0.0001220703125,1383.8005937499981,1391.8158999999996,not_in_gurobi_pool,,0111010010010000110,00000000010110111,011101001001000011000000000010110111,128,8192,25,152,true,single,36,1.0e-10,64
VQE_reduced_surrogate,73002,5933,1,0.0001220703125,1394.5246687499937,1391.8528999999996,not_in_gurobi_pool,,0111111000011001110,00010101000110110,011111100001100111000010101000110110,128,8192,25,152,true,single,36,1.0e-10,64
VQE_reduced_surrogate,73002,5879,1,0.0001220703125,1384.2737937500046,1392.2890999999993,not_in_gurobi_pool,,1001111011101000000,10001101000001000,100111101110100000010001101000001000,128,8192,25,152,true,single,36,1.0e-10,64
VQE_reduced_surrogate,73002,5838,1,0.0001220703125,1374.0425187499998,1392.7448999999997,not_in_gurobi_pool,,0111101011000100000,10000101000100000,011110101100010000010000101000100000,128,8192,25,152,true,single,36,1.0e-10,64
VQE_reduced_surrogate,73002,5839,1,0.0001220703125,1374.2321187500013,1392.9344999999994,not_in_gurobi_pool,,1100111011100100001,10000001000101000,110011101110010000110000001000101000,128,8192,25,152,true,single,36,1.0e-10,64
VQE_reduced_surrogate,73002,5840,1,0.0001220703125,1374.3331187500028,1393.0354999999995,not_in_gurobi_pool,,1100111011101010000,10000001000101000,110011101110101000010000001000101000,128,8192,25,152,true,single,36,1.0e-10,64
VQE_reduced_surrogate,73002,5935,1,0.0001220703125,1395.7386687500048,1393.0668999999994,not_in_gurobi_pool,,1111011101110100001,10000000000111000,111101110111010000110000000000111000,128,8192,25,152,true,single,36,1.0e-10,64
VQE_reduced_surrogate,73002,5882,1,0.0001220703125,1385.1661937500016,1393.1814999999997,not_in_gurobi_pool,,0010100110011111100,00100100011000000,001010011001111110000100100011000000,128,8192,25,152,true,single,36,1.0e-10,64
VQE_reduced_surrogate,73002,6033,1,0.0001220703125,1427.9583937500063,1393.2253999999996,not_in_gurobi_pool,,0110111101100111011,00000000000111000,011011110110011101100000000000111000,128,8192,25,152,true,single,36,1.0e-10,64
VQE_reduced_surrogate,73002,6002,1,0.0001220703125,1417.312918749995,1393.2669999999996,not_in_gurobi_pool,,0101100101101011100,00100000000000000,010110010110101110000100000000000000,128,8192,25,152,true,single,36,1.0e-10,64
VQE_reduced_surrogate,73002,5936,1,0.0001220703125,1395.9423687499889,1393.2705999999994,not_in_gurobi_pool,,0000011110000111111,01000111110000000,000001111000011111101000111110000000,128,8192,25,152,true,single,36,1.0e-10,64
VQE_reduced_surrogate,73002,5963,1,0.0001220703125,1406.7287437500033,1393.3698999999995,not_in_gurobi_pool,,0111111110100100101,00000000000111000,011111111010010010100000000000111000,128,8192,25,152,true,single,36,1.0e-10,64
VQE_reduced_surrogate,73002,5886,1,0.0001220703125,1385.8565937500114,1393.8718999999994,not_in_gurobi_pool,,0111001000110001100,00000000000100000,011100100011000110000000000000100000,128,8192,25,152,true,single,36,1.0e-10,64
VQE_reduced_surrogate,73002,5843,1,0.0001220703125,1375.4465187500027,1394.1488999999997,not_in_gurobi_pool,,0111011001011010011,00000101000110101,011101100101101001100000101000110101,128,8192,25,152,true,single,36,1.0e-10,64
VQE_reduced_surrogate,73002,5891,1,0.0001220703125,1386.1625937499807,1394.1778999999995,not_in_gurobi_pool,,1111100110111101110,00100000000100010,111110011011110111000100000000100010,128,8192,25,152,true,single,36,1.0e-10,64
VQE_reduced_surrogate,73002,5845,1,0.0001220703125,1376.17251875,1394.8748999999996,not_in_gurobi_pool,,0111001001000100111,00000101000100011,011100100100010011100000101000100011,128,8192,25,152,true,single,36,1.0e-10,64
VQE_reduced_surrogate,73002,5894,1,0.0001220703125,1386.8800937499993,1394.8953999999999,not_in_gurobi_pool,,1110110010111111111,00000000010111000,111011001011111111100000000010111000,128,8192,25,152,true,single,36,1.0e-10,64
VQE_reduced_surrogate,73002,5940,1,0.0001220703125,1397.7752687499903,1395.1034999999995,not_in_gurobi_pool,,1100111001100011100,00000001000101000,110011100110001110000000001000101000,128,8192,25,152,true,single,36,1.0e-10,64
VQE_reduced_surrogate,73002,5895,1,0.0001220703125,1387.1895937499949,1395.2048999999995,not_in_gurobi_pool,,0111001100111001110,00000000000100110,011100110011100111000000000000100110,128,8192,25,152,true,single,36,1.0e-10,64
VQE_reduced_surrogate,73002,5941,1,0.0001220703125,1397.8782687500006,1395.2064999999996,not_in_gurobi_pool,,0010111011101000000,10001100000101000,001011101110100000010001100000101000,128,8192,25,152,true,single,36,1.0e-10,64
VQE_reduced_surrogate,73002,5967,1,0.0001220703125,1408.5987437500103,1395.2398999999996,not_in_gurobi_pool,,1111111001110110011,00000000000111001,111111100111011001100000000000111001,128,8192,25,152,true,single,36,1.0e-10,64
VQE_reduced_surrogate,73002,5943,1,0.0001220703125,1397.9996687499981,1395.3278999999995,not_in_gurobi_pool,,1111101001100010110,00000000000100101,111110100110001011000000000000100101,128,8192,25,152,true,single,36,1.0e-10,64
VQE_reduced_surrogate,73002,5848,1,0.0001220703125,1376.707118749999,1395.4094999999993,not_in_gurobi_pool,,1100110011110101000,10000000010101000,110011001111010100010000000010101000,128,8192,25,152,true,single,36,1.0e-10,64
VQE_reduced_surrogate,73002,5970,1,0.0001220703125,1408.9348437500041,1395.5759999999993,not_in_gurobi_pool,,0101100111000110100,00100001010000000,010110011100011010000100001010000000,128,8192,25,152,true,single,36,1.0e-10,64
VQE_reduced_surrogate,73002,5972,1,0.0001220703125,1409.0297437500058,1395.6708999999996,not_in_gurobi_pool,,1111111001110101011,00000000000111010,111111100111010101100000000000111010,128,8192,25,152,true,single,36,1.0e-10,64
VQE_reduced_surrogate,73002,5973,1,0.0001220703125,1409.2648437499988,1395.9059999999995,not_in_gurobi_pool,,0101010010111011100,00000000000101000,010101001011101110000000000000101000,128,8192,25,152,true,single,36,1.0e-10,64
VQE_reduced_surrogate,73002,5975,1,0.0001220703125,1409.3168437499912,1395.9579999999994,not_in_gurobi_pool,,0011101010110111011,00000100000000000,001110101011011101100000100000000000,128,8192,25,152,true,single,36,1.0e-10,64
VQE_reduced_surrogate,73002,6012,1,0.0001220703125,1420.071318750006,1396.0253999999995,not_in_gurobi_pool,,0110100011001011101,00100000011100000,011010001100101110100100000011100000,128,8192,25,152,true,single,36,1.0e-10,64
VQE_reduced_surrogate,73002,5901,1,0.0001220703125,1388.0526937499992,1396.0679999999998,not_in_gurobi_pool,,0011001111100100001,10000100000000000,001100111110010000110000100000000000,128,8192,25,152,true,single,36,1.0e-10,64
VQE_reduced_surrogate,73002,5902,1,0.0001220703125,1388.165593750003,1396.1808999999994,not_in_gurobi_pool,,0111011110010100101,00000101000110000,011101111001010010100000101000110000,128,8192,25,152,true,single,36,1.0e-10,64
VQE_reduced_surrogate,73002,5977,1,0.0001220703125,1409.779843749999,1396.4209999999996,not_in_gurobi_pool,,1101100111100100110,00100000000000011,110110011110010011000100000000000011,128,8192,25,152,true,single,36,1.0e-10,64
VQE_reduced_surrogate,73002,5851,1,0.0001220703125,1377.9191187499841,1396.6214999999995,not_in_gurobi_pool,,0100111000110111111,00000001000101000,010011100011011111100000001000101000,128,8192,25,152,true,single,36,1.0e-10,64
VQE_reduced_surrogate,73002,5905,1,0.0001220703125,1388.679193750004,1396.6944999999996,not_in_gurobi_pool,,0100000001011111100,00100001011000000,010000000101111110000100001011000000,128,8192,25,152,true,single,36,1.0e-10,64
VQE_reduced_surrogate,73002,5906,1,0.0001220703125,1388.6901937500159,1396.7054999999996,not_in_gurobi_pool,,0010000001011111100,00100100011000000,001000000101111110000100100011000000,128,8192,25,152,true,single,36,1.0e-10,64
VQE_reduced_surrogate,73002,5945,1,0.0001220703125,1400.0227687499964,1397.3509999999997,not_in_gurobi_pool,,0011010111000101110,00000100010100010,001101011100010111000000100010100010,128,8192,25,152,true,single,36,1.0e-10,64
VQE_reduced_surrogate,73002,5859,1,0.0001220703125,1378.7495187499896,1397.4518999999998,not_in_gurobi_pool,,0111101110011101100,00000101000100000,011110111001110110000000101000100000,128,8192,25,152,true,single,36,1.0e-10,64
VQE_reduced_surrogate,73002,5908,1,0.0001220703125,1389.649793749996,1397.6650999999995,not_in_gurobi_pool,,0001111001100110101,00000101000001000,000111100110011010100000101000001000,128,8192,25,152,true,single,36,1.0e-10,64
VQE_reduced_surrogate,73002,5914,1,0.0001220703125,1390.5220937500017,1398.5373999999993,not_in_gurobi_pool,,0110110111101001101,00000000010111000,011011011110100110100000000010111000,128,8192,25,152,true,single,36,1.0e-10,64
VQE_reduced_surrogate,73002,5947,1,0.0001220703125,1401.313768750003,1398.6419999999994,not_in_gurobi_pool,,0011011001110101011,00000100000101010,001101100111010101100000100000101010,128,8192,25,152,true,single,36,1.0e-10,64
VQE_reduced_surrogate,73002,5917,1,0.0001220703125,1391.1701937499945,1399.1854999999994,not_in_gurobi_pool,,1100001011101000100,00000001000000000,110000101110100010000000001000000000,128,8192,25,152,true,single,36,1.0e-10,64
VQE_reduced_surrogate,73002,5864,1,0.0001220703125,1380.5176187500088,1399.2199999999993,not_in_gurobi_pool,,1101111011110100001,10000001000101000,110111101111010000110000001000101000,128,8192,25,152,true,single,36,1.0e-10,64
VQE_reduced_surrogate,73002,5866,1,0.0001220703125,1380.6971187500033,1399.3994999999993,not_in_gurobi_pool,,0100110011101010111,00000000010101101,010011001110101011100000000010101101,128,8192,25,152,true,single,36,1.0e-10,64
VQE_reduced_surrogate,73002,5919,1,0.0001220703125,1391.4155937500043,1399.4308999999994,not_in_gurobi_pool,,0111000101111100111,00100000000100011,011100010111110011100100000000100011,128,8192,25,152,true,single,36,1.0e-10,64
VQE_reduced_surrogate,73002,5920,1,0.0001220703125,1391.415593750003,1399.4308999999994,not_in_gurobi_pool,,0111000101110100111,00100000000100011,011100010111010011100100000000100011,128,8192,25,152,true,single,36,1.0e-10,64
VQE_reduced_surrogate,73002,5922,1,0.0001220703125,1392.001193749998,1400.0164999999993,not_in_gurobi_pool,,1100101111000111111,00000101110000000,110010111100011111100000101110000000,128,8192,25,152,true,single,36,1.0e-10,64
VQE_reduced_surrogate,73002,5952,1,0.0001220703125,1403.6171687500039,1400.9453999999998,not_in_gurobi_pool,,0110011111001100110,00000101010110011,011001111100110011000000101010110011,128,8192,25,152,true,single,36,1.0e-10,64
VQE_reduced_surrogate,73002,5953,1,0.0001220703125,1403.8922687499994,1401.2204999999994,not_in_gurobi_pool,,1100100011010111111,00100001011000000,110010001101011111100100001011000000,128,8192,25,152,true,single,36,1.0e-10,64
VQE_reduced_surrogate,73002,5995,1,0.0001220703125,1414.7094437499952,1401.3505999999995,not_in_gurobi_pool,,0000010001110111111,01000000010001000,000001000111011111101000000010001000,128,8192,25,152,true,single,36,1.0e-10,64
VQE_reduced_surrogate,73002,5954,1,0.0001220703125,1404.2152687499956,1401.5434999999993,not_in_gurobi_pool,,0100011010110110110,00000001000101001,010001101011011011000000001000101001,128,8192,25,152,true,single,36,1.0e-10,64
VQE_reduced_surrogate,73002,5929,1,0.0001220703125,1393.730193749998,1401.7454999999995,not_in_gurobi_pool,,0100111011000110110,00000101110100001,010011101100011011000000101110100001,128,8192,25,152,true,single,36,1.0e-10,64
VQE_reduced_surrogate,73002,5931,1,0.0001220703125,1393.990193749989,1402.0054999999995,not_in_gurobi_pool,,1100111101111111101,00000001000101000,110011110111111110100000001000101000,128,8192,25,152,true,single,36,1.0e-10,64
VQE_reduced_surrogate,73002,5877,1,0.0001220703125,1383.4831187499997,1402.1854999999998,not_in_gurobi_pool,,0100011111101000100,00000001000101000,010001111110100010000000001000101000,128,8192,25,152,true,single,36,1.0e-10,64
VQE_reduced_surrogate,73002,5998,1,0.0001220703125,1415.9272437500013,1402.5683999999997,not_in_gurobi_pool,,1110101111101101111,00000000000100010,111010111110110111100000000000100010,128,8192,25,152,true,single,36,1.0e-10,64
VQE_reduced_surrogate,73002,5999,1,0.0001220703125,1416.16274375,1402.8038999999997,not_in_gurobi_pool,,0111110011011001110,00000000010110110,011111001101100111000000000010110110,128,8192,25,152,true,single,36,1.0e-10,64
VQE_reduced_surrogate,73002,5959,1,0.0001220703125,1405.4972687499849,1402.8254999999997,not_in_gurobi_pool,,0010101010111111110,00000100000000000,001010101011111111000000100000000000,128,8192,25,152,true,single,36,1.0e-10,64
VQE_reduced_surrogate,73002,5934,1,0.0001220703125,1394.8802937500036,1402.8955999999996,not_in_gurobi_pool,,0000001011101100101,01000101000000000,000000101110110010101000101000000000,128,8192,25,152,true,single,36,1.0e-10,64
VQE_reduced_surrogate,73002,5884,1,0.0001220703125,1385.393618750003,1404.0959999999993,not_in_gurobi_pool,,0011111011110001011,00000100000101110,001111101111000101100000100000101110,128,8192,25,152,true,single,36,1.0e-10,64
VQE_reduced_surrogate,73002,6071,1,0.0001220703125,1438.9383937499929,1404.2053999999996,not_in_gurobi_pool,,0110111001110101101,00000000000111000,011011100111010110100000000000111000,128,8192,25,152,true,single,36,1.0e-10,64
VQE_reduced_surrogate,73002,5885,1,0.0001220703125,1385.6617187500062,1404.3640999999993,not_in_gurobi_pool,,0001111011110110011,00000101000001001,000111101111011001100000101000001001,128,8192,25,152,true,single,36,1.0e-10,64
VQE_reduced_surrogate,73002,5937,1,0.0001220703125,1396.6850937500017,1404.7003999999993,not_in_gurobi_pool,,0110110011111001100,00000000010111000,011011001111100110000000000010111000,128,8192,25,152,true,single,36,1.0e-10,64
VQE_reduced_surrogate,73002,6072,1,0.0001220703125,1439.5323937499986,1404.7993999999997,not_in_gurobi_pool,,0110011001111001110,00000000000111110,011001100111100111000000000000111110,128,8192,25,152,true,single,36,1.0e-10,64
VQE_reduced_surrogate,73002,5964,1,0.0001220703125,1407.495768749998,1404.8239999999992,not_in_gurobi_pool,,0101001111110101010,00000001000000010,010100111111010101000000001000000010,128,8192,25,152,true,single,36,1.0e-10,64
VQE_reduced_surrogate,73002,5892,1,0.0001220703125,1386.1937187500037,1404.8960999999995,not_in_gurobi_pool,,0001111011110011011,00000101000001100,000111101111001101100000101000001100,128,8192,25,152,true,single,36,1.0e-10,64
VQE_reduced_surrogate,73002,5971,1,0.0001220703125,1409.0226687500096,1406.3508999999992,not_in_gurobi_pool,,1111111111111010101,00000000000111000,111111111111101010100000000000111000,128,8192,25,152,true,single,36,1.0e-10,64
VQE_reduced_surrogate,73002,5974,1,0.0001220703125,1409.2871687500042,1406.6153999999995,not_in_gurobi_pool,,0110111011011110100,00000101010110000,011011101101111010000000101010110000,128,8192,25,152,true,single,36,1.0e-10,64
VQE_reduced_surrogate,73002,5976,1,0.0001220703125,1409.7181687500026,1407.0463999999995,not_in_gurobi_pool,,0110011111010101101,00000101010110000,011001111101010110100000101010110000,128,8192,25,152,true,single,36,1.0e-10,64
VQE_reduced_surrogate,73002,5978,1,0.0001220703125,1409.819168750009,1407.1473999999996,not_in_gurobi_pool,,0110011111011011100,00000101010110000,011001111101101110000000101010110000,128,8192,25,152,true,single,36,1.0e-10,64
VQE_reduced_surrogate,73002,5979,1,0.0001220703125,1410.7426687500054,1408.0708999999995,not_in_gurobi_pool,,0111111111011110111,00000101000110001,011111111101111011100000101000110001,128,8192,25,152,true,single,36,1.0e-10,64
VQE_reduced_surrogate,73002,5980,1,0.0001220703125,1411.27466875,1408.6028999999996,not_in_gurobi_pool,,0111111111011011111,00000101000110100,011111111101101111100000101000110100,128,8192,25,152,true,single,36,1.0e-10,64
VQE_reduced_surrogate,73002,5861,1,0.0001220703125,1380.3856437500056,1409.7750999999994,not_in_gurobi_pool,,0001111011110000110,00000101000001111,000111101111000011000000101000001111,128,8192,25,152,true,single,36,1.0e-10,64
VQE_reduced_surrogate,73002,5949,1,0.0001220703125,1402.9371937499936,1410.9524999999992,not_in_gurobi_pool,,0100111011111001110,00000001000101110,010011101111100111000000001000101110,128,8192,25,152,true,single,36,1.0e-10,64
VQE_reduced_surrogate,73002,5924,1,0.0001220703125,1392.6517187499858,1411.354099999999,not_in_gurobi_pool,,0001111111110110110,00000101000001001,000111111111011011000000101000001001,128,8192,25,152,true,single,36,1.0e-10,64
VQE_reduced_surrogate,73002,6065,1,0.0001220703125,1437.6586187500052,1413.6126999999997,not_in_gurobi_pool,,1110100100000111000,10110000011100000,111010010000011100010110000011100000,128,8192,25,152,true,single,36,1.0e-10,64
VQE_reduced_surrogate,73002,5965,1,0.0001220703125,1407.8008937499917,1415.8161999999993,not_in_gurobi_pool,,1111010000101110000,10000000000111000,111101000010111000010000000000111000,128,8192,25,152,true,single,36,1.0e-10,64
VQE_reduced_surrogate,73002,6118,1,0.0001220703125,1451.3456937500014,1416.6126999999997,not_in_gurobi_pool,,0110110000000111000,10010000011110000,011011000000011100010010000011110000,128,8192,25,152,true,single,36,1.0e-10,64
VQE_reduced_surrogate,73002,6008,1,0.0001220703125,1419.37806875,1416.7062999999996,not_in_gurobi_pool,,0011010100001111001,10010100010100000,001101010000111100110010100010100000,128,8192,25,152,true,single,36,1.0e-10,64
VQE_reduced_surrogate,73002,5981,1,0.0001220703125,1411.5678937499945,1419.5831999999996,not_in_gurobi_pool,,0111011100001100001,10010101000110000,011101110000110000110010101000110000,128,8192,25,152,true,single,36,1.0e-10,64
VQE_reduced_surrogate,73002,6054,1,0.0001220703125,1434.973043750004,1421.6141999999995,not_in_gurobi_pool,,0111010100001100100,00010000010110000,011101010000110010000010000010110000,128,8192,25,152,true,single,36,1.0e-10,64
VQE_reduced_surrogate,73002,6022,1,0.0001220703125,1424.4279687500025,1421.7561999999998,not_in_gurobi_pool,,0111011100001110011,00010101000110001,011101110000111001100010101000110001,128,8192,25,152,true,single,36,1.0e-10,64
VQE_reduced_surrogate,73002,6056,1,0.0001220703125,1436.1056437500176,1422.7467999999994,not_in_gurobi_pool,,0010100100010111000,10110100011000000,001010010001011100010110100011000000,128,8192,25,152,true,single,36,1.0e-10,64
VQE_reduced_surrogate,73002,5996,1,0.0001220703125,1414.8839937499984,1422.8992999999996,not_in_gurobi_pool,,0011110110000111001,10000100010100000,001111011000011100110000100010100000,128,8192,25,152,true,single,36,1.0e-10,64
VQE_reduced_surrogate,73002,6057,1,0.0001220703125,1436.3450437500017,1422.9861999999994,not_in_gurobi_pool,,0111110000000011101,00010000010110000,011111000000001110100010000010110000,128,8192,25,152,true,single,36,1.0e-10,64
VQE_reduced_surrogate,73002,6029,1,0.0001220703125,1426.0840687499995,1423.4122999999995,not_in_gurobi_pool,,1101100001000111001,10100001010000000,110110000100011100110100001010000000,128,8192,25,152,true,single,36,1.0e-10,64
VQE_reduced_surrogate,73002,5957,1,0.0001220703125,1405.2124187500012,1423.9147999999996,not_in_gurobi_pool,,1100100000101111101,00100000010000000,110010000010111110100100000010000000,128,8192,25,152,true,single,36,1.0e-10,64
VQE_reduced_surrogate,73002,5958,1,0.0001220703125,1405.436818749999,1424.1391999999994,not_in_gurobi_pool,,1111100100101110110,00100000000100001,111110010010111011000100000000100001,128,8192,25,152,true,single,36,1.0e-10,64
VQE_reduced_surrogate,73002,6031,1,0.0001220703125,1427.0849687500058,1424.4131999999997,not_in_gurobi_pool,,1111111100000110100,00010101000110000,111111110000011010000010101000110000,128,8192,25,152,true,single,36,1.0e-10,64
VQE_reduced_surrogate,73002,5960,1,0.0001220703125,1405.86781875,1424.5701999999994,not_in_gurobi_pool,,1111100100100101110,00100000000100010,111110010010010111000100000000100010,128,8192,25,152,true,single,36,1.0e-10,64
VQE_reduced_surrogate,73002,5961,1,0.0001220703125,1405.968818750001,1424.6711999999995,not_in_gurobi_pool,,1111000100101011111,00100000000100100,111100010010101111100100000000100100,128,8192,25,152,true,single,36,1.0e-10,64
VQE_reduced_surrogate,73002,6110,1,0.0001220703125,1448.8632187499973,1424.8172999999995,not_in_gurobi_pool,,1101101100010111001,10010101100000000,110110110001011100110010101100000000,128,8192,25,152,true,single,36,1.0e-10,64
VQE_reduced_surrogate,73002,6032,1,0.0001220703125,1427.5266687500016,1424.8548999999996,not_in_gurobi_pool,,0000011100100111000,11000101000001000,000001110010011100011000101000001000,128,8192,25,152,true,single,36,1.0e-10,64
VQE_reduced_surrogate,73002,5962,1,0.0001220703125,1406.2638187500027,1424.9661999999994,not_in_gurobi_pool,,0111000100101100101,00100000000100000,011100010010110010100100000000100000,128,8192,25,152,true,single,36,1.0e-10,64
VQE_reduced_surrogate,73002,6004,1,0.0001220703125,1417.4828937499965,1425.4981999999993,not_in_gurobi_pool,,0111010100101001101,00000000000111000,011101010010100110100000000000111000,128,8192,25,152,true,single,36,1.0e-10,64
VQE_reduced_surrogate,73002,6035,1,0.0001220703125,1428.7230687500057,1426.0512999999996,not_in_gurobi_pool,,1101100010010111000,10100001010000000,110110001001011100010100001010000000,128,8192,25,152,true,single,36,1.0e-10,64
VQE_reduced_surrogate,73002,6114,1,0.0001220703125,1450.1348187500002,1426.0888999999993,not_in_gurobi_pool,,0000110010101111001,11000000010001000,000011001010111100111000000010001000,128,8192,25,152,true,single,36,1.0e-10,64
VQE_reduced_surrogate,73002,6115,1,0.0001220703125,1450.1348187500005,1426.0888999999993,not_in_gurobi_pool,,0000010110100111000,11000000010001000,000001011010011100011000000010001000,128,8192,25,152,true,single,36,1.0e-10,64
VQE_reduced_surrogate,73002,6005,1,0.0001220703125,1418.6264937499918,1426.6417999999994,not_in_gurobi_pool,,1100110001101111000,10000000010101000,110011000110111100010000000010101000,128,8192,25,152,true,single,36,1.0e-10,64
VQE_reduced_surrogate,73002,6006,1,0.0001220703125,1418.757893749995,1426.7731999999994,not_in_gurobi_pool,,0111100110100101011,00100000000100010,011110011010010101100100000000100010,128,8192,25,152,true,single,36,1.0e-10,64
VQE_reduced_surrogate,73002,6009,1,0.0001220703125,1419.4088937499982,1427.4241999999997,not_in_gurobi_pool,,1111100110010111011,00100000010100000,111110011001011101100100000010100000,128,8192,25,152,true,single,36,1.0e-10,64
VQE_reduced_surrogate,73002,5968,1,0.0001220703125,1408.8808187499885,1427.5831999999996,not_in_gurobi_pool,,0111100100111111011,00100000000100000,011110010011111101100100000000100000,128,8192,25,152,true,single,36,1.0e-10,64
VQE_reduced_surrogate,73002,6010,1,0.0001220703125,1419.6778937499926,1427.6931999999993,not_in_gurobi_pool,,0111110001101100000,10000000000111000,011111000110110000010000000000111000,128,8192,25,152,true,single,36,1.0e-10,64
VQE_reduced_surrogate,73002,6039,1,0.0001220703125,1430.730568749999,1428.0587999999996,not_in_gurobi_pool,,1100000100010111110,00110001011000000,110000010001011111000110001011000000,128,8192,25,152,true,single,36,1.0e-10,64
VQE_reduced_surrogate,73002,6014,1,0.0001220703125,1420.3558937499977,1428.3711999999994,not_in_gurobi_pool,,0111000000011000110,00110000010100111,011100000001100011000110000010100111,128,8192,25,152,true,single,36,1.0e-10,64
VQE_reduced_surrogate,73002,6041,1,0.0001220703125,1431.0530687499918,1428.3812999999993,not_in_gurobi_pool,,0011100000101111111,00100000000000000,001110000010111111100100000000000000,128,8192,25,152,true,single,36,1.0e-10,64
VQE_reduced_surrogate,73002,6081,1,0.0001220703125,1441.7480437499923,1428.3891999999994,not_in_gurobi_pool,,0111001110101000001,10001000000100000,011100111010100000110001000000100000,128,8192,25,152,true,single,36,1.0e-10,64
VQE_reduced_surrogate,73002,6126,1,0.0001220703125,1453.2072187500094,1429.1612999999993,not_in_gurobi_pool,,0011001000010111010,00010111000000000,001100100001011101000010111000000000,128,8192,25,152,true,single,36,1.0e-10,64
VQE_reduced_surrogate,73002,6044,1,0.0001220703125,1431.9525687499997,1429.2807999999993,not_in_gurobi_pool,,1100000110110111000,10100000010000000,110000011011011100010100000010000000,128,8192,25,152,true,single,36,1.0e-10,64
VQE_reduced_surrogate,73002,6045,1,0.0001220703125,1431.952568749998,1429.2807999999993,not_in_gurobi_pool,,1100000110110111001,10100000010000000,110000011011011100110100000010000000,128,8192,25,152,true,single,36,1.0e-10,64
VQE_reduced_surrogate,73002,6084,1,0.0001220703125,1442.8911437500021,1429.5322999999992,not_in_gurobi_pool,,1101101010100111010,00000001000000000,110110101010011101000000001000000000,128,8192,25,152,true,single,36,1.0e-10,64
VQE_reduced_surrogate,73002,6130,1,0.0001220703125,1453.658818749998,1429.6128999999996,not_in_gurobi_pool,,0000110101100111001,11000000010001000,000011010110011100111000000010001000,128,8192,25,152,true,single,36,1.0e-10,64
VQE_reduced_surrogate,73002,6085,1,0.0001220703125,1443.001043749999,1429.6421999999998,not_in_gurobi_pool,,0111010100011001110,00010000010110110,011101010001100111000010000010110110,128,8192,25,152,true,single,36,1.0e-10,64
VQE_reduced_surrogate,73002,6131,1,0.0001220703125,1453.7813187499976,1429.7353999999996,not_in_gurobi_pool,,0001110101100111001,10000000000001000,000111010110011100110000000000001000,128,8192,25,152,true,single,36,1.0e-10,64
VQE_reduced_surrogate,73002,6086,1,0.0001220703125,1443.1540437499814,1429.7951999999993,not_in_gurobi_pool,,0111000111001000001,10101000010100000,011100011100100000110101000010100000,128,8192,25,152,true,single,36,1.0e-10,64
VQE_reduced_surrogate,73002,6178,1,0.0001220703125,1464.5786937500077,1429.8456999999994,not_in_gurobi_pool,,0110111010100110000,10000000000111000,011011101010011000010000000000111000,128,8192,25,152,true,single,36,1.0e-10,64
VQE_reduced_surrogate,73002,6017,1,0.0001220703125,1422.0093937499798,1430.0246999999993,not_in_gurobi_pool,,1110000011101000000,10101000010100000,111000001110100000010101000010100000,128,8192,25,152,true,single,36,1.0e-10,64
VQE_reduced_surrogate,73002,6182,1,0.0001220703125,1465.009693750002,1430.2766999999994,not_in_gurobi_pool,,0110011110100101000,10000000000111000,011001111010010100010000000000111000,128,8192,25,152,true,single,36,1.0e-10,64
VQE_reduced_surrogate,73002,5982,1,0.0001220703125,1411.6269187499965,1430.3292999999992,not_in_gurobi_pool,,1101111100100111111,00000001000101000,110111110010011111100000001000101000,128,8192,25,152,true,single,36,1.0e-10,64
VQE_reduced_surrogate,73002,6018,1,0.0001220703125,1422.3538937500014,1430.3691999999996,not_in_gurobi_pool,,0111001100111101000,10000000000100000,011100110011110100010000000000100000,128,8192,25,152,true,single,36,1.0e-10,64
VQE_reduced_surrogate,73002,5983,1,0.0001220703125,1411.730818750003,1430.4331999999997,not_in_gurobi_pool,,0111000010111010000,10100000000100000,011100001011101000010100000000100000,128,8192,25,152,true,single,36,1.0e-10,64
VQE_reduced_surrogate,73002,6047,1,0.0001220703125,1433.1289687499936,1430.4571999999996,not_in_gurobi_pool,,0111111000101001101,00000000000111000,011111100010100110100000000000111000,128,8192,25,152,true,single,36,1.0e-10,64
VQE_reduced_surrogate,73002,5986,1,0.0001220703125,1412.1618187500067,1430.8641999999993,not_in_gurobi_pool,,0111000010111001000,10100000000100000,011100001011100100010100000000100000,128,8192,25,152,true,single,36,1.0e-10,64
VQE_reduced_surrogate,73002,6019,1,0.0001220703125,1422.9123937500033,1430.9276999999997,not_in_gurobi_pool,,1110011110011111000,10000101010110000,111001111001111100010000101010110000,128,8192,25,152,true,single,36,1.0e-10,64
VQE_reduced_surrogate,73002,6136,1,0.0001220703125,1455.1196187500002,1431.0736999999997,not_in_gurobi_pool,,0110011100100101100,00000000000111000,011001110010010110000000000000111000,128,8192,25,152,true,single,36,1.0e-10,64
VQE_reduced_surrogate,73002,6091,1,0.0001220703125,1444.435643749995,1431.0767999999998,not_in_gurobi_pool,,0100101110100111001,10000001000000000,010010111010011100110000001000000000,128,8192,25,152,true,single,36,1.0e-10,64
VQE_reduced_surrogate,73002,6092,1,0.0001220703125,1444.6600437500097,1431.3011999999994,not_in_gurobi_pool,,0111111110100110011,00000000000111001,011111111010011001100000000000111001,128,8192,25,152,true,single,36,1.0e-10,64
VQE_reduced_surrogate,73002,6049,1,0.0001220703125,1434.030968749996,1431.3591999999996,not_in_gurobi_pool,,0111111000101010111,00000000000111101,011111100010101011100000000000111101,128,8192,25,152,true,single,36,1.0e-10,64
VQE_reduced_surrogate,73002,6096,1,0.0001220703125,1445.091043749997,1431.7321999999995,not_in_gurobi_pool,,0111111110101101010,00000000000111010,011111111010110101000000000000111010,128,8192,25,152,true,single,36,1.0e-10,64
VQE_reduced_surrogate,73002,6021,1,0.0001220703125,1424.3678937500042,1432.3831999999998,not_in_gurobi_pool,,1111111110010111011,00000101000110000,111111111001011101100000101000110000,128,8192,25,152,true,single,36,1.0e-10,64
VQE_reduced_surrogate,73002,5990,1,0.0001220703125,1413.7598187500016,1432.4621999999995,not_in_gurobi_pool,,0111000100111100110,00100000000100011,011100010011110011000100000000100011,128,8192,25,152,true,single,36,1.0e-10,64
VQE_reduced_surrogate,73002,6023,1,0.0001220703125,1424.4898937499995,1432.5051999999994,not_in_gurobi_pool,,0111100010110110011,00100000000100001,011110001011011001100100000000100001,128,8192,25,152,true,single,36,1.0e-10,64
VQE_reduced_surrogate,73002,6024,1,0.0001220703125,1424.5709937500021,1432.5862999999995,not_in_gurobi_pool,,0011110101010111000,10000100010100000,001111010101011100010000100010100000,128,8192,25,152,true,single,36,1.0e-10,64
VQE_reduced_surrogate,73002,6025,1,0.0001220703125,1424.5749937499932,1432.5902999999994,not_in_gurobi_pool,,0101011000101011111,00000001000101100,010101100010101111100000001000101100,128,8192,25,152,true,single,36,1.0e-10,64
VQE_reduced_surrogate,73002,6026,1,0.0001220703125,1424.5788937500158,1432.5941999999993,not_in_gurobi_pool,,1111011111001010001,10000101000110000,111101111100101000110000101000110000,128,8192,25,152,true,single,36,1.0e-10,64
VQE_reduced_surrogate,73002,6098,1,0.0001220703125,1446.0741437500023,1432.7152999999996,not_in_gurobi_pool,,0011001001000111010,00000111000000000,001100100100011101000000111000000000,128,8192,25,152,true,single,36,1.0e-10,64
VQE_reduced_surrogate,73002,5991,1,0.0001220703125,1414.0768187499978,1432.7791999999995,not_in_gurobi_pool,,0111001110011110001,10000101000100000,011100111001111000110000101000100000,128,8192,25,152,true,single,36,1.0e-10,64
VQE_reduced_surrogate,73002,6027,1,0.0001220703125,1424.7894937499932,1432.8047999999994,not_in_gurobi_pool,,1100010101110111000,10000000010101000,110001010111011100010000000010101000,128,8192,25,152,true,single,36,1.0e-10,64
VQE_reduced_surrogate,73002,6146,1,0.0001220703125,1456.9602187499904,1432.9142999999992,not_in_gurobi_pool,,1101000001100101100,00100000000000000,110100000110010110000100000000000000,128,8192,25,152,true,single,36,1.0e-10,64
VQE_reduced_surrogate,73002,5992,1,0.0001220703125,1414.291818750001,1432.9941999999996,not_in_gurobi_pool,,0111000000111001110,00100000000100110,011100000011100111000100000000100110,128,8192,25,152,true,single,36,1.0e-10,64
VQE_reduced_surrogate,73002,5993,1,0.0001220703125,1414.2918187499981,1432.9941999999996,not_in_gurobi_pool,,0111000100111001110,00100000000100110,011100010011100111000100000000100110,128,8192,25,152,true,single,36,1.0e-10,64
VQE_reduced_surrogate,73002,6101,1,0.0001220703125,1446.4151437499947,1433.0562999999995,not_in_gurobi_pool,,1101101001100111010,00000001000000000,110110100110011101000000001000000000,128,8192,25,152,true,single,36,1.0e-10,64
VQE_reduced_surrogate,73002,5994,1,0.0001220703125,1414.5078187500098,1433.2101999999995,not_in_gurobi_pool,,0111101010010101000,10000101000100000,011110101001010100010000101000100000,128,8192,25,152,true,single,36,1.0e-10,64
VQE_reduced_surrogate,73002,6102,1,0.0001220703125,1446.8111437499874,1433.4522999999995,not_in_gurobi_pool,,0101001001100110000,10000001000000000,010100100110011000010000001000000000,128,8192,25,152,true,single,36,1.0e-10,64
VQE_reduced_surrogate,73002,6105,1,0.0001220703125,1446.9211437499948,1433.5622999999996,not_in_gurobi_pool,,1011000111100011010,00100000000000100,101100011110001101000100000000000100,128,8192,25,152,true,single,36,1.0e-10,64
VQE_reduced_surrogate,73002,6028,1,0.0001220703125,1425.6383937499982,1433.6536999999996,not_in_gurobi_pool,,0110100010110111011,00100000010100000,011010001011011101100100000010100000,128,8192,25,152,true,single,36,1.0e-10,64
VQE_reduced_surrogate,73002,5997,1,0.0001220703125,1415.2548187499917,1433.9571999999991,not_in_gurobi_pool,,0111000101110010000,10100000000100000,011100010111001000010100000000100000,128,8192,25,152,true,single,36,1.0e-10,64
VQE_reduced_surrogate,73002,6058,1,0.0001220703125,1436.781068750007,1434.1092999999996,not_in_gurobi_pool,,0011011110000011100,00000111000100000,001101111000001110000000111000100000,128,8192,25,152,true,single,36,1.0e-10,64
VQE_reduced_surrogate,73002,6030,1,0.0001220703125,1426.3728937499973,1434.3881999999994,not_in_gurobi_pool,,0111010101110001001,10000000000111000,011101010111000100110000000000111000,128,8192,25,152,true,single,36,1.0e-10,64
VQE_reduced_surrogate,73002,6060,1,0.0001220703125,1437.1135687499977,1434.4417999999994,not_in_gurobi_pool,,1100101111000111001,10000101110000000,110010111100011100110000101110000000,128,8192,25,152,true,single,36,1.0e-10,64
VQE_reduced_surrogate,73002,6061,1,0.0001220703125,1437.1135687499946,1434.4417999999994,not_in_gurobi_pool,,1100101111000111000,10000101110000000,110010111100011100010000101110000000,128,8192,25,152,true,single,36,1.0e-10,64
VQE_reduced_surrogate,73002,6062,1,0.0001220703125,1437.2160687499916,1434.5442999999993,not_in_gurobi_pool,,0011100000110111111,00100000000000000,001110000011011111100100000000000000,128,8192,25,152,true,single,36,1.0e-10,64
VQE_reduced_surrogate,73002,6063,1,0.0001220703125,1437.2160687499907,1434.5442999999993,not_in_gurobi_pool,,0011100000111111110,00100000000000000,001110000011111111000100000000000000,128,8192,25,152,true,single,36,1.0e-10,64
VQE_reduced_surrogate,73002,6107,1,0.0001220703125,1448.1130437499949,1434.7541999999994,not_in_gurobi_pool,,0111111011000000001,10001101000110000,011111101100000000110001101000110000,128,8192,25,152,true,single,36,1.0e-10,64
VQE_reduced_surrogate,73002,6064,1,0.0001220703125,1437.5809687499989,1434.9091999999996,not_in_gurobi_pool,,0111111100010110111,00010101000110001,011111110001011011100010101000110001,128,8192,25,152,true,single,36,1.0e-10,64
VQE_reduced_surrogate,73002,6109,1,0.0001220703125,1448.3420437499965,1434.9831999999994,not_in_gurobi_pool,,1111111110101001110,00000000000111110,111111111010100111000000000000111110,128,8192,25,152,true,single,36,1.0e-10,64
VQE_reduced_surrogate,73002,6000,1,0.0001220703125,1416.3055187499972,1435.0078999999994,not_in_gurobi_pool,,1000001100110111101,01000101000000000,100000110011011110101000101000000000,128,8192,25,152,true,single,36,1.0e-10,64
VQE_reduced_surrogate,73002,6067,1,0.0001220703125,1437.768968750013,1435.0972,not_in_gurobi_pool,,1111111011000101011,00000101000110010,111111101100010101100000101000110010,128,8192,25,152,true,single,36,1.0e-10,64
VQE_reduced_surrogate,73002,6001,1,0.0001220703125,1416.7608187499975,1435.4631999999995,not_in_gurobi_pool,,0111011101010100000,10000101000110000,011101110101010000010000101000110000,128,8192,25,152,true,single,36,1.0e-10,64
VQE_reduced_surrogate,73002,6070,1,0.0001220703125,1438.5654687499978,1435.8936999999996,not_in_gurobi_pool,,0110010001101100110,00000000010111011,011001000110110011000000000010111011,128,8192,25,152,true,single,36,1.0e-10,64
VQE_reduced_surrogate,73002,6003,1,0.0001220703125,1417.3553187499913,1436.0577,not_in_gurobi_pool,,0110101100010111111,00010101010100000,011010110001011111100010101010100000,128,8192,25,152,true,single,36,1.0e-10,64
VQE_reduced_surrogate,73002,6111,1,0.0001220703125,1449.4900437500007,1436.1311999999994,not_in_gurobi_pool,,0111111110111110001,10000000000111000,011111111011111000110000000000111000,128,8192,25,152,true,single,36,1.0e-10,64
VQE_reduced_surrogate,73002,6112,1,0.0001220703125,1449.7232437499838,1436.3643999999997,not_in_gurobi_pool,,1001010110111111100,00000000000001000,100101011011111110000000000000001000,128,8192,25,152,true,single,36,1.0e-10,64
VQE_reduced_surrogate,73002,6034,1,0.0001220703125,1428.4448937500008,1436.4601999999993,not_in_gurobi_pool,,0111100001110101011,00100000000100010,011110000111010101100100000000100010,128,8192,25,152,true,single,36,1.0e-10,64
VQE_reduced_surrogate,73002,6113,1,0.0001220703125,1450.0220437500004,1436.6631999999995,not_in_gurobi_pool,,0111111110111011000,10000000000111000,011111111011101100010000000000111000,128,8192,25,152,true,single,36,1.0e-10,64
VQE_reduced_surrogate,73002,6163,1,0.0001220703125,1461.3042187500012,1437.2582999999995,not_in_gurobi_pool,,0011000101100101110,00100000000000010,001100010110010111000100000000000010,128,8192,25,152,true,single,36,1.0e-10,64
VQE_reduced_surrogate,73002,6036,1,0.0001220703125,1429.3589937499921,1437.3742999999993,not_in_gurobi_pool,,0101100010010111111,00100001010000000,010110001001011111100100001010000000,128,8192,25,152,true,single,36,1.0e-10,64
VQE_reduced_surrogate,73002,6073,1,0.0001220703125,1440.0940687500013,1437.4222999999995,not_in_gurobi_pool,,0011011110101100110,00000100000101011,001101111010110011000000100000101011,128,8192,25,152,true,single,36,1.0e-10,64
VQE_reduced_surrogate,73002,6074,1,0.0001220703125,1440.1319687499854,1437.4601999999993,not_in_gurobi_pool,,0111111100111011101,00000000000111000,011111110011101110100000000000111000,128,8192,25,152,true,single,36,1.0e-10,64
VQE_reduced_surrogate,73002,6117,1,0.0001220703125,1451.0851437499812,1437.7262999999991,not_in_gurobi_pool,,1101100110110111111,00100000000000000,110110011011011111100100000000000000,128,8192,25,152,true,single,36,1.0e-10,64
VQE_reduced_surrogate,73002,5966,1,0.0001220703125,1408.4883437499882,1437.8777999999995,not_in_gurobi_pool,,1100111110010111101,00000101110100000,110011111001011110100000101110100000,128,8192,25,152,true,single,36,1.0e-10,64
VQE_reduced_surrogate,73002,6007,1,0.0001220703125,1419.1754187499887,1437.8777999999998,not_in_gurobi_pool,,1100101110010111100,00000101110000000,110010111001011110000000101110000000,128,8192,25,152,true,single,36,1.0e-10,64
VQE_reduced_surrogate,73002,5944,1,0.0001220703125,1398.0538687499968,1438.1303999999996,not_in_gurobi_pool,,0001101000111111100,00000101000000000,000110100011111110000000101000000000,128,8192,25,152,true,single,36,1.0e-10,64
VQE_reduced_surrogate,73002,6076,1,0.0001220703125,1440.9960687500002,1438.3242999999995,not_in_gurobi_pool,,0101010111000110100,00000001010100000,010101011100011010000000001010100000,128,8192,25,152,true,single,36,1.0e-10,64
VQE_reduced_surrogate,73002,6077,1,0.0001220703125,1441.049968749994,1438.3781999999994,not_in_gurobi_pool,,1111010001111001100,00000000000111000,111101000111100110000000000000111000,128,8192,25,152,true,single,36,1.0e-10,64
VQE_reduced_surrogate,73002,6038,1,0.0001220703125,1430.6385937500047,1438.6538999999996,not_in_gurobi_pool,,0000111011100100000,11000101000001000,000011101110010000011000101000001000,128,8192,25,152,true,single,36,1.0e-10,64
VQE_reduced_surrogate,73002,6011,1,0.0001220703125,1419.9914187500005,1438.6937999999996,not_in_gurobi_pool,,0010111011100100000,10000100000101000,001011101110010000010000100000101000,128,8192,25,152,true,single,36,1.0e-10,64
VQE_reduced_surrogate,73002,6078,1,0.0001220703125,1441.3944687499975,1438.7226999999998,not_in_gurobi_pool,,0110101011100100000,10000000000100000,011010101110010000010000000000100000,128,8192,25,152,true,single,36,1.0e-10,64
VQE_reduced_surrogate,73002,6121,1,0.0001220703125,1452.1381437499983,1438.7792999999992,not_in_gurobi_pool,,0011100111011111000,10100100010000000,001110011101111100010100100010000000,128,8192,25,152,true,single,36,1.0e-10,64
VQE_reduced_surrogate,73002,6013,1,0.0001220703125,1420.081418750002,1438.7837999999992,not_in_gurobi_pool,,0100111011101010001,10000001000101000,010011101110101000110000001000101000,128,8192,25,152,true,single,36,1.0e-10,64
VQE_reduced_surrogate,73002,6040,1,0.0001220703125,1430.770493750002,1438.7857999999994,not_in_gurobi_pool,,0010111011000111011,00000111010100000,001011101100011101100000111010100000,128,8192,25,152,true,single,36,1.0e-10,64
VQE_reduced_surrogate,73002,6079,1,0.0001220703125,1441.4869687499952,1438.8151999999995,not_in_gurobi_pool,,0111111001111100000,10000000000111000,011111100111110000010000000000111000,128,8192,25,152,true,single,36,1.0e-10,64
VQE_reduced_surrogate,73002,6080,1,0.0001220703125,1441.5879687499953,1438.9161999999992,not_in_gurobi_pool,,0111111001111010000,10000000000111000,011111100111101000010000000000111000,128,8192,25,152,true,single,36,1.0e-10,64
VQE_reduced_surrogate,73002,6042,1,0.0001220703125,1431.3844937499841,1439.3997999999995,not_in_gurobi_pool,,0100111110101111111,00000001000101000,010011111010111111100000001000101000,128,8192,25,152,true,single,36,1.0e-10,64
VQE_reduced_surrogate,73002,6122,1,0.0001220703125,1452.7685437499797,1439.4096999999995,not_in_gurobi_pool,,0110111100111111110,00000000000111000,011011110011111111000000000000111000,128,8192,25,152,true,single,36,1.0e-10,64
VQE_reduced_surrogate,73002,6123,1,0.0001220703125,1452.8251437499998,1439.4662999999994,not_in_gurobi_pool,,0011010010110110110,00000000000101001,001101001011011011000000000000101001,128,8192,25,152,true,single,36,1.0e-10,64
VQE_reduced_surrogate,73002,6043,1,0.0001220703125,1431.4879937499857,1439.5032999999992,not_in_gurobi_pool,,0011101000110111111,00000100000000000,001110100011011111100000100000000000,128,8192,25,152,true,single,36,1.0e-10,64
VQE_reduced_surrogate,73002,6082,1,0.0001220703125,1442.3770687499991,1439.7052999999994,not_in_gurobi_pool,,0011101001001111111,00000111000000000,001110100100111111100000111000000000,128,8192,25,152,true,single,36,1.0e-10,64
VQE_reduced_surrogate,73002,6083,1,0.0001220703125,1442.697668750003,1440.0258999999994,not_in_gurobi_pool,,0000011111101011001,11000101000001000,000001111110101100111000101000001000,128,8192,25,152,true,single,36,1.0e-10,64
VQE_reduced_surrogate,73002,6046,1,0.0001220703125,1432.1633937500076,1440.1786999999997,not_in_gurobi_pool,,0110011010011011100,00000101010110000,011001101001101110000000101010110000,128,8192,25,152,true,single,36,1.0e-10,64
VQE_reduced_surrogate,73002,6016,1,0.0001220703125,1421.9014187499886,1440.6037999999996,not_in_gurobi_pool,,0100110010110111111,00000000010101000,010011001011011111100000000010101000,128,8192,25,152,true,single,36,1.0e-10,64
VQE_reduced_surrogate,73002,6133,1,0.0001220703125,1454.20614375,1440.8472999999992,not_in_gurobi_pool,,0011100111100100100,00100000000000000,001110011110010010000100000000000000,128,8192,25,152,true,single,36,1.0e-10,64
VQE_reduced_surrogate,73002,6088,1,0.0001220703125,1443.9015687499839,1441.2297999999994,not_in_gurobi_pool,,1100101110110111101,00000001000000000,110010111011011110100000001000000000,128,8192,25,152,true,single,36,1.0e-10,64
VQE_reduced_surrogate,73002,6089,1,0.0001220703125,1443.9409687500001,1441.2691999999995,not_in_gurobi_pool,,1111101011110000000,10001000000100000,111110101111000000010001000000100000,128,8192,25,152,true,single,36,1.0e-10,64
VQE_reduced_surrogate,73002,6048,1,0.0001220703125,1433.2833937500072,1441.2986999999996,not_in_gurobi_pool,,0110110111110011000,10000000010111000,011011011111001100010000000010111000,128,8192,25,152,true,single,36,1.0e-10,64
VQE_reduced_surrogate,73002,5985,1,0.0001220703125,1411.9183437500005,1441.3077999999991,not_in_gurobi_pool,,0100110011101000111,00000000010101111,010011001110100011100000000010101111,128,8192,25,152,true,single,36,1.0e-10,64
VQE_reduced_surrogate,73002,5984,1,0.0001220703125,1411.9183437499985,1441.3077999999996,not_in_gurobi_pool,,0100010111101000110,00000000010101111,010001011110100011000000000010101111,128,8192,25,152,true,single,36,1.0e-10,64
VQE_reduced_surrogate,73002,6090,1,0.0001220703125,1444.2354687500006,1441.5636999999992,not_in_gurobi_pool,,0110010001110110101,00000000010111000,011001000111011010100000000010111000,128,8192,25,152,true,single,36,1.0e-10,64
VQE_reduced_surrogate,73002,6137,1,0.0001220703125,1455.1341437499962,1441.7752999999993,not_in_gurobi_pool,,0101001101100110110,00000001000000001,010100110110011011000000001000000001,128,8192,25,152,true,single,36,1.0e-10,64
VQE_reduced_surrogate,73002,6093,1,0.0001220703125,1444.767468749999,1442.0956999999994,not_in_gurobi_pool,,0110010001110011101,00000000010111000,011001000111001110100000000010111000,128,8192,25,152,true,single,36,1.0e-10,64
VQE_reduced_surrogate,73002,6050,1,0.0001220703125,1434.0843937500124,1442.0996999999995,not_in_gurobi_pool,,0110110011110110011,00000000010111001,011011001111011001100000000010111001,128,8192,25,152,true,single,36,1.0e-10,64
VQE_reduced_surrogate,73002,6139,1,0.0001220703125,1455.6090437500034,1442.2501999999995,not_in_gurobi_pool,,0111111011010000010,00001101000110111,011111101101000001000001101000110111,128,8192,25,152,true,single,36,1.0e-10,64
VQE_reduced_surrogate,73002,6051,1,0.0001220703125,1434.328993749976,1442.3442999999993,not_in_gurobi_pool,,0011111110010111111,00000111000100000,001111111001011111100000111000100000,128,8192,25,152,true,single,36,1.0e-10,64
VQE_reduced_surrogate,73002,6052,1,0.0001220703125,1434.515393750008,1442.5306999999996,not_in_gurobi_pool,,0110110011110101011,00000000010111010,011011001111010101100000000010111010,128,8192,25,152,true,single,36,1.0e-10,64
VQE_reduced_surrogate,73002,6097,1,0.0001220703125,1445.2345687499924,1442.5627999999995,not_in_gurobi_pool,,1100001010110111111,00000001000000000,110000101011011111100000001000000000,128,8192,25,152,true,single,36,1.0e-10,64
VQE_reduced_surrogate,73002,6053,1,0.0001220703125,1434.6574937500006,1442.6727999999996,not_in_gurobi_pool,,1100111011100100101,00000001000101000,110011101110010010100000001000101000,128,8192,25,152,true,single,36,1.0e-10,64
VQE_reduced_surrogate,73002,6020,1,0.0001220703125,1424.0270187499877,1442.7293999999995,not_in_gurobi_pool,,1001010111011111100,00000101010000000,100101011101111110000000101010000000,128,8192,25,152,true,single,36,1.0e-10,64
VQE_reduced_surrogate,73002,6055,1,0.0001220703125,1435.3134937499976,1443.3287999999995,not_in_gurobi_pool,,0010000111100101111,00100000010000010,001000011110010111100100000010000010,128,8192,25,152,true,single,36,1.0e-10,64
VQE_reduced_surrogate,73002,6099,1,0.0001220703125,1446.1840687499941,1443.5122999999992,not_in_gurobi_pool,,0101011110110101101,00000001000101000,010101111011010110100000001000101000,128,8192,25,152,true,single,36,1.0e-10,64
VQE_reduced_surrogate,73002,6100,1,0.0001220703125,1446.3869687499946,1443.7151999999994,not_in_gurobi_pool,,0111101010111010110,00000000000100101,011110101011101011000000000000100101,128,8192,25,152,true,single,36,1.0e-10,64
VQE_reduced_surrogate,73002,6103,1,0.0001220703125,1446.8130687500056,1444.1412999999993,not_in_gurobi_pool,,1101001011110110011,00000001000000001,110100101111011001100000001000000001,128,8192,25,152,true,single,36,1.0e-10,64
VQE_reduced_surrogate,73002,6104,1,0.0001220703125,1446.8909687500052,1444.2191999999993,not_in_gurobi_pool,,0111000111010001100,00100000010100000,011100011101000110000100000010100000,128,8192,25,152,true,single,36,1.0e-10,64
VQE_reduced_surrogate,73002,6155,1,0.0001220703125,1458.2440437499743,1444.8851999999997,not_in_gurobi_pool,,0111111110111101111,00000000000111010,011111111011110111100000000000111010,128,8192,25,152,true,single,36,1.0e-10,64
VQE_reduced_surrogate,73002,6203,1,0.0001220703125,1469.1042187499995,1445.0582999999992,not_in_gurobi_pool,,0011001111000101110,00000111000000010,001100111100010111000000111000000010,128,8192,25,152,true,single,36,1.0e-10,64
VQE_reduced_surrogate,73002,6106,1,0.0001220703125,1447.9485687499928,1445.2767999999996,not_in_gurobi_pool,,1100101111100101110,00000001000000010,110010111110010111000000001000000010,128,8192,25,152,true,single,36,1.0e-10,64
VQE_reduced_surrogate,73002,6108,1,0.0001220703125,1448.2239687499987,1445.5521999999999,not_in_gurobi_pool,,0111100011011001110,00100000010100110,011110001101100111000100000010100110,128,8192,25,152,true,single,36,1.0e-10,64
VQE_reduced_surrogate,73002,6066,1,0.0001220703125,1437.6809937499584,1445.6962999999994,not_in_gurobi_pool,,0011111110111111111,00000100000101000,001111111011111111100000100000101000,128,8192,25,152,true,single,36,1.0e-10,64
VQE_reduced_surrogate,73002,6068,1,0.0001220703125,1437.8529937499895,1445.8682999999992,not_in_gurobi_pool,,0011111101010111111,00000111000100000,001111110101011111100000111000100000,128,8192,25,152,true,single,36,1.0e-10,64
VQE_reduced_surrogate,73002,6069,1,0.0001220703125,1438.4268937500117,1446.4421999999997,not_in_gurobi_pool,,0111111111111010011,00000000000111101,011111111111101001100000000000111101,128,8192,25,152,true,single,36,1.0e-10,64
VQE_reduced_surrogate,73002,6161,1,0.0001220703125,1461.0467437499954,1447.6878999999992,not_in_gurobi_pool,,0000110011110110101,01000000010001000,000011001111011010101000000010001000,128,8192,25,152,true,single,36,1.0e-10,64
VQE_reduced_surrogate,73002,6164,1,0.0001220703125,1461.4777437499945,1448.1188999999993,not_in_gurobi_pool,,0000110011110101101,01000000010001000,000011001111010110101000000010001000,128,8192,25,152,true,single,36,1.0e-10,64
VQE_reduced_surrogate,73002,6119,1,0.0001220703125,1451.418968750009,1448.7471999999993,not_in_gurobi_pool,,0111111011011010101,00000101000110000,011111101101101010100000101000110000,128,8192,25,152,true,single,36,1.0e-10,64
VQE_reduced_surrogate,73002,6075,1,0.0001220703125,1440.7318937500065,1448.7471999999996,not_in_gurobi_pool,,0111001111011010100,00000101000100000,011100111101101010000000101000100000,128,8192,25,152,true,single,36,1.0e-10,64
VQE_reduced_surrogate,73002,6173,1,0.0001220703125,1463.924743749982,1450.5658999999991,not_in_gurobi_pool,,0000111111011111101,01000111110000000,000011111101111110101000111110000000,128,8192,25,152,true,single,36,1.0e-10,64
VQE_reduced_surrogate,73002,6132,1,0.0001220703125,1454.1115687499887,1451.4397999999992,not_in_gurobi_pool,,1100101011110101110,00000001000000010,110010101111010111000000001000000010,128,8192,25,152,true,single,36,1.0e-10,64
VQE_reduced_surrogate,73002,6218,1,0.0001220703125,1475.921618750001,1451.8756999999994,not_in_gurobi_pool,,0110111011110100101,00000000000111000,011011101111010010100000000000111000,128,8192,25,152,true,single,36,1.0e-10,64
VQE_reduced_surrogate,73002,6224,1,0.0001220703125,1476.4536187499998,1452.4076999999995,not_in_gurobi_pool,,0110111011111001101,00000000000111000,011011101111100110100000000000111000,128,8192,25,152,true,single,36,1.0e-10,64
VQE_reduced_surrogate,73002,6225,1,0.0001220703125,1476.4536187500003,1452.4076999999995,not_in_gurobi_pool,,0110111011110001101,00000000000111000,011011101111000110100000000000111000,128,8192,25,152,true,single,36,1.0e-10,64
VQE_reduced_surrogate,73002,6195,1,0.0001220703125,1467.407543749994,1454.0486999999994,not_in_gurobi_pool,,0110101111110110110,00000000000100001,011010111111011011000000000000100001,128,8192,25,152,true,single,36,1.0e-10,64
VQE_reduced_surrogate,73002,6148,1,0.0001220703125,1457.0826687499916,1454.4108999999992,not_in_gurobi_pool,,0000011111110101110,01000101000001010,000001111111010111001000101000001010,128,8192,25,152,true,single,36,1.0e-10,64
VQE_reduced_surrogate,73002,6128,1,0.0001220703125,1453.264793749989,1461.2800999999993,not_in_gurobi_pool,,1100011100000111000,10010101110100000,110001110000011100010010101110100000,128,8192,25,152,true,single,36,1.0e-10,64
VQE_reduced_surrogate,73002,6177,1,0.0001220703125,1464.4782687500028,1461.8064999999995,not_in_gurobi_pool,,1111000100010101000,10110000010100000,111100010001010100010110000010100000,128,8192,25,152,true,single,36,1.0e-10,64
VQE_reduced_surrogate,73002,6223,1,0.0001220703125,1476.1544437499977,1462.7955999999995,not_in_gurobi_pool,,0101000100101111001,10100000000000000,010100010010111100110100000000000000,128,8192,25,152,true,single,36,1.0e-10,64
VQE_reduced_surrogate,73002,6141,1,0.0001220703125,1455.9021937499951,1463.9174999999996,not_in_gurobi_pool,,1111010010100100000,10000000000111000,111101001010010000010000000000111000,128,8192,25,152,true,single,36,1.0e-10,64
VQE_reduced_surrogate,73002,6271,1,0.0001220703125,1488.4595187500058,1464.4135999999992,not_in_gurobi_pool,,0011101100000111001,10010111000000000,001110110000011100110010111000000000,128,8192,25,152,true,single,36,1.0e-10,64
VQE_reduced_surrogate,73002,6144,1,0.0001220703125,1456.616793749994,1464.6320999999994,not_in_gurobi_pool,,1100011100100111000,10000001000101000,110001110010011100010000001000101000,128,8192,25,152,true,single,36,1.0e-10,64
VQE_reduced_surrogate,73002,6145,1,0.0001220703125,1456.739293750003,1464.7545999999993,not_in_gurobi_pool,,1101111100100111001,10000001000101000,110111110010011100110000001000101000,128,8192,25,152,true,single,36,1.0e-10,64
VQE_reduced_surrogate,73002,6197,1,0.0001220703125,1468.1269687500092,1465.4551999999994,not_in_gurobi_pool,,0000100100010111001,11110101011000000,000010010001011100111110101011000000,128,8192,25,152,true,single,36,1.0e-10,64
VQE_reduced_surrogate,73002,6151,1,0.0001220703125,1457.7691937499958,1465.7844999999993,not_in_gurobi_pool,,0111011100101010001,10000000000111000,011101110010101000110000000000111000,128,8192,25,152,true,single,36,1.0e-10,64
VQE_reduced_surrogate,73002,6202,1,0.0001220703125,1468.850268749993,1466.1784999999995,not_in_gurobi_pool,,0111000110101000000,10101000000100000,011100011010100000010101000000100000,128,8192,25,152,true,single,36,1.0e-10,64
VQE_reduced_surrogate,73002,6154,1,0.0001220703125,1458.2001937499958,1466.2154999999993,not_in_gurobi_pool,,0111011100101001001,10000000000111000,011101110010100100110000000000111000,128,8192,25,152,true,single,36,1.0e-10,64
VQE_reduced_surrogate,73002,6204,1,0.0001220703125,1469.4284687499933,1466.7566999999992,not_in_gurobi_pool,,1001110000100111101,00000000000001000,100111000010011110100000000000001000,128,8192,25,152,true,single,36,1.0e-10,64
VQE_reduced_surrogate,73002,6245,1,0.0001220703125,1480.4263437499992,1467.0674999999994,not_in_gurobi_pool,,0111110000001011110,00010000010110100,011111000000101111000010000010110100,128,8192,25,152,true,single,36,1.0e-10,64
VQE_reduced_surrogate,73002,6207,1,0.0001220703125,1471.537868749999,1468.8660999999995,not_in_gurobi_pool,,0100000010101111000,10100000010000000,010000001010111100010100000010000000,128,8192,25,152,true,single,36,1.0e-10,64
VQE_reduced_surrogate,73002,6116,1,0.0001220703125,1450.8017187499972,1469.5040999999997,not_in_gurobi_pool,,1100010110000111101,00000001011100000,110001011000011110100000001011100000,128,8192,25,152,true,single,36,1.0e-10,64
VQE_reduced_surrogate,73002,6288,1,0.0001220703125,1494.367518749994,1470.3215999999995,not_in_gurobi_pool,,0101000110100111011,00100000000000000,010100011010011101100100000000000000,128,8192,25,152,true,single,36,1.0e-10,64
VQE_reduced_surrogate,73002,6167,1,0.0001220703125,1462.9022937499965,1470.9175999999993,not_in_gurobi_pool,,1101111100110111001,10000001000101000,110111110011011100110000001000101000,128,8192,25,152,true,single,36,1.0e-10,64
VQE_reduced_surrogate,73002,6168,1,0.0001220703125,1462.9518937500095,1470.9671999999994,not_in_gurobi_pool,,0000100100100111110,01100000010000000,000010010010011111001100000010000000,128,8192,25,152,true,single,36,1.0e-10,64
VQE_reduced_surrogate,73002,6213,1,0.0001220703125,1473.6782687500036,1471.0064999999993,not_in_gurobi_pool,,1111011100100100110,00000000000111011,111101110010010011000000000000111011,128,8192,25,152,true,single,36,1.0e-10,64
VQE_reduced_surrogate,73002,6169,1,0.0001220703125,1463.0721937500032,1471.0874999999994,not_in_gurobi_pool,,0111000110001001100,00100000010100000,011100011000100110000100000010100000,128,8192,25,152,true,single,36,1.0e-10,64
VQE_reduced_surrogate,73002,6171,1,0.0001220703125,1463.606793749998,1471.6220999999994,not_in_gurobi_pool,,1100101000100111101,00000001000000000,110010100010011110100000001000000000,128,8192,25,152,true,single,36,1.0e-10,64
VQE_reduced_surrogate,73002,6125,1,0.0001220703125,1453.1731187499838,1471.8754999999996,not_in_gurobi_pool,,0111000001101010011,00100000000100101,011100000110101001100100000000100101,128,8192,25,152,true,single,36,1.0e-10,64
VQE_reduced_surrogate,73002,6127,1,0.0001220703125,1453.2321187500017,1471.9344999999996,not_in_gurobi_pool,,0111001000101000100,00000000000100000,011100100010100010000000000000100000,128,8192,25,152,true,single,36,1.0e-10,64
VQE_reduced_surrogate,73002,6263,1,0.0001220703125,1485.51044375,1472.1515999999995,not_in_gurobi_pool,,1101110110110111000,10000000000101000,110111011011011100010000000000101000,128,8192,25,152,true,single,36,1.0e-10,64
VQE_reduced_surrogate,73002,6215,1,0.0001220703125,1474.9622687499993,1472.2904999999998,not_in_gurobi_pool,,1111111100110111011,00000000000111000,111111110011011101100000000000111000,128,8192,25,152,true,single,36,1.0e-10,64
VQE_reduced_surrogate,73002,6129,1,0.0001220703125,1453.6041187499884,1472.3064999999997,not_in_gurobi_pool,,0111000001101001011,00100000000100110,011100000110100101100100000000100110,128,8192,25,152,true,single,36,1.0e-10,64
VQE_reduced_surrogate,73002,6216,1,0.0001220703125,1475.1568687500178,1472.4850999999996,not_in_gurobi_pool,,0010000100011111100,00110100011000000,001000010001111110000110100011000000,128,8192,25,152,true,single,36,1.0e-10,64
VQE_reduced_surrogate,73002,6134,1,0.0001220703125,1454.3257187499967,1473.0280999999995,not_in_gurobi_pool,,1100110101000111100,00000001011100000,110011010100011110000000001011100000,128,8192,25,152,true,single,36,1.0e-10,64
VQE_reduced_surrogate,73002,6087,1,0.0001220703125,1443.6592437499937,1473.0486999999996,not_in_gurobi_pool,,1001111000100111111,00000101000001000,100111100010011111100000101000001000,128,8192,25,152,true,single,36,1.0e-10,64
VQE_reduced_surrogate,73002,6266,1,0.0001220703125,1486.4883437500039,1473.1294999999998,not_in_gurobi_pool,,0111110000010101110,00010000010110010,011111000001010111000010000010110010,128,8192,25,152,true,single,36,1.0e-10,64
VQE_reduced_surrogate,73002,6183,1,0.0001220703125,1465.1531937500004,1473.1684999999995,not_in_gurobi_pool,,0111010110100000100,00000000000111000,011101011010000010000000000000111000,128,8192,25,152,true,single,36,1.0e-10,64
VQE_reduced_surrogate,73002,6185,1,0.0001220703125,1465.1901937500054,1473.2054999999993,not_in_gurobi_pool,,0111001100101001100,00000000000100000,011100110010100110000000000000100000,128,8192,25,152,true,single,36,1.0e-10,64
VQE_reduced_surrogate,73002,6186,1,0.0001220703125,1465.1901937499993,1473.2054999999993,not_in_gurobi_pool,,0111001000101001101,00000000000100000,011100100010100110100000000000100000,128,8192,25,152,true,single,36,1.0e-10,64
VQE_reduced_surrogate,73002,6219,1,0.0001220703125,1475.9322687499969,1473.2604999999999,not_in_gurobi_pool,,0111110110001011110,00000000010110100,011111011000101111000000000010110100,128,8192,25,152,true,single,36,1.0e-10,64
VQE_reduced_surrogate,73002,6187,1,0.0001220703125,1465.2671937499908,1473.2824999999993,not_in_gurobi_pool,,0111000111000100000,10100000010100000,011100011100010000010100000010100000,128,8192,25,152,true,single,36,1.0e-10,64
VQE_reduced_surrogate,73002,6188,1,0.0001220703125,1465.9931937499964,1474.0084999999995,not_in_gurobi_pool,,0111100110101010101,00100000000100000,011110011010101010100100000000100000,128,8192,25,152,true,single,36,1.0e-10,64
VQE_reduced_surrogate,73002,6138,1,0.0001220703125,1455.486718750002,1474.1890999999994,not_in_gurobi_pool,,1100010110100111111,00000000010101000,110001011010011111100000000010101000,128,8192,25,152,true,single,36,1.0e-10,64
VQE_reduced_surrogate,73002,6140,1,0.0001220703125,1455.6587187499915,1474.3610999999996,not_in_gurobi_pool,,1100010001000111110,00000001011100000,110001000100011111000000001011100000,128,8192,25,152,true,single,36,1.0e-10,64
VQE_reduced_surrogate,73002,6227,1,0.0001220703125,1477.1112687499974,1474.4394999999993,not_in_gurobi_pool,,0111110110101001100,00000000000111000,011111011010100110000000000000111000,128,8192,25,152,true,single,36,1.0e-10,64
VQE_reduced_surrogate,73002,6228,1,0.0001220703125,1477.1222687499987,1474.4504999999995,not_in_gurobi_pool,,0111111000110101010,00000000000111010,011111100011010101000000000000111010,128,8192,25,152,true,single,36,1.0e-10,64
VQE_reduced_surrogate,73002,6094,1,0.0001220703125,1445.0820437499967,1474.4714999999994,not_in_gurobi_pool,,0111000100111000110,00100000000100111,011100010011100011000100000000100111,128,8192,25,152,true,single,36,1.0e-10,64
VQE_reduced_surrogate,73002,6142,1,0.0001220703125,1456.2431187500024,1474.9454999999994,not_in_gurobi_pool,,0111000010110001010,00100000000100110,011100001011000101000100000000100110,128,8192,25,152,true,single,36,1.0e-10,64
VQE_reduced_surrogate,73002,6191,1,0.0001220703125,1466.9301937500015,1474.9454999999996,not_in_gurobi_pool,,0111010010111001010,00000000000111110,011101001011100101000000000000111110,128,8192,25,152,true,single,36,1.0e-10,64
VQE_reduced_surrogate,73002,6270,1,0.0001220703125,1488.3590437500095,1475.0001999999995,not_in_gurobi_pool,,0000100110110111000,11100000010000000,000010011011011100011100000010000000,128,8192,25,152,true,single,36,1.0e-10,64
VQE_reduced_surrogate,73002,6192,1,0.0001220703125,1467.0137937499999,1475.0290999999993,not_in_gurobi_pool,,0100010110110111000,10000000010101000,010001011011011100010000000010101000,128,8192,25,152,true,single,36,1.0e-10,64
VQE_reduced_surrogate,73002,6231,1,0.0001220703125,1477.7008687500008,1475.0290999999995,not_in_gurobi_pool,,0100000110110111000,10100000010000000,010000011011011100010100000010000000,128,8192,25,152,true,single,36,1.0e-10,64
VQE_reduced_surrogate,73002,6193,1,0.0001220703125,1467.0247937499985,1475.0400999999993,not_in_gurobi_pool,,0010010110110111001,10000000010101000,001001011011011100110000000010101000,128,8192,25,152,true,single,36,1.0e-10,64
VQE_reduced_surrogate,73002,6300,1,0.0001220703125,1499.1845187500003,1475.1385999999995,not_in_gurobi_pool,,0101000010100101101,00100000000000000,010100001010010110100100000000000000,128,8192,25,152,true,single,36,1.0e-10,64
VQE_reduced_surrogate,73002,6301,1,0.0001220703125,1499.2855187499997,1475.2395999999992,not_in_gurobi_pool,,0101000110101011100,00100000000000000,010100011010101110000100000000000000,128,8192,25,152,true,single,36,1.0e-10,64
VQE_reduced_surrogate,73002,6233,1,0.0001220703125,1477.9492687499894,1475.2774999999997,not_in_gurobi_pool,,0111111100101101111,00000000000111010,011111110010110111100000000000111010,128,8192,25,152,true,single,36,1.0e-10,64
VQE_reduced_surrogate,73002,6235,1,0.0001220703125,1478.1272687500032,1475.4554999999996,not_in_gurobi_pool,,0111100011000110011,00100000010100001,011110001100011001100100000010100001,128,8192,25,152,true,single,36,1.0e-10,64
VQE_reduced_surrogate,73002,6236,1,0.0001220703125,1478.1562687500018,1475.4844999999993,not_in_gurobi_pool,,0111011100010100101,00010101000110000,011101110001010010100010101000110000,128,8192,25,152,true,single,36,1.0e-10,64
VQE_reduced_surrogate,73002,6147,1,0.0001220703125,1456.9647187499968,1475.6670999999997,not_in_gurobi_pool,,1100110010010111100,00000001011100000,110011001001011110000000001011100000,128,8192,25,152,true,single,36,1.0e-10,64
VQE_reduced_surrogate,73002,6237,1,0.0001220703125,1478.353868749995,1475.6820999999993,not_in_gurobi_pool,,1100111001100111010,00000001000101000,110011100110011101000000001000101000,128,8192,25,152,true,single,36,1.0e-10,64
VQE_reduced_surrogate,73002,6196,1,0.0001220703125,1467.7571937499852,1475.7724999999996,not_in_gurobi_pool,,0111100110101001111,00100000000100110,011110011010100111100100000000100110,128,8192,25,152,true,single,36,1.0e-10,64
VQE_reduced_surrogate,73002,6149,1,0.0001220703125,1457.2527187499907,1475.9550999999994,not_in_gurobi_pool,,0100111000100111111,00000001000101000,010011100010011111100000001000101000,128,8192,25,152,true,single,36,1.0e-10,64
VQE_reduced_surrogate,73002,6238,1,0.0001220703125,1479.0702687500057,1476.3984999999996,not_in_gurobi_pool,,1111001110101001100,00000000000100000,111100111010100110000000000000100000,128,8192,25,152,true,single,36,1.0e-10,64
VQE_reduced_surrogate,73002,6306,1,0.0001220703125,1500.5415187499975,1476.4955999999995,not_in_gurobi_pool,,0011000010110111011,00100000000000000,001100001011011101100100000000000000,128,8192,25,152,true,single,36,1.0e-10,64
VQE_reduced_surrogate,73002,6198,1,0.0001220703125,1468.5671937499942,1476.5824999999995,not_in_gurobi_pool,,0111010100111011111,00000000000111100,011101010011101111100000000000111100,128,8192,25,152,true,single,36,1.0e-10,64
VQE_reduced_surrogate,73002,6199,1,0.0001220703125,1468.590293749998,1476.6055999999992,not_in_gurobi_pool,,0011110011101100001,10000000000101000,001111001110110000110000000000101000,128,8192,25,152,true,single,36,1.0e-10,64
VQE_reduced_surrogate,73002,6200,1,0.0001220703125,1468.5902937499961,1476.6055999999992,not_in_gurobi_pool,,0011110011100100001,10000000000101000,001111001110010000110000000000101000,128,8192,25,152,true,single,36,1.0e-10,64
VQE_reduced_surrogate,73002,6152,1,0.0001220703125,1457.9736187500037,1476.6759999999997,not_in_gurobi_pool,,0110001010011111000,10000101010100000,011000101001111100010000101010100000,128,8192,25,152,true,single,36,1.0e-10,64
VQE_reduced_surrogate,73002,6276,1,0.0001220703125,1490.1284437500096,1476.7695999999992,not_in_gurobi_pool,,0011001010011111000,10000111000000000,001100101001111100010000111000000000,128,8192,25,152,true,single,36,1.0e-10,64
VQE_reduced_surrogate,73002,6153,1,0.0001220703125,1458.083118749997,1476.7854999999997,not_in_gurobi_pool,,0111101110000101101,00000101000100000,011110111000010110100000101000100000,128,8192,25,152,true,single,36,1.0e-10,64
VQE_reduced_surrogate,73002,6239,1,0.0001220703125,1479.4892687500005,1476.8174999999994,not_in_gurobi_pool,,0111011100010100111,00010101000110011,011101110001010011100010101000110011,128,8192,25,152,true,single,36,1.0e-10,64
VQE_reduced_surrogate,73002,6240,1,0.0001220703125,1479.5282687499941,1476.8564999999996,not_in_gurobi_pool,,0111111100011011101,00010101000110000,011111110001101110100010101000110000,128,8192,25,152,true,single,36,1.0e-10,64
VQE_reduced_surrogate,73002,6241,1,0.0001220703125,1479.7478687500045,1477.0760999999995,not_in_gurobi_pool,,1100011010101011101,00000001000101000,110001101010101110100000001000101000,128,8192,25,152,true,single,36,1.0e-10,64
VQE_reduced_surrogate,73002,6242,1,0.0001220703125,1479.809268749996,1477.1374999999996,not_in_gurobi_pool,,1111101110100101101,00000000000100000,111110111010010110100000000000100000,128,8192,25,152,true,single,36,1.0e-10,64
VQE_reduced_surrogate,73002,6243,1,0.0001220703125,1479.9102687499978,1477.2384999999992,not_in_gurobi_pool,,1111101110101011101,00000000000100000,111110111010101110100000000000100000,128,8192,25,152,true,single,36,1.0e-10,64
VQE_reduced_surrogate,73002,6278,1,0.0001220703125,1490.6420437499946,1477.2831999999994,not_in_gurobi_pool,,0000010011101110000,11000000010001000,000001001110111000011000000010001000,128,8192,25,152,true,single,36,1.0e-10,64
VQE_reduced_surrogate,73002,6244,1,0.0001220703125,1480.1442687499878,1477.4724999999994,not_in_gurobi_pool,,0111011001011000000,10001101000110000,011101100101100000010001101000110000,128,8192,25,152,true,single,36,1.0e-10,64
VQE_reduced_surrogate,73002,6157,1,0.0001220703125,1459.5391187499968,1478.2414999999996,not_in_gurobi_pool,,0111001111001100000,10000101000100000,011100111100110000010000101000100000,128,8192,25,152,true,single,36,1.0e-10,64
VQE_reduced_surrogate,73002,6158,1,0.0001220703125,1459.6401187499982,1478.3424999999993,not_in_gurobi_pool,,0111001111001010001,10000101000100000,011100111100101000110000101000100000,128,8192,25,152,true,single,36,1.0e-10,64
VQE_reduced_surrogate,73002,6159,1,0.0001220703125,1459.89111875,1478.5934999999995,not_in_gurobi_pool,,1111101111100100000,10000000000100000,111110111110010000010000000000100000,128,8192,25,152,true,single,36,1.0e-10,64
VQE_reduced_surrogate,73002,6248,1,0.0001220703125,1481.2862687500026,1478.6144999999995,not_in_gurobi_pool,,1111010001011011100,00000000010110000,111101000101101110000000000010110000,128,8192,25,152,true,single,36,1.0e-10,64
VQE_reduced_surrogate,73002,6318,1,0.0001220703125,1502.7195187499992,1478.6735999999994,not_in_gurobi_pool,,0011000001100101101,00100000000000000,001100000110010110100100000000000000,128,8192,25,152,true,single,36,1.0e-10,64
VQE_reduced_surrogate,73002,6250,1,0.0001220703125,1481.4393687500099,1478.7675999999994,not_in_gurobi_pool,,0101010111100110011,00000000000101001,010101011110011001100000000000101001,128,8192,25,152,true,single,36,1.0e-10,64
VQE_reduced_surrogate,73002,6281,1,0.0001220703125,1492.1744437499972,1478.8155999999992,not_in_gurobi_pool,,0011101001100111011,00000100000000000,001110100110011101100000100000000000,128,8192,25,152,true,single,36,1.0e-10,64
VQE_reduced_surrogate,73002,6205,1,0.0001220703125,1471.0037937499885,1479.0190999999995,not_in_gurobi_pool,,1100100110111111100,00100000010000000,110010011011111110000100000010000000,128,8192,25,152,true,single,36,1.0e-10,64
VQE_reduced_surrogate,73002,6206,1,0.0001220703125,1471.1327937499966,1479.1480999999992,not_in_gurobi_pool,,1100111110100111111,00000001000101000,110011111010011111100000001000101000,128,8192,25,152,true,single,36,1.0e-10,64
VQE_reduced_surrogate,73002,6282,1,0.0001220703125,1492.804343750017,1479.4454999999994,not_in_gurobi_pool,,1111110011000110111,00000000010110001,111111001100011011100000000010110001,128,8192,25,152,true,single,36,1.0e-10,64
VQE_reduced_surrogate,73002,6251,1,0.0001220703125,1482.1452687500064,1479.4734999999994,not_in_gurobi_pool,,0111011110110010011,00000000000111101,011101111011001001100000000000111101,128,8192,25,152,true,single,36,1.0e-10,64
VQE_reduced_surrogate,73002,6357,1,0.0001220703125,1514.8099937500028,1480.0769999999995,not_in_gurobi_pool,,0110011010101100111,00000000000111011,011001101010110011100000000000111011,128,8192,25,152,true,single,36,1.0e-10,64
VQE_reduced_surrogate,73002,6210,1,0.0001220703125,1472.1541937500035,1480.1694999999993,not_in_gurobi_pool,,0111001000110100110,00000000000100011,011100100011010011000000000000100011,128,8192,25,152,true,single,36,1.0e-10,64
VQE_reduced_surrogate,73002,6253,1,0.0001220703125,1482.8443687500053,1480.1725999999994,not_in_gurobi_pool,,0101011010110110010,00000001000101001,010101101011011001000000001000101001,128,8192,25,152,true,single,36,1.0e-10,64
VQE_reduced_surrogate,73002,6283,1,0.0001220703125,1493.5574437500006,1480.1985999999995,not_in_gurobi_pool,,0101001110101011100,00000001000000000,010100111010101110000000001000000000,128,8192,25,152,true,single,36,1.0e-10,64
VQE_reduced_surrogate,73002,6254,1,0.0001220703125,1482.8842687499978,1480.2124999999996,not_in_gurobi_pool,,0111001110110110011,00000000000100001,011100111011011001100000000000100001,128,8192,25,152,true,single,36,1.0e-10,64
VQE_reduced_surrogate,73002,6256,1,0.0001220703125,1483.170868749998,1480.4990999999993,not_in_gurobi_pool,,1100011001101101101,00000001000101000,110001100110110110100000001000101000,128,8192,25,152,true,single,36,1.0e-10,64
VQE_reduced_surrogate,73002,6257,1,0.0001220703125,1483.271868749999,1480.6000999999994,not_in_gurobi_pool,,1100011001101011101,00000001000101000,110001100110101110100000001000101000,128,8192,25,152,true,single,36,1.0e-10,64
VQE_reduced_surrogate,73002,6258,1,0.0001220703125,1483.271868749993,1480.6000999999994,not_in_gurobi_pool,,1100011001100011101,00000001000101000,110001100110001110100000001000101000,128,8192,25,152,true,single,36,1.0e-10,64
VQE_reduced_surrogate,73002,6211,1,0.0001220703125,1472.5871937500006,1480.6024999999995,not_in_gurobi_pool,,0111000010111001101,00100000000100000,011100001011100110100100000000100000,128,8192,25,152,true,single,36,1.0e-10,64
VQE_reduced_surrogate,73002,6212,1,0.0001220703125,1472.5871937500035,1480.6024999999995,not_in_gurobi_pool,,0111000110111001100,00100000000100000,011100011011100110000100000000100000,128,8192,25,152,true,single,36,1.0e-10,64
VQE_reduced_surrogate,73002,6259,1,0.0001220703125,1483.315268749995,1480.6434999999997,not_in_gurobi_pool,,0111001110110101011,00000000000100010,011100111011010101100000000000100010,128,8192,25,152,true,single,36,1.0e-10,64
VQE_reduced_surrogate,73002,6286,1,0.0001220703125,1494.0903437499903,1480.7314999999996,not_in_gurobi_pool,,0111111110101001111,00000000000111110,011111111010100111100000000000111110,128,8192,25,152,true,single,36,1.0e-10,64
VQE_reduced_surrogate,73002,6165,1,0.0001220703125,1462.0827187499838,1480.7850999999998,not_in_gurobi_pool,,0100111100110111101,00000001000101000,010011110011011110100000001000101000,128,8192,25,152,true,single,36,1.0e-10,64
VQE_reduced_surrogate,73002,6166,1,0.0001220703125,1462.201118750001,1480.9034999999997,not_in_gurobi_pool,,0111001101000001110,00000101000100110,011100110100000111000000101000100110,128,8192,25,152,true,single,36,1.0e-10,64
VQE_reduced_surrogate,73002,6327,1,0.0001220703125,1505.0359187500062,1480.9899999999993,not_in_gurobi_pool,,0110100011000110100,00100000011100000,011010001100011010000100000011100000,128,8192,25,152,true,single,36,1.0e-10,64
VQE_reduced_surrogate,73002,6289,1,0.0001220703125,1494.4864437499948,1481.1275999999996,not_in_gurobi_pool,,1011000111101001100,00100000000000000,101100011110100110000100000000000000,128,8192,25,152,true,single,36,1.0e-10,64
VQE_reduced_surrogate,73002,6330,1,0.0001220703125,1505.3639187499969,1481.3179999999998,not_in_gurobi_pool,,0110011000110101110,00000000000111010,011001100011010111000000000000111010,128,8192,25,152,true,single,36,1.0e-10,64
VQE_reduced_surrogate,73002,6261,1,0.0001220703125,1484.1762687499975,1481.5044999999993,not_in_gurobi_pool,,0111110010111010110,00000000000111101,011111001011101011000000000000111101,128,8192,25,152,true,single,36,1.0e-10,64
VQE_reduced_surrogate,73002,6120,1,0.0001220703125,1452.1352437500088,1481.5246999999995,not_in_gurobi_pool,,0001111011101100000,10000101000001000,000111101110110000010000101000001000,128,8192,25,152,true,single,36,1.0e-10,64
VQE_reduced_surrogate,73002,6262,1,0.0001220703125,1484.546868750004,1481.8750999999995,not_in_gurobi_pool,,1100101111100111011,00000001000000000,110010111110011101100000001000000000,128,8192,25,152,true,single,36,1.0e-10,64
VQE_reduced_surrogate,73002,6290,1,0.0001220703125,1495.286543749996,1481.9276999999995,not_in_gurobi_pool,,1001010111101011101,00000000000001000,100101011110101110100000000000001000,128,8192,25,152,true,single,36,1.0e-10,64
VQE_reduced_surrogate,73002,6214,1,0.0001220703125,1473.9201937499938,1481.9354999999996,not_in_gurobi_pool,,0111000010111001111,00100000000100110,011100001011100111100100000000100110,128,8192,25,152,true,single,36,1.0e-10,64
VQE_reduced_surrogate,73002,6170,1,0.0001220703125,1463.5492187499733,1482.2515999999994,not_in_gurobi_pool,,0011111100110111111,00000100000101000,001111110011011111100000100000101000,128,8192,25,152,true,single,36,1.0e-10,64
VQE_reduced_surrogate,73002,6124,1,0.0001220703125,1452.930643749995,1482.3200999999992,not_in_gurobi_pool,,0100111101000111110,00000101110100000,010011110100011111000000101110100000,128,8192,25,152,true,single,36,1.0e-10,64
VQE_reduced_surrogate,73002,6291,1,0.0001220703125,1495.7493437499977,1482.3904999999993,not_in_gurobi_pool,,0111111101100100100,00000000000111000,011111110110010010000000000000111000,128,8192,25,152,true,single,36,1.0e-10,64
VQE_reduced_surrogate,73002,6172,1,0.0001220703125,1463.8407187499956,1482.5430999999996,not_in_gurobi_pool,,1100110101110111101,00000000010101000,110011010111011110100000000010101000,128,8192,25,152,true,single,36,1.0e-10,64
VQE_reduced_surrogate,73002,6174,1,0.0001220703125,1464.1627187500019,1482.8650999999993,not_in_gurobi_pool,,0100011011101010011,00000001000101101,010001101110101001100000001000101101,128,8192,25,152,true,single,36,1.0e-10,64
VQE_reduced_surrogate,73002,6175,1,0.0001220703125,1464.1961187500058,1482.8984999999993,not_in_gurobi_pool,,0111110111111010000,10000000000111000,011111011111101000010000000000111000,128,8192,25,152,true,single,36,1.0e-10,64
VQE_reduced_surrogate,73002,6179,1,0.0001220703125,1464.7162187500112,1483.4185999999993,not_in_gurobi_pool,,0101011111101001011,00000001000101110,010101111110100101100000001000101110,128,8192,25,152,true,single,36,1.0e-10,64
VQE_reduced_surrogate,73002,6264,1,0.0001220703125,1486.1838687499935,1483.5120999999995,not_in_gurobi_pool,,0100111101110111001,10000001000101000,010011110111011100110000001000101000,128,8192,25,152,true,single,36,1.0e-10,64
VQE_reduced_surrogate,73002,6180,1,0.0001220703125,1464.8607187499981,1483.5630999999992,not_in_gurobi_pool,,0100110011101010100,00000000010101000,010011001110101010000000000010101000,128,8192,25,152,true,single,36,1.0e-10,64
VQE_reduced_surrogate,73002,6181,1,0.0001220703125,1464.9347187499966,1483.6370999999995,not_in_gurobi_pool,,0010001110010111101,00000111010000000,001000111001011110100000111010000000,128,8192,25,152,true,single,36,1.0e-10,64
VQE_reduced_surrogate,73002,6184,1,0.0001220703125,1465.1737187500023,1483.8760999999993,not_in_gurobi_pool,,1100010001110111111,00000000010101000,110001000111011111100000000010101000,128,8192,25,152,true,single,36,1.0e-10,64
VQE_reduced_surrogate,73002,6220,1,0.0001220703125,1475.9787937499964,1483.9940999999994,not_in_gurobi_pool,,0100000011101001100,00100000010000000,010000001110100110000100000010000000,128,8192,25,152,true,single,36,1.0e-10,64
VQE_reduced_surrogate,73002,6221,1,0.0001220703125,1476.1111937500007,1484.1264999999994,not_in_gurobi_pool,,0111000101111001100,00100000000100000,011100010111100110000100000000100000,128,8192,25,152,true,single,36,1.0e-10,64
VQE_reduced_surrogate,73002,6222,1,0.0001220703125,1476.1111937500011,1484.1264999999994,not_in_gurobi_pool,,0111000101110001100,00100000000100000,011100010111000110000100000000100000,128,8192,25,152,true,single,36,1.0e-10,64
VQE_reduced_surrogate,73002,6267,1,0.0001220703125,1486.9243687500004,1484.2525999999996,not_in_gurobi_pool,,0011011010010101110,00000111000100010,001101101001010111000000111000100010,128,8192,25,152,true,single,36,1.0e-10,64
VQE_reduced_surrogate,73002,6268,1,0.0001220703125,1486.9622687500084,1484.2904999999994,not_in_gurobi_pool,,0111011110110000100,00000000000111000,011101111011000010000000000000111000,128,8192,25,152,true,single,36,1.0e-10,64
VQE_reduced_surrogate,73002,6189,1,0.0001220703125,1466.2336187500025,1484.9359999999995,not_in_gurobi_pool,,0110100111101010111,00100000010100101,011010011110101011100100000010100101,128,8192,25,152,true,single,36,1.0e-10,64
VQE_reduced_surrogate,73002,6269,1,0.0001220703125,1487.637368749993,1484.9655999999995,not_in_gurobi_pool,,0011111001100101111,00000100000101010,001111100110010111100000100000101010,128,8192,25,152,true,single,36,1.0e-10,64
VQE_reduced_surrogate,73002,6226,1,0.0001220703125,1477.013193749995,1485.0284999999994,not_in_gurobi_pool,,0111000001110010111,00100000000100101,011100000111001011100100000000100101,128,8192,25,152,true,single,36,1.0e-10,64
VQE_reduced_surrogate,73002,6229,1,0.0001220703125,1477.2957937499814,1485.3110999999992,not_in_gurobi_pool,,1100111110110111110,00000001000101000,110011111011011111000000001000101000,128,8192,25,152,true,single,36,1.0e-10,64
VQE_reduced_surrogate,73002,6297,1,0.0001220703125,1498.7204437500018,1485.3615999999993,not_in_gurobi_pool,,0101000011110101011,00100000000000010,010100001111010101100100000000000010,128,8192,25,152,true,single,36,1.0e-10,64
VQE_reduced_surrogate,73002,6230,1,0.0001220703125,1477.4182937499818,1485.4335999999992,not_in_gurobi_pool,,1101111110110111111,00000001000101000,110111111011011111100000001000101000,128,8192,25,152,true,single,36,1.0e-10,64
VQE_reduced_surrogate,73002,6298,1,0.0001220703125,1498.9203437499984,1485.5614999999996,not_in_gurobi_pool,,0111111010110001101,00000000000111000,011111101011000110100000000000111000,128,8192,25,152,true,single,36,1.0e-10,64
VQE_reduced_surrogate,73002,6232,1,0.0001220703125,1477.8101937500037,1485.8254999999997,not_in_gurobi_pool,,0111111111000000110,00000101000110111,011111111100000011000000101000110111,128,8192,25,152,true,single,36,1.0e-10,64
VQE_reduced_surrogate,73002,6234,1,0.0001220703125,1478.01219374999,1486.0274999999992,not_in_gurobi_pool,,1111101111111101000,10000000000100000,111110111111110100010000000000100000,128,8192,25,152,true,single,36,1.0e-10,64
VQE_reduced_surrogate,73002,6387,1,0.0001220703125,1520.9109937499984,1486.1779999999997,not_in_gurobi_pool,,0110111010110101100,00000000000111000,011011101011010110000000000000111000,128,8192,25,152,true,single,36,1.0e-10,64
VQE_reduced_surrogate,73002,6272,1,0.0001220703125,1488.932868749996,1486.2610999999995,not_in_gurobi_pool,,1100101111101110100,00000001000000000,110010111110111010000000001000000000,128,8192,25,152,true,single,36,1.0e-10,64
VQE_reduced_surrogate,73002,6388,1,0.0001220703125,1521.0119937500065,1486.2789999999993,not_in_gurobi_pool,,0110011110110011100,00000000000111000,011001111011001110000000000000111000,128,8192,25,152,true,single,36,1.0e-10,64
VQE_reduced_surrogate,73002,6302,1,0.0001220703125,1499.7943437500105,1486.4354999999994,not_in_gurobi_pool,,0111010011011100101,00000000010110000,011101001101110010100000000010110000,128,8192,25,152,true,single,36,1.0e-10,64
VQE_reduced_surrogate,73002,6274,1,0.0001220703125,1489.64986874998,1486.9780999999996,not_in_gurobi_pool,,0100101110110111101,00000001000000000,010010111011011110100000001000000000,128,8192,25,152,true,single,36,1.0e-10,64
VQE_reduced_surrogate,73002,6275,1,0.0001220703125,1489.8453687499948,1487.1735999999992,not_in_gurobi_pool,,0011011110110110110,00000100000101001,001101111011011011000000100000101001,128,8192,25,152,true,single,36,1.0e-10,64
VQE_reduced_surrogate,73002,6308,1,0.0001220703125,1500.9928437500034,1487.6339999999996,not_in_gurobi_pool,,0110111011110100001,10000000000111000,011011101111010000110000000000111000,128,8192,25,152,true,single,36,1.0e-10,64
VQE_reduced_surrogate,73002,6314,1,0.0001220703125,1501.8198437499987,1488.4609999999996,not_in_gurobi_pool,,0110101011100100101,00000000000100000,011010101110010010100000000000100000,128,8192,25,152,true,single,36,1.0e-10,64
VQE_reduced_surrogate,73002,6279,1,0.0001220703125,1491.1559687499907,1488.4841999999994,not_in_gurobi_pool,,0000101111000111111,01000111110000000,000010111100011111101000111110000000,128,8192,25,152,true,single,36,1.0e-10,64
VQE_reduced_surrogate,73002,6246,1,0.0001220703125,1480.8197937499913,1488.8350999999996,not_in_gurobi_pool,,1100011101111111110,00000001000101000,110001110111111111000000001000101000,128,8192,25,152,true,single,36,1.0e-10,64
VQE_reduced_surrogate,73002,6247,1,0.0001220703125,1480.90889375001,1488.9241999999992,not_in_gurobi_pool,,0000101011101001100,01000101000000000,000010101110100110001000101000000000,128,8192,25,152,true,single,36,1.0e-10,64
VQE_reduced_surrogate,73002,6320,1,0.0001220703125,1503.2453437499992,1489.8864999999994,not_in_gurobi_pool,,0111111001110100111,00000000000111011,011111100111010011100000000000111011,128,8192,25,152,true,single,36,1.0e-10,64
VQE_reduced_surrogate,73002,6252,1,0.0001220703125,1482.32779374999,1490.3430999999996,not_in_gurobi_pool,,1100001111011111100,00000101110000000,110000111101111110000000101110000000,128,8192,25,152,true,single,36,1.0e-10,64
VQE_reduced_surrogate,73002,6208,1,0.0001220703125,1471.8933187499724,1490.5956999999996,not_in_gurobi_pool,,0001111101111111101,00000101000001000,000111110111111110100000101000001000,128,8192,25,152,true,single,36,1.0e-10,64
VQE_reduced_surrogate,73002,6209,1,0.0001220703125,1471.9853187499955,1490.687699999999,not_in_gurobi_pool,,0001111111101110111,00000101000001001,000111111110111011100000101000001001,128,8192,25,152,true,single,36,1.0e-10,64
VQE_reduced_surrogate,73002,6284,1,0.0001220703125,1493.639968750003,1490.9681999999991,not_in_gurobi_pool,,0000100011111011100,01100000010000000,000010001111101110001100000010000000,128,8192,25,152,true,single,36,1.0e-10,64
VQE_reduced_surrogate,73002,6255,1,0.0001220703125,1483.0227937499988,1491.0380999999995,not_in_gurobi_pool,,0100111111110111011,00000001000101000,010011111111011101100000001000101000,128,8192,25,152,true,single,36,1.0e-10,64
VQE_reduced_surrogate,73002,6285,1,0.0001220703125,1493.930268749987,1491.2584999999995,not_in_gurobi_pool,,0111101001111011111,00000000000100100,011110100111101111100000000000100100,128,8192,25,152,true,single,36,1.0e-10,64
VQE_reduced_surrogate,73002,6260,1,0.0001220703125,1483.660793749997,1491.6760999999992,not_in_gurobi_pool,,1100001011010111111,00000101110000000,110000101101011111100000101110000000,128,8192,25,152,true,single,36,1.0e-10,64
VQE_reduced_surrogate,73002,6217,1,0.0001220703125,1475.3051187499952,1494.0074999999995,not_in_gurobi_pool,,0111101111111000100,00000000000100000,011110111111100010000000000000100000,128,8192,25,152,true,single,36,1.0e-10,64
VQE_reduced_surrogate,73002,6363,1,0.0001220703125,1515.9027437499944,1502.5438999999992,not_in_gurobi_pool,,1101000000100111001,10100000000000000,110100000010011100110100000000000000,128,8192,25,152,true,single,36,1.0e-10,64
VQE_reduced_surrogate,73002,6373,1,0.0001220703125,1517.5097437500012,1504.1508999999996,not_in_gurobi_pool,,1101111000000111001,10010101100100000,110111100000011100110010101100100000,128,8192,25,152,true,single,36,1.0e-10,64
VQE_reduced_surrogate,73002,6299,1,0.0001220703125,1499.01309374999,1507.0283999999995,not_in_gurobi_pool,,0100011100000111000,10010101110100000,010001110000011100010010101110100000,128,8192,25,152,true,single,36,1.0e-10,64
VQE_reduced_surrogate,73002,6342,1,0.0001220703125,1509.9245687500006,1507.2527999999998,not_in_gurobi_pool,,0111011100000110011,00010101000110001,011101110000011001100010101000110001,128,8192,25,152,true,single,36,1.0e-10,64
VQE_reduced_surrogate,73002,6303,1,0.0001220703125,1499.8914937499987,1507.9067999999993,not_in_gurobi_pool,,1111010000110101000,10000000000111000,111101000011010100010000000000111000,128,8192,25,152,true,single,36,1.0e-10,64
VQE_reduced_surrogate,73002,6304,1,0.0001220703125,1499.992493749997,1508.0077999999994,not_in_gurobi_pool,,1111010000110011000,10000000000111000,111101000011001100010000000000111000,128,8192,25,152,true,single,36,1.0e-10,64
VQE_reduced_surrogate,73002,6347,1,0.0001220703125,1511.2861687499962,1508.6143999999993,not_in_gurobi_pool,,1100000110100111001,10100000010000000,110000011010011100110100000010000000,128,8192,25,152,true,single,36,1.0e-10,64
VQE_reduced_surrogate,73002,6307,1,0.0001220703125,1500.599093749998,1508.6143999999995,not_in_gurobi_pool,,1100010110100111000,10000000010101000,110001011010011100010000000010101000,128,8192,25,152,true,single,36,1.0e-10,64
VQE_reduced_surrogate,73002,6309,1,0.0001220703125,1501.0151937500082,1509.0304999999996,not_in_gurobi_pool,,0000000100000111101,01110101011000000,000000010000011110101110101011000000,128,8192,25,152,true,single,36,1.0e-10,64
VQE_reduced_surrogate,73002,6310,1,0.0001220703125,1501.2564937500006,1509.2717999999995,not_in_gurobi_pool,,0111001100101110000,10000000000100000,011100110010111000010000000000100000,128,8192,25,152,true,single,36,1.0e-10,64
VQE_reduced_surrogate,73002,6311,1,0.0001220703125,1501.6204937500033,1509.6357999999996,not_in_gurobi_pool,,1111010000100110111,00000000000111001,111101000010011011100000000000111001,128,8192,25,152,true,single,36,1.0e-10,64
VQE_reduced_surrogate,73002,6313,1,0.0001220703125,1501.7514937499984,1509.7667999999994,not_in_gurobi_pool,,0111010110101010001,10000000000111000,011101011010101000110000000000111000,128,8192,25,152,true,single,36,1.0e-10,64
VQE_reduced_surrogate,73002,6316,1,0.0001220703125,1502.3650937499967,1510.3803999999996,not_in_gurobi_pool,,0100111000100111000,10000001000101000,010011100010011100010000001000101000,128,8192,25,152,true,single,36,1.0e-10,64
VQE_reduced_surrogate,73002,6280,1,0.0001220703125,1491.8614187500018,1510.5637999999994,not_in_gurobi_pool,,0111000100101010100,00100000000100000,011100010010101010000100000000100000,128,8192,25,152,true,single,36,1.0e-10,64
VQE_reduced_surrogate,73002,6353,1,0.0001220703125,1514.2306687499977,1511.5588999999995,not_in_gurobi_pool,,1011000110010111001,10100100010000000,101100011001011100110100100010000000,128,8192,25,152,true,single,36,1.0e-10,64
VQE_reduced_surrogate,73002,6321,1,0.0001220703125,1503.819493749994,1511.8347999999994,not_in_gurobi_pool,,0111110100101011101,00000000000111000,011111010010101110100000000000111000,128,8192,25,152,true,single,36,1.0e-10,64
VQE_reduced_surrogate,73002,6355,1,0.0001220703125,1514.5475687499957,1511.8757999999996,not_in_gurobi_pool,,0111111100101111011,00000000000111000,011111110010111101100000000000111000,128,8192,25,152,true,single,36,1.0e-10,64
VQE_reduced_surrogate,73002,6397,1,0.0001220703125,1525.4683437499934,1512.1094999999996,not_in_gurobi_pool,,1000000101100111000,11100000010000000,100000010110011100011100000010000000,128,8192,25,152,true,single,36,1.0e-10,64
VQE_reduced_surrogate,73002,6359,1,0.0001220703125,1514.8941687500032,1512.2223999999994,not_in_gurobi_pool,,1100000000010111100,00110001011000000,110000000001011110000110001011000000,128,8192,25,152,true,single,36,1.0e-10,64
VQE_reduced_surrogate,73002,6323,1,0.0001220703125,1504.254493749995,1512.2697999999993,not_in_gurobi_pool,,0111000110101101011,00100000000100010,011100011010110101100100000000100010,128,8192,25,152,true,single,36,1.0e-10,64
VQE_reduced_surrogate,73002,6324,1,0.0001220703125,1504.2544937499974,1512.2697999999993,not_in_gurobi_pool,,0111100010100101011,00100000000100010,011110001010010101100100000000100010,128,8192,25,152,true,single,36,1.0e-10,64
VQE_reduced_surrogate,73002,6325,1,0.0001220703125,1504.3554937499914,1512.3707999999995,not_in_gurobi_pool,,0111000110101011011,00100000000100100,011100011010101101100100000000100100,128,8192,25,152,true,single,36,1.0e-10,64
VQE_reduced_surrogate,73002,6328,1,0.0001220703125,1505.1744937499896,1513.1897999999997,not_in_gurobi_pool,,0111010101100100000,10000000000111000,011101010110010000010000000000111000,128,8192,25,152,true,single,36,1.0e-10,64
VQE_reduced_surrogate,73002,6329,1,0.0001220703125,1505.1760937499937,1513.1913999999995,not_in_gurobi_pool,,0100111000010111001,10010101110100000,010011100001011100110010101110100000,128,8192,25,152,true,single,36,1.0e-10,64
VQE_reduced_surrogate,73002,6365,1,0.0001220703125,1516.2451687500022,1513.5733999999998,not_in_gurobi_pool,,1100111110100111000,10000001000101000,110011111010011100010000001000101000,128,8192,25,152,true,single,36,1.0e-10,64
VQE_reduced_surrogate,73002,6331,1,0.0001220703125,1506.7594937499987,1514.7747999999995,not_in_gurobi_pool,,0111101100001011110,00010101000100100,011110110000101111000010101000100100,128,8192,25,152,true,single,36,1.0e-10,64
VQE_reduced_surrogate,73002,6372,1,0.0001220703125,1517.4465687500003,1514.7747999999997,not_in_gurobi_pool,,0111111000000011111,00010101000110100,011111100000001111100010101000110100,128,8192,25,152,true,single,36,1.0e-10,64
VQE_reduced_surrogate,73002,6375,1,0.0001220703125,1517.7736687500094,1515.1018999999997,not_in_gurobi_pool,,1101110111000111001,10000001010100000,110111011100011100110000001010100000,128,8192,25,152,true,single,36,1.0e-10,64
VQE_reduced_surrogate,73002,6332,1,0.0001220703125,1507.2081937500002,1515.2234999999994,not_in_gurobi_pool,,0000110110000111100,01000101011000000,000011011000011110001000101011000000,128,8192,25,152,true,single,36,1.0e-10,64
VQE_reduced_surrogate,73002,6292,1,0.0001220703125,1496.56101875,1515.2633999999994,not_in_gurobi_pool,,0010010010001111101,00000100011100000,001001001000111110100000100011100000,128,8192,25,152,true,single,36,1.0e-10,64
VQE_reduced_surrogate,73002,6376,1,0.0001220703125,1518.0345687500028,1515.3627999999994,not_in_gurobi_pool,,0111110001100110011,00000000000111001,011111000110011001100000000000111001,128,8192,25,152,true,single,36,1.0e-10,64
VQE_reduced_surrogate,73002,6377,1,0.0001220703125,1518.1566687499926,1515.4848999999992,not_in_gurobi_pool,,0011111000001111111,00010111000100000,001111100000111111100010111000100000,128,8192,25,152,true,single,36,1.0e-10,64
VQE_reduced_surrogate,73002,6265,1,0.0001220703125,1486.1849437499936,1515.5743999999993,not_in_gurobi_pool,,1100110000110111100,00000000010101000,110011000011011110000000000010101000,128,8192,25,152,true,single,36,1.0e-10,64
VQE_reduced_surrogate,73002,6334,1,0.0001220703125,1507.6526937500028,1515.6679999999994,not_in_gurobi_pool,,1001100000110111100,00100000000000000,100110000011011110000100000000000000,128,8192,25,152,true,single,36,1.0e-10,64
VQE_reduced_surrogate,73002,6335,1,0.0001220703125,1507.813493750007,1515.8287999999993,not_in_gurobi_pool,,0111010010111100000,10000000000111000,011101001011110000010000000000111000,128,8192,25,152,true,single,36,1.0e-10,64
VQE_reduced_surrogate,73002,6294,1,0.0001220703125,1497.12641875,1515.8287999999995,not_in_gurobi_pool,,0111000010110100001,10100000000100000,011100001011010000110100000000100000,128,8192,25,152,true,single,36,1.0e-10,64
VQE_reduced_surrogate,73002,6336,1,0.0001220703125,1507.9144937500043,1515.9297999999994,not_in_gurobi_pool,,0111010010111010000,10000000000111000,011101001011101000010000000000111000,128,8192,25,152,true,single,36,1.0e-10,64
VQE_reduced_surrogate,73002,6378,1,0.0001220703125,1518.6255687499972,1515.9537999999995,not_in_gurobi_pool,,0111111000101001100,00000000000111000,011111100010100110000000000000111000,128,8192,25,152,true,single,36,1.0e-10,64
VQE_reduced_surrogate,73002,6379,1,0.0001220703125,1518.650568749998,1515.9787999999996,not_in_gurobi_pool,,0111000100011011111,00110000010100100,011100010001101111100110000010100100,128,8192,25,152,true,single,36,1.0e-10,64
VQE_reduced_surrogate,73002,6295,1,0.0001220703125,1497.6584187499993,1516.3607999999992,not_in_gurobi_pool,,0111000010110001001,10100000000100000,011100001011000100110100000000100000,128,8192,25,152,true,single,36,1.0e-10,64
VQE_reduced_surrogate,73002,6411,1,0.0001220703125,1529.9322437499927,1516.5733999999993,not_in_gurobi_pool,,0100001110100111001,10000001000000000,010000111010011100110000001000000000,128,8192,25,152,true,single,36,1.0e-10,64
VQE_reduced_surrogate,73002,6412,1,0.0001220703125,1529.9541437500009,1516.5952999999997,not_in_gurobi_pool,,0110100100010111111,00110000011100000,011010010001011111100110000011100000,128,8192,25,152,true,single,36,1.0e-10,64
VQE_reduced_surrogate,73002,6433,1,0.0001220703125,1540.7172187499982,1516.6712999999993,not_in_gurobi_pool,,0110011000101011101,00000000000111000,011001100010101110100000000000111000,128,8192,25,152,true,single,36,1.0e-10,64
VQE_reduced_surrogate,73002,6296,1,0.0001220703125,1498.043018749993,1516.7453999999993,not_in_gurobi_pool,,0100111001000111001,10000101110100000,010011100100011100110000101110100000,128,8192,25,152,true,single,36,1.0e-10,64
VQE_reduced_surrogate,73002,6380,1,0.0001220703125,1519.7691687499935,1517.0973999999997,not_in_gurobi_pool,,1100111101100111000,10000001000101000,110011110110011100010000001000101000,128,8192,25,152,true,single,36,1.0e-10,64
VQE_reduced_surrogate,73002,6338,1,0.0001220703125,1509.1854937500054,1517.2007999999994,not_in_gurobi_pool,,0111100010111011000,10100000000100000,011110001011101100010100000000100000,128,8192,25,152,true,single,36,1.0e-10,64
VQE_reduced_surrogate,73002,6341,1,0.0001220703125,1509.8814937499972,1517.8967999999993,not_in_gurobi_pool,,0111110000110101101,00000000000111000,011111000011010110100000000000111000,128,8192,25,152,true,single,36,1.0e-10,64
VQE_reduced_surrogate,73002,6384,1,0.0001220703125,1520.6735687500077,1518.0017999999995,not_in_gurobi_pool,,0111110010110110010,00000000000111001,011111001011011001000000000000111001,128,8192,25,152,true,single,36,1.0e-10,64
VQE_reduced_surrogate,73002,6385,1,0.0001220703125,1520.6735687500068,1518.0017999999995,not_in_gurobi_pool,,0111010010111110011,00000000000111001,011101001011111001100000000000111001,128,8192,25,152,true,single,36,1.0e-10,64
VQE_reduced_surrogate,73002,6343,1,0.0001220703125,1510.0104937499977,1518.0257999999994,not_in_gurobi_pool,,0111101100100101110,00000000000100010,011110110010010111000000000000100010,128,8192,25,152,true,single,36,1.0e-10,64
VQE_reduced_surrogate,73002,6386,1,0.0001220703125,1520.7116687499963,1518.039899999999,not_in_gurobi_pool,,0011011110101111011,00000100000101000,001101111010111101100000100000101000,128,8192,25,152,true,single,36,1.0e-10,64
VQE_reduced_surrogate,73002,6390,1,0.0001220703125,1521.2055687500015,1518.5337999999997,not_in_gurobi_pool,,0111010010111011011,00000000000111100,011101001011101101100000000000111100,128,8192,25,152,true,single,36,1.0e-10,64
VQE_reduced_surrogate,73002,6344,1,0.0001220703125,1510.692593749982,1518.7078999999994,not_in_gurobi_pool,,0011110100111111100,00000000000101000,001111010011111110000000000000101000,128,8192,25,152,true,single,36,1.0e-10,64
VQE_reduced_surrogate,73002,6345,1,0.0001220703125,1510.7321937500005,1518.7474999999993,not_in_gurobi_pool,,0000110101000111100,01000101011000000,000011010100011110001000101011000000,128,8192,25,152,true,single,36,1.0e-10,64
VQE_reduced_surrogate,73002,6305,1,0.0001220703125,1500.0740187499991,1518.7763999999997,not_in_gurobi_pool,,0100110101000111100,00000001011100000,010011010100011110000000001011100000,128,8192,25,152,true,single,36,1.0e-10,64
VQE_reduced_surrogate,73002,6273,1,0.0001220703125,1489.4805437499997,1518.8699999999997,not_in_gurobi_pool,,0001110001000111101,00000101010000000,000111000100011110100000101010000000,128,8192,25,152,true,single,36,1.0e-10,64
VQE_reduced_surrogate,73002,6393,1,0.0001220703125,1521.9020687499958,1519.2302999999995,not_in_gurobi_pool,,1110010001100110110,00000000010111001,111001000110011011000000000010111001,128,8192,25,152,true,single,36,1.0e-10,64
VQE_reduced_surrogate,73002,6396,1,0.0001220703125,1522.7016687499943,1520.0298999999993,not_in_gurobi_pool,,0101000000110111111,00100000000000000,010100000011011111100100000000000000,128,8192,25,152,true,single,36,1.0e-10,64
VQE_reduced_surrogate,73002,6349,1,0.0001220703125,1512.1434937500067,1520.1587999999997,not_in_gurobi_pool,,1111111001001011101,00000101000110000,111111100100101110100000101000110000,128,8192,25,152,true,single,36,1.0e-10,64
VQE_reduced_surrogate,73002,6350,1,0.0001220703125,1512.1671937500003,1520.1824999999994,not_in_gurobi_pool,,0000101110001111100,01000111110000000,000010111000111110001000111110000000,128,8192,25,152,true,single,36,1.0e-10,64
VQE_reduced_surrogate,73002,6312,1,0.0001220703125,1501.7334187500028,1520.4357999999997,not_in_gurobi_pool,,0111101110000110110,00000101000100001,011110111000011011000000101000100001,128,8192,25,152,true,single,36,1.0e-10,64
VQE_reduced_surrogate,73002,6351,1,0.0001220703125,1512.5994937499868,1520.6147999999994,not_in_gurobi_pool,,1111000011000000110,00100000010100111,111100001100000011000100000010100111,128,8192,25,152,true,single,36,1.0e-10,64
VQE_reduced_surrogate,73002,6352,1,0.0001220703125,1513.1754937499989,1521.1907999999994,not_in_gurobi_pool,,1111100010111011100,00100000000100000,111110001011101110000100000000100000,128,8192,25,152,true,single,36,1.0e-10,64
VQE_reduced_surrogate,73002,6440,1,0.0001220703125,1545.318418749994,1521.2724999999991,not_in_gurobi_pool,,0000010001110111000,11000000010001000,000001000111011100011000000010001000,128,8192,25,152,true,single,36,1.0e-10,64
VQE_reduced_surrogate,73002,6317,1,0.0001220703125,1502.6841187500038,1521.3864999999992,not_in_gurobi_pool,,0000100010010111101,01100101011000000,000010001001011110101100101011000000,128,8192,25,152,true,single,36,1.0e-10,64
VQE_reduced_surrogate,73002,6319,1,0.0001220703125,1503.1640187499943,1521.8663999999992,not_in_gurobi_pool,,1100011000110111111,00000001000101000,110001100011011111100000001000101000,128,8192,25,152,true,single,36,1.0e-10,64
VQE_reduced_surrogate,73002,6354,1,0.0001220703125,1514.4084937500136,1522.4237999999996,not_in_gurobi_pool,,0111011111001010011,00000101000110101,011101111100101001100000101000110101,128,8192,25,152,true,single,36,1.0e-10,64
VQE_reduced_surrogate,73002,6356,1,0.0001220703125,1514.6374937500054,1522.6527999999996,not_in_gurobi_pool,,0111001010110001010,00000000000100110,011100101011000101000000000000100110,128,8192,25,152,true,single,36,1.0e-10,64
VQE_reduced_surrogate,73002,6420,1,0.0001220703125,1536.0533437500055,1522.6944999999992,not_in_gurobi_pool,,0000011010101101100,01000101000001000,000001101010110110001000101000001000,128,8192,25,152,true,single,36,1.0e-10,64
VQE_reduced_surrogate,73002,6421,1,0.0001220703125,1536.0952437500023,1522.7363999999993,not_in_gurobi_pool,,0100101010110111000,10000001000000000,010010101011011100010000001000000000,128,8192,25,152,true,single,36,1.0e-10,64
VQE_reduced_surrogate,73002,6358,1,0.0001220703125,1514.8665937499984,1522.8818999999992,not_in_gurobi_pool,,0011000010010111111,00100100010000000,001100001001011111100100100010000000,128,8192,25,152,true,single,36,1.0e-10,64
VQE_reduced_surrogate,73002,6398,1,0.0001220703125,1525.6925687499993,1523.0207999999996,not_in_gurobi_pool,,0111000111000100101,00100000010100000,011100011100010010100100000010100000,128,8192,25,152,true,single,36,1.0e-10,64
VQE_reduced_surrogate,73002,6360,1,0.0001220703125,1515.397493749997,1523.4127999999996,not_in_gurobi_pool,,0111110010111000110,00000000000111111,011111001011100011000000000000111111,128,8192,25,152,true,single,36,1.0e-10,64
VQE_reduced_surrogate,73002,6326,1,0.0001220703125,1504.7324187500044,1523.4347999999998,not_in_gurobi_pool,,1111100101011111111,00100000010100000,111110010101111111100100000010100000,128,8192,25,152,true,single,36,1.0e-10,64
VQE_reduced_surrogate,73002,6361,1,0.0001220703125,1515.446093749998,1523.4613999999992,not_in_gurobi_pool,,0100100101100111111,00100000010000000,010010010110011111100100000010000000,128,8192,25,152,true,single,36,1.0e-10,64
VQE_reduced_surrogate,73002,6423,1,0.0001220703125,1536.8516437500018,1523.4927999999995,not_in_gurobi_pool,,0111011110111011011,00000000000111100,011101111011101101100000000000111100,128,8192,25,152,true,single,36,1.0e-10,64
VQE_reduced_surrogate,73002,6424,1,0.0001220703125,1536.9327437499985,1523.5738999999992,not_in_gurobi_pool,,0011001011100000000,10001100000000000,001100101110000000010001100000000000,128,8192,25,152,true,single,36,1.0e-10,64
VQE_reduced_surrogate,73002,6287,1,0.0001220703125,1494.2375437499811,1523.6269999999997,not_in_gurobi_pool,,0001111100110111101,00000101000001000,000111110011011110100000101000001000,128,8192,25,152,true,single,36,1.0e-10,64
VQE_reduced_surrogate,73002,6402,1,0.0001220703125,1526.7411687499955,1524.0693999999992,not_in_gurobi_pool,,0100011010110111011,00000001000101000,010001101011011101100000001000101000,128,8192,25,152,true,single,36,1.0e-10,64
VQE_reduced_surrogate,73002,6364,1,0.0001220703125,1516.220693750003,1524.2359999999994,not_in_gurobi_pool,,0001110011010111001,10000101010000000,000111001101011100110000101010000000,128,8192,25,152,true,single,36,1.0e-10,64
VQE_reduced_surrogate,73002,6367,1,0.0001220703125,1516.6290937499994,1524.6443999999992,not_in_gurobi_pool,,1100100011101010110,00100000010000101,110010001110101011000100000010000101,128,8192,25,152,true,single,36,1.0e-10,64
VQE_reduced_surrogate,73002,6405,1,0.0001220703125,1527.4102687499937,1524.7384999999997,not_in_gurobi_pool,,0000100110111111100,01100000010000000,000010011011111110001100000010000000,128,8192,25,152,true,single,36,1.0e-10,64
VQE_reduced_surrogate,73002,6368,1,0.0001220703125,1516.973593749985,1524.9888999999991,not_in_gurobi_pool,,0101001100110111111,00000001000000000,010100110011011111100000001000000000,128,8192,25,152,true,single,36,1.0e-10,64
VQE_reduced_surrogate,73002,6369,1,0.0001220703125,1517.1484937500065,1525.1637999999998,not_in_gurobi_pool,,0111100101010110110,00100000010100001,011110010101011011000100000010100001,128,8192,25,152,true,single,36,1.0e-10,64
VQE_reduced_surrogate,73002,6406,1,0.0001220703125,1528.0921687499922,1525.4203999999997,not_in_gurobi_pool,,1100101101100111110,00000001000000000,110010110110011111000000001000000000,128,8192,25,152,true,single,36,1.0e-10,64
VQE_reduced_surrogate,73002,6370,1,0.0001220703125,1517.4074937499843,1525.4227999999996,not_in_gurobi_pool,,0111100010111101111,00100000000100010,011110001011110111100100000000100010,128,8192,25,152,true,single,36,1.0e-10,64
VQE_reduced_surrogate,73002,6371,1,0.0001220703125,1517.4350937499987,1525.4503999999993,not_in_gurobi_pool,,0100011111101101000,10000001000101000,010001111110110100010000001000101000,128,8192,25,152,true,single,36,1.0e-10,64
VQE_reduced_surrogate,73002,6427,1,0.0001220703125,1539.0121437500077,1525.6532999999993,not_in_gurobi_pool,,0110111011100010011,00000000000111101,011011101110001001100000000000111101,128,8192,25,152,true,single,36,1.0e-10,64
VQE_reduced_surrogate,73002,6428,1,0.0001220703125,1539.0846437500077,1525.7257999999997,not_in_gurobi_pool,,0111110111001011111,00000000010110100,011111011100101111100000000010110100,128,8192,25,152,true,single,36,1.0e-10,64
VQE_reduced_surrogate,73002,6374,1,0.0001220703125,1517.7205937499966,1525.7358999999994,not_in_gurobi_pool,,0101001011101010011,00000001000000101,010100101110101001100000001000000101,128,8192,25,152,true,single,36,1.0e-10,64
VQE_reduced_surrogate,73002,6333,1,0.0001220703125,1507.5210187499972,1526.2233999999994,not_in_gurobi_pool,,0100010011110110001,10000000010101000,010001001111011000110000000010101000,128,8192,25,152,true,single,36,1.0e-10,64
VQE_reduced_surrogate,73002,6430,1,0.0001220703125,1539.6783437499946,1526.3194999999992,not_in_gurobi_pool,,0000011001101011100,01000101000001000,000001100110101110001000101000001000,128,8192,25,152,true,single,36,1.0e-10,64
VQE_reduced_surrogate,73002,6408,1,0.0001220703125,1529.0156687499941,1526.3438999999994,not_in_gurobi_pool,,0011110011100100101,00000000000101000,001111001110010010100000000000101000,128,8192,25,152,true,single,36,1.0e-10,64
VQE_reduced_surrogate,73002,6409,1,0.0001220703125,1529.398168749986,1526.7263999999993,not_in_gurobi_pool,,1100101110110111100,00000001000000000,110010111011011110000000001000000000,128,8192,25,152,true,single,36,1.0e-10,64
VQE_reduced_surrogate,73002,6410,1,0.0001220703125,1529.3981687499863,1526.7263999999998,not_in_gurobi_pool,,1100101010111111100,00000001000000000,110010101011111110000000001000000000,128,8192,25,152,true,single,36,1.0e-10,64
VQE_reduced_surrogate,73002,6381,1,0.0001220703125,1520.0654937500044,1528.0807999999995,not_in_gurobi_pool,,0111001111000010101,00000101000100000,011100111100001010100000101000100000,128,8192,25,152,true,single,36,1.0e-10,64
VQE_reduced_surrogate,73002,6382,1,0.0001220703125,1520.1170937499933,1528.1323999999995,not_in_gurobi_pool,,1100110111010111100,00000001011100000,110011011101011110000000001011100000,128,8192,25,152,true,single,36,1.0e-10,64
VQE_reduced_surrogate,73002,6383,1,0.0001220703125,1520.1540937499947,1528.1693999999995,not_in_gurobi_pool,,1100111011100100100,00000001000101000,110011101110010010000000001000101000,128,8192,25,152,true,single,36,1.0e-10,64
VQE_reduced_surrogate,73002,6413,1,0.0001220703125,1530.8536687499823,1528.1818999999994,not_in_gurobi_pool,,1101101010110111111,00000001000000000,110110101011011111100000001000000000,128,8192,25,152,true,single,36,1.0e-10,64
VQE_reduced_surrogate,73002,6339,1,0.0001220703125,1509.6810187500007,1528.3833999999993,not_in_gurobi_pool,,0100110111100110110,00000000010101001,010011011110011011000000000010101001,128,8192,25,152,true,single,36,1.0e-10,64
VQE_reduced_surrogate,73002,6436,1,0.0001220703125,1541.7427437499982,1528.3838999999991,not_in_gurobi_pool,,1101101111000111111,00000101100000000,110110111100011111100000101100000000,128,8192,25,152,true,single,36,1.0e-10,64
VQE_reduced_surrogate,73002,6389,1,0.0001220703125,1521.1259937500017,1529.1412999999995,not_in_gurobi_pool,,0110101011011111000,10000101010100000,011010101101111100010000101010100000,128,8192,25,152,true,single,36,1.0e-10,64
VQE_reduced_surrogate,73002,6415,1,0.0001220703125,1531.953668749996,1529.2818999999995,not_in_gurobi_pool,,0101011001010011100,00000101100100000,010101100101001110000000101100100000,128,8192,25,152,true,single,36,1.0e-10,64
VQE_reduced_surrogate,73002,6392,1,0.0001220703125,1521.5260937500059,1529.5413999999994,not_in_gurobi_pool,,1100111111100011101,00000001000101000,110011111110001110100000001000101000,128,8192,25,152,true,single,36,1.0e-10,64
VQE_reduced_surrogate,73002,6416,1,0.0001220703125,1532.314568749992,1529.6427999999994,not_in_gurobi_pool,,0111001110111001110,00000000000100110,011100111011100111000000000000100110,128,8192,25,152,true,single,36,1.0e-10,64
VQE_reduced_surrogate,73002,6417,1,0.0001220703125,1532.3692687499774,1529.6974999999998,not_in_gurobi_pool,,0000111110111111100,01000101000001000,000011111011111110001000101000001000,128,8192,25,152,true,single,36,1.0e-10,64
VQE_reduced_surrogate,73002,6348,1,0.0001220703125,1511.7625187500062,1530.4648999999995,not_in_gurobi_pool,,0101111011110100000,10000001000101000,010111101111010000010000001000101000,128,8192,25,152,true,single,36,1.0e-10,64
VQE_reduced_surrogate,73002,6394,1,0.0001220703125,1522.5485937500039,1530.5638999999994,not_in_gurobi_pool,,0011001111101000100,00000100000000000,001100111110100010000000100000000000,128,8192,25,152,true,single,36,1.0e-10,64
VQE_reduced_surrogate,73002,6419,1,0.0001220703125,1535.8286687499974,1533.1568999999993,not_in_gurobi_pool,,0101001111101001111,00000001000000110,010100111110100111100000001000000110,128,8192,25,152,true,single,36,1.0e-10,64
VQE_reduced_surrogate,73002,6400,1,0.0001220703125,1525.7291937499963,1533.7444999999998,not_in_gurobi_pool,,0000101111100101110,01000101000000010,000010111110010111001000101000000010,128,8192,25,152,true,single,36,1.0e-10,64
VQE_reduced_surrogate,73002,6422,1,0.0001220703125,1536.5806687499926,1533.9088999999992,not_in_gurobi_pool,,0101001111111111011,00000001000000000,010100111111111101100000001000000000,128,8192,25,152,true,single,36,1.0e-10,64
VQE_reduced_surrogate,73002,6435,1,0.0001220703125,1541.3871687500055,1538.7153999999994,not_in_gurobi_pool,,0010101011110011100,00000100000000000,001010101111001110000000100000000000,128,8192,25,152,true,single,36,1.0e-10,64
VQE_reduced_surrogate,73002,6426,1,0.0001220703125,1538.7613937499832,1546.7766999999997,not_in_gurobi_pool,,1100011000000111000,10010101110100000,110001100000011100010010101110100000,128,8192,25,152,true,single,36,1.0e-10,64
VQE_reduced_surrogate,73002,6407,1,0.0001220703125,1528.7897187500034,1547.4920999999993,not_in_gurobi_pool,,0111000100101101000,10100000000100000,011100010010110100010100000000100000,128,8192,25,152,true,single,36,1.0e-10,64
VQE_reduced_surrogate,73002,6429,1,0.0001220703125,1539.5777937499959,1547.5930999999996,not_in_gurobi_pool,,0111010100101011000,10000000000111000,011101010010101100010000000000111000,128,8192,25,152,true,single,36,1.0e-10,64
VQE_reduced_surrogate,73002,6466,1,0.0001220703125,1554.4794687500046,1551.8076999999996,not_in_gurobi_pool,,0100000000000111100,00110001011000000,010000000000011110000110001011000000,128,8192,25,152,true,single,36,1.0e-10,64
VQE_reduced_surrogate,73002,6467,1,0.0001220703125,1554.953968749996,1552.2821999999994,not_in_gurobi_pool,,1101100000101111101,00100000000000000,110110000010111110100100000000000000,128,8192,25,152,true,single,36,1.0e-10,64
VQE_reduced_surrogate,73002,6470,1,0.0001220703125,1555.2238687499953,1552.5520999999994,not_in_gurobi_pool,,0111111000101011001,10000000000111000,011111100010101100110000000000111000,128,8192,25,152,true,single,36,1.0e-10,64
VQE_reduced_surrogate,73002,6526,1,0.0001220703125,1577.226518750004,1553.1806,not_in_gurobi_pool,,0110110100000111110,00010000011110000,011011010000011111000010000011110000,128,8192,25,152,true,single,36,1.0e-10,64
VQE_reduced_surrogate,73002,6418,1,0.0001220703125,1534.5199187500032,1553.2222999999994,not_in_gurobi_pool,,0001111000100111001,10000101000001000,000111100010011100110000101000001000,128,8192,25,152,true,single,36,1.0e-10,64
VQE_reduced_surrogate,73002,6445,1,0.0001220703125,1546.0637937499973,1554.0790999999992,not_in_gurobi_pool,,0111011100001000100,00010101000110000,011101110000100010000010101000110000,128,8192,25,152,true,single,36,1.0e-10,64
VQE_reduced_surrogate,73002,6475,1,0.0001220703125,1557.034468749997,1554.3626999999994,not_in_gurobi_pool,,0100100110100111001,10100000010000000,010010011010011100110100000010000000,128,8192,25,152,true,single,36,1.0e-10,64
VQE_reduced_surrogate,73002,6476,1,0.0001220703125,1557.0344687500042,1554.3626999999994,not_in_gurobi_pool,,0100100110100111000,10100000010000000,010010011010011100010100000010000000,128,8192,25,152,true,single,36,1.0e-10,64
VQE_reduced_surrogate,73002,6477,1,0.0001220703125,1557.137968749997,1554.4661999999992,not_in_gurobi_pool,,0011110000110111001,10000000000101000,001111000011011100110000000000101000,128,8192,25,152,true,single,36,1.0e-10,64
VQE_reduced_surrogate,73002,6478,1,0.0001220703125,1557.137968750003,1554.4661999999992,not_in_gurobi_pool,,0011110000110111000,10000000000101000,001111000011011100010000000000101000,128,8192,25,152,true,single,36,1.0e-10,64
VQE_reduced_surrogate,73002,6506,1,0.0001220703125,1567.825043750014,1554.4661999999994,not_in_gurobi_pool,,0011100000110111000,10100000000000000,001110000011011100010100000000000000,128,8192,25,152,true,single,36,1.0e-10,64
VQE_reduced_surrogate,73002,6480,1,0.0001220703125,1557.5908687500016,1554.9190999999994,not_in_gurobi_pool,,0111011100001010101,00010101000110000,011101110000101010100010101000110000,128,8192,25,152,true,single,36,1.0e-10,64
VQE_reduced_surrogate,73002,6507,1,0.0001220703125,1568.3680437499945,1555.0091999999993,not_in_gurobi_pool,,1101110101100111000,10000000000101000,110111010110011100010000000000101000,128,8192,25,152,true,single,36,1.0e-10,64
VQE_reduced_surrogate,73002,6399,1,0.0001220703125,1525.704843749995,1555.0942999999995,not_in_gurobi_pool,,1001010010000111101,00000101010000000,100101001000011110100000101010000000,128,8192,25,152,true,single,36,1.0e-10,64
VQE_reduced_surrogate,73002,6401,1,0.0001220703125,1525.7702437499968,1555.1596999999995,not_in_gurobi_pool,,0100110000101111100,00000000010101000,010011000010111110000000000010101000,128,8192,25,152,true,single,36,1.0e-10,64
VQE_reduced_surrogate,73002,6447,1,0.0001220703125,1547.9007937499916,1555.9160999999995,not_in_gurobi_pool,,0111110100101011110,00000000000111100,011111010010101111000000000000111100,128,8192,25,152,true,single,36,1.0e-10,64
VQE_reduced_surrogate,73002,6537,1,0.0001220703125,1580.1191187500076,1556.0731999999991,not_in_gurobi_pool,,0011101000010111001,10010111000000000,001110100001011100110010111000000000,128,8192,25,152,true,single,36,1.0e-10,64
VQE_reduced_surrogate,73002,6510,1,0.0001220703125,1569.6805437500027,1556.3216999999995,not_in_gurobi_pool,,1100101010100111000,10000001000000000,110010101010011100010000001000000000,128,8192,25,152,true,single,36,1.0e-10,64
VQE_reduced_surrogate,73002,6511,1,0.0001220703125,1569.8030437500024,1556.4441999999995,not_in_gurobi_pool,,1101101110100111000,10000001000000000,110110111010011100010000001000000000,128,8192,25,152,true,single,36,1.0e-10,64
VQE_reduced_surrogate,73002,6512,1,0.0001220703125,1569.803043749999,1556.4441999999995,not_in_gurobi_pool,,1101101010101111000,10000001000000000,110110101010111100010000001000000000,128,8192,25,152,true,single,36,1.0e-10,64
VQE_reduced_surrogate,73002,6448,1,0.0001220703125,1548.4408937499954,1556.4561999999994,not_in_gurobi_pool,,1101100110000111110,00100001010000000,110110011000011111000100001010000000,128,8192,25,152,true,single,36,1.0e-10,64
VQE_reduced_surrogate,73002,6403,1,0.0001220703125,1527.1431437500014,1556.5325999999993,not_in_gurobi_pool,,0110000000101111111,00100000010100000,011000000010111111100100000010100000,128,8192,25,152,true,single,36,1.0e-10,64
VQE_reduced_surrogate,73002,6487,1,0.0001220703125,1559.9789687500083,1557.3071999999993,not_in_gurobi_pool,,0011100110010111000,10100100010000000,001110011001011100010100100010000000,128,8192,25,152,true,single,36,1.0e-10,64
VQE_reduced_surrogate,73002,6488,1,0.0001220703125,1559.9789687499979,1557.3071999999993,not_in_gurobi_pool,,0011100110010111001,10100100010000000,001110011001011100110100100010000000,128,8192,25,152,true,single,36,1.0e-10,64
VQE_reduced_surrogate,73002,6540,1,0.0001220703125,1581.7835187499954,1557.7375999999997,not_in_gurobi_pool,,1110010001010111000,10000000011110000,111001000101011100010000000011110000,128,8192,25,152,true,single,36,1.0e-10,64
VQE_reduced_surrogate,73002,6454,1,0.0001220703125,1550.4298937499916,1558.4451999999997,not_in_gurobi_pool,,1101110000110111101,00000000000101000,110111000011011110100000000000101000,128,8192,25,152,true,single,36,1.0e-10,64
VQE_reduced_surrogate,73002,6431,1,0.0001220703125,1539.8223187499914,1558.5246999999995,not_in_gurobi_pool,,1100110001000111100,00000001011100000,110011000100011110000000001011100000,128,8192,25,152,true,single,36,1.0e-10,64
VQE_reduced_surrogate,73002,6455,1,0.0001220703125,1550.5407937500088,1558.5560999999996,not_in_gurobi_pool,,1111011010011011000,10000101000110000,111101101001101100010000101000110000,128,8192,25,152,true,single,36,1.0e-10,64
VQE_reduced_surrogate,73002,6490,1,0.0001220703125,1561.315868750006,1558.6440999999995,not_in_gurobi_pool,,0111101110100101000,10000000000100000,011110111010010100010000000000100000,128,8192,25,152,true,single,36,1.0e-10,64
VQE_reduced_surrogate,73002,6456,1,0.0001220703125,1550.6867937500056,1558.7020999999993,not_in_gurobi_pool,,0111001000101001100,00000000000100000,011100100010100110000000000000100000,128,8192,25,152,true,single,36,1.0e-10,64
VQE_reduced_surrogate,73002,6432,1,0.0001220703125,1540.4072187499935,1559.109599999999,not_in_gurobi_pool,,1110010011101010000,10000000010111000,111001001110101000010000000010111000,128,8192,25,152,true,single,36,1.0e-10,64
VQE_reduced_surrogate,73002,6491,1,0.0001220703125,1561.9098687500054,1559.2380999999993,not_in_gurobi_pool,,0111111010100001010,00000000000111110,011111101010000101000000000000111110,128,8192,25,152,true,single,36,1.0e-10,64
VQE_reduced_surrogate,73002,6492,1,0.0001220703125,1561.9098687500016,1559.2380999999993,not_in_gurobi_pool,,0111011110101001011,00000000000111110,011101111010100101100000000000111110,128,8192,25,152,true,single,36,1.0e-10,64
VQE_reduced_surrogate,73002,6516,1,0.0001220703125,1572.6516437500043,1559.2927999999995,not_in_gurobi_pool,,0000111110100111000,11000101000001000,000011111010011100011000101000001000,128,8192,25,152,true,single,36,1.0e-10,64
VQE_reduced_surrogate,73002,6493,1,0.0001220703125,1561.9934687500006,1559.3216999999995,not_in_gurobi_pool,,0100111110100111000,10000001000101000,010011111010011100010000001000101000,128,8192,25,152,true,single,36,1.0e-10,64
VQE_reduced_surrogate,73002,6458,1,0.0001220703125,1551.4877937500012,1559.5030999999992,not_in_gurobi_pool,,0111001100101100110,00000000000100011,011100110010110011000000000000100011,128,8192,25,152,true,single,36,1.0e-10,64
VQE_reduced_surrogate,73002,6494,1,0.0001220703125,1562.1768687499998,1559.5050999999992,not_in_gurobi_pool,,0111110010101010101,00000000000111000,011111001010101010100000000000111000,128,8192,25,152,true,single,36,1.0e-10,64
VQE_reduced_surrogate,73002,6459,1,0.0001220703125,1551.4897937500036,1559.5050999999994,not_in_gurobi_pool,,0111100110101010100,00100000000100000,011110011010101010000100000000100000,128,8192,25,152,true,single,36,1.0e-10,64
VQE_reduced_surrogate,73002,6460,1,0.0001220703125,1551.4897937499977,1559.5050999999994,not_in_gurobi_pool,,0111000110100010101,00100000000100000,011100011010001010100100000000100000,128,8192,25,152,true,single,36,1.0e-10,64
VQE_reduced_surrogate,73002,6461,1,0.0001220703125,1551.5267937499998,1559.5420999999994,not_in_gurobi_pool,,0111101100101011100,00000000000100000,011110110010101110000000000000100000,128,8192,25,152,true,single,36,1.0e-10,64
VQE_reduced_surrogate,73002,6462,1,0.0001220703125,1551.5887937499986,1559.6040999999993,not_in_gurobi_pool,,0111001100101010110,00000000000100101,011100110010101011000000000000100101,128,8192,25,152,true,single,36,1.0e-10,64
VQE_reduced_surrogate,73002,6434,1,0.0001220703125,1541.106318749995,1559.8086999999991,not_in_gurobi_pool,,1100110011100110000,10000000010101000,110011001110011000010000000010101000,128,8192,25,152,true,single,36,1.0e-10,64
VQE_reduced_surrogate,73002,6463,1,0.0001220703125,1552.5103937500037,1560.5256999999992,not_in_gurobi_pool,,0100110010110111000,10000000010101000,010011001011011100010000000010101000,128,8192,25,152,true,single,36,1.0e-10,64
VQE_reduced_surrogate,73002,6464,1,0.0001220703125,1552.8317937500053,1560.8470999999993,not_in_gurobi_pool,,0111100001000101101,00100000010100000,011110000100010110100100000010100000,128,8192,25,152,true,single,36,1.0e-10,64
VQE_reduced_surrogate,73002,6499,1,0.0001220703125,1564.1848687500042,1561.5130999999994,not_in_gurobi_pool,,0111011100010001100,00010101000110000,011101110001000110000010101000110000,128,8192,25,152,true,single,36,1.0e-10,64
VQE_reduced_surrogate,73002,6465,1,0.0001220703125,1553.509393750002,1561.5246999999995,not_in_gurobi_pool,,0100100001000111101,00100001011000000,010010000100011110100100001011000000,128,8192,25,152,true,single,36,1.0e-10,64
VQE_reduced_surrogate,73002,6500,1,0.0001220703125,1564.3768687499992,1561.7050999999997,not_in_gurobi_pool,,1111010001110101010,00000000000111010,111101000111010101000000000000111010,128,8192,25,152,true,single,36,1.0e-10,64
VQE_reduced_surrogate,73002,6437,1,0.0001220703125,1543.2757187499967,1561.9780999999996,not_in_gurobi_pool,,0111100100110101110,00100000000100010,011110010011010111000100000000100010,128,8192,25,152,true,single,36,1.0e-10,64
VQE_reduced_surrogate,73002,6501,1,0.0001220703125,1564.8749687499921,1562.2031999999995,not_in_gurobi_pool,,0011000011101010000,10100000000000000,001100001110101000010100000000000000,128,8192,25,152,true,single,36,1.0e-10,64
VQE_reduced_surrogate,73002,6438,1,0.0001220703125,1544.173718749996,1562.8760999999997,not_in_gurobi_pool,,0111001110001001110,00000101000100110,011100111000100111000000101000100110,128,8192,25,152,true,single,36,1.0e-10,64
VQE_reduced_surrogate,73002,6439,1,0.0001220703125,1544.173718750002,1562.8760999999997,not_in_gurobi_pool,,0111001010000001110,00000101000100110,011100101000000111000000101000100110,128,8192,25,152,true,single,36,1.0e-10,64
VQE_reduced_surrogate,73002,6523,1,0.0001220703125,1576.2596437499967,1562.9007999999992,not_in_gurobi_pool,,0000011000011111101,01010111110000000,000001100001111110101010111110000000,128,8192,25,152,true,single,36,1.0e-10,64
VQE_reduced_surrogate,73002,6524,1,0.0001220703125,1576.382143749991,1563.0232999999992,not_in_gurobi_pool,,0001111100010111101,00010111100000000,000111110001011110100010111100000000,128,8192,25,152,true,single,36,1.0e-10,64
VQE_reduced_surrogate,73002,6468,1,0.0001220703125,1555.1943937500002,1563.2096999999994,not_in_gurobi_pool,,1100100001100111111,00100000010000000,110010000110011111100100000010000000,128,8192,25,152,true,single,36,1.0e-10,64
VQE_reduced_surrogate,73002,6502,1,0.0001220703125,1565.8998687500007,1563.2280999999996,not_in_gurobi_pool,,1111001110101001110,00000000000100110,111100111010100111000000000000100110,128,8192,25,152,true,single,36,1.0e-10,64
VQE_reduced_surrogate,73002,6525,1,0.0001220703125,1576.5999437500136,1563.2410999999993,not_in_gurobi_pool,,1111011010111011011,00000000000111100,111101101011101101100000000000111100,128,8192,25,152,true,single,36,1.0e-10,64
VQE_reduced_surrogate,73002,6471,1,0.0001220703125,1555.722793750001,1563.7380999999993,not_in_gurobi_pool,,0111111011000100000,10000101000110000,011111101100010000010000101000110000,128,8192,25,152,true,single,36,1.0e-10,64
VQE_reduced_surrogate,73002,6441,1,0.0001220703125,1545.347818750008,1564.0501999999992,not_in_gurobi_pool,,1101111011100100001,10000001000101000,110111101110010000110000001000101000,128,8192,25,152,true,single,36,1.0e-10,64
VQE_reduced_surrogate,73002,6442,1,0.0001220703125,1545.4488187500049,1564.1511999999993,not_in_gurobi_pool,,1101111011100010000,10000001000101000,110111101110001000010000001000101000,128,8192,25,152,true,single,36,1.0e-10,64
VQE_reduced_surrogate,73002,6473,1,0.0001220703125,1556.1483937500002,1564.1636999999992,not_in_gurobi_pool,,0100100110010111100,00100001011000000,010010011001011110000100001011000000,128,8192,25,152,true,single,36,1.0e-10,64
VQE_reduced_surrogate,73002,6443,1,0.0001220703125,1545.5948187499953,1564.2971999999997,not_in_gurobi_pool,,0011110010011111100,00000100010100000,001111001001111110000000100010100000,128,8192,25,152,true,single,36,1.0e-10,64
VQE_reduced_surrogate,73002,6504,1,0.0001220703125,1567.2810687499878,1564.6092999999994,not_in_gurobi_pool,,1001100010111111100,00100000000000000,100110001011111110000100000000000000,128,8192,25,152,true,single,36,1.0e-10,64
VQE_reduced_surrogate,73002,6444,1,0.0001220703125,1545.9853187499907,1564.6876999999995,not_in_gurobi_pool,,1100010001010111100,00000001011100000,110001000101011110000000001011100000,128,8192,25,152,true,single,36,1.0e-10,64
VQE_reduced_surrogate,73002,6474,1,0.0001220703125,1556.8127937500044,1564.8280999999995,not_in_gurobi_pool,,0111010010111000100,00000000000111000,011101001011100010000000000000111000,128,8192,25,152,true,single,36,1.0e-10,64
VQE_reduced_surrogate,73002,6595,1,0.0001220703125,1600.2445937499972,1565.5115999999996,not_in_gurobi_pool,,0110111010100101101,00000000000111000,011011101010010110100000000000111000,128,8192,25,152,true,single,36,1.0e-10,64
VQE_reduced_surrogate,73002,6481,1,0.0001220703125,1557.65279375001,1565.6680999999994,not_in_gurobi_pool,,0111000010110010100,00100000000100000,011100001011001010000100000000100000,128,8192,25,152,true,single,36,1.0e-10,64
VQE_reduced_surrogate,73002,6534,1,0.0001220703125,1579.0549437500024,1565.6960999999994,not_in_gurobi_pool,,0111111110100100110,00000000000111011,011111111010010011000000000000111011,128,8192,25,152,true,single,36,1.0e-10,64
VQE_reduced_surrogate,73002,6535,1,0.0001220703125,1579.127943750001,1565.7690999999993,not_in_gurobi_pool,,0111010111000100100,00000000010110000,011101011100010010000000000010110000,128,8192,25,152,true,single,36,1.0e-10,64
VQE_reduced_surrogate,73002,6482,1,0.0001220703125,1557.8333937499929,1565.848699999999,not_in_gurobi_pool,,1100100010110111110,00100000010000000,110010001011011111000100000010000000,128,8192,25,152,true,single,36,1.0e-10,64
VQE_reduced_surrogate,73002,6508,1,0.0001220703125,1568.7708687500005,1566.0990999999992,not_in_gurobi_pool,,0111010010111001101,00000000000111000,011101001011100110100000000000111000,128,8192,25,152,true,single,36,1.0e-10,64
VQE_reduced_surrogate,73002,6509,1,0.0001220703125,1568.8118687499991,1566.1400999999996,not_in_gurobi_pool,,0111001110110101010,00000000000100010,011100111011010101000000000000100010,128,8192,25,152,true,single,36,1.0e-10,64
VQE_reduced_surrogate,73002,6446,1,0.0001220703125,1547.579318749986,1566.2816999999998,not_in_gurobi_pool,,0100111100110111100,00000001000101000,010011110011011110000000001000101000,128,8192,25,152,true,single,36,1.0e-10,64
VQE_reduced_surrogate,73002,6536,1,0.0001220703125,1579.659943749999,1566.3010999999995,not_in_gurobi_pool,,0111110011001001100,00000000010110000,011111001100100110000000000010110000,128,8192,25,152,true,single,36,1.0e-10,64
VQE_reduced_surrogate,73002,6483,1,0.0001220703125,1558.3267937500007,1566.3420999999998,not_in_gurobi_pool,,0111001111000101011,00000101000100010,011100111100010101100000101000100010,128,8192,25,152,true,single,36,1.0e-10,64
VQE_reduced_surrogate,73002,6484,1,0.0001220703125,1558.3847937500072,1566.4000999999998,not_in_gurobi_pool,,0111011101001001111,00000101000110110,011101110100100111100000101000110110,128,8192,25,152,true,single,36,1.0e-10,64
VQE_reduced_surrogate,73002,6485,1,0.0001220703125,1559.2273937499976,1567.2426999999996,not_in_gurobi_pool,,1100000111111111000,10100000010000000,110000011111111100010100000010000000,128,8192,25,152,true,single,36,1.0e-10,64
VQE_reduced_surrogate,73002,6486,1,0.0001220703125,1559.416793749994,1567.4320999999995,not_in_gurobi_pool,,0111000110111001110,00100000000100110,011100011011100111000100000000100110,128,8192,25,152,true,single,36,1.0e-10,64
VQE_reduced_surrogate,73002,6539,1,0.0001220703125,1580.8456437499933,1567.4867999999994,not_in_gurobi_pool,,0000110010111111100,01000000010001000,000011001011111110001000000010001000,128,8192,25,152,true,single,36,1.0e-10,64
VQE_reduced_surrogate,73002,6449,1,0.0001220703125,1549.0348187499828,1567.7371999999993,not_in_gurobi_pool,,0101011100111111111,00000001000101000,010101110011111111100000001000101000,128,8192,25,152,true,single,36,1.0e-10,64
VQE_reduced_surrogate,73002,6450,1,0.0001220703125,1549.3373187499878,1568.0396999999996,not_in_gurobi_pool,,1100110101110111100,00000000010101000,110011010111011110000000000010101000,128,8192,25,152,true,single,36,1.0e-10,64
VQE_reduced_surrogate,73002,6451,1,0.0001220703125,1549.5917187500056,1568.2940999999992,not_in_gurobi_pool,,0111110111110100000,10000000000111000,011111011111010000010000000000111000,128,8192,25,152,true,single,36,1.0e-10,64
VQE_reduced_surrogate,73002,6452,1,0.0001220703125,1549.821718750002,1568.5240999999994,not_in_gurobi_pool,,0111101111101010011,00000000000100101,011110111110101001100000000000100101,128,8192,25,152,true,single,36,1.0e-10,64
VQE_reduced_surrogate,73002,6453,1,0.0001220703125,1549.8437187499983,1568.5460999999993,not_in_gurobi_pool,,0111001110011011101,00000101000100000,011100111001101110100000101000100000,128,8192,25,152,true,single,36,1.0e-10,64
VQE_reduced_surrogate,73002,6489,1,0.0001220703125,1560.530793749998,1568.5460999999996,not_in_gurobi_pool,,0111111010011011101,00000101000110000,011111101001101110100000101000110000,128,8192,25,152,true,single,36,1.0e-10,64
VQE_reduced_surrogate,73002,6513,1,0.0001220703125,1571.4688687499968,1568.7970999999995,not_in_gurobi_pool,,1111101010110101100,00000000000100000,111110101011010110000000000000100000,128,8192,25,152,true,single,36,1.0e-10,64
VQE_reduced_surrogate,73002,6542,1,0.0001220703125,1582.1786437499911,1568.8197999999995,not_in_gurobi_pool,,0000110010110111110,01000000010001000,000011001011011111001000000010001000,128,8192,25,152,true,single,36,1.0e-10,64
VQE_reduced_surrogate,73002,6543,1,0.0001220703125,1582.34104374997,1568.9821999999992,not_in_gurobi_pool,,0011100110111111110,00100000000000000,001110011011111111000100000000000000,128,8192,25,152,true,single,36,1.0e-10,64
VQE_reduced_surrogate,73002,6607,1,0.0001220703125,1603.869593749998,1569.1365999999996,not_in_gurobi_pool,,0110111001101011101,00000000000111000,011011100110101110100000000000111000,128,8192,25,152,true,single,36,1.0e-10,64
VQE_reduced_surrogate,73002,6457,1,0.0001220703125,1550.788318749993,1569.4906999999992,not_in_gurobi_pool,,0100010011101001100,00000000010101000,010001001110100110000000000010101000,128,8192,25,152,true,single,36,1.0e-10,64
VQE_reduced_surrogate,73002,6495,1,0.0001220703125,1562.3153937499965,1570.3306999999995,not_in_gurobi_pool,,0100000111101011101,00100000010000000,010000011110101110100100000010000000,128,8192,25,152,true,single,36,1.0e-10,64
VQE_reduced_surrogate,73002,6496,1,0.0001220703125,1562.3274937499962,1570.3427999999997,not_in_gurobi_pool,,0000101111100111011,01000101000000000,000010111110011101101000101000000000,128,8192,25,152,true,single,36,1.0e-10,64
VQE_reduced_surrogate,73002,6497,1,0.0001220703125,1562.9407937499975,1570.9560999999994,not_in_gurobi_pool,,0111000101111001110,00100000000100110,011100010111100111000100000000100110,128,8192,25,152,true,single,36,1.0e-10,64
VQE_reduced_surrogate,73002,6498,1,0.0001220703125,1563.9537937499974,1571.9690999999993,not_in_gurobi_pool,,0111111001011101101,00000101000110000,011111100101110110100000101000110000,128,8192,25,152,true,single,36,1.0e-10,64
VQE_reduced_surrogate,73002,6555,1,0.0001220703125,1586.4894437500043,1573.1305999999995,not_in_gurobi_pool,,1110101111100110110,00000000000100001,111010111110011011000000000000100001,128,8192,25,152,true,single,36,1.0e-10,64
VQE_reduced_surrogate,73002,6503,1,0.0001220703125,1566.0033937500018,1574.0186999999994,not_in_gurobi_pool,,0100111011101010101,00000001000101000,010011101110101010100000001000101000,128,8192,25,152,true,single,36,1.0e-10,64
VQE_reduced_surrogate,73002,6564,1,0.0001220703125,1588.6124437500098,1575.2535999999996,not_in_gurobi_pool,,0110000011011111111,00100000011100000,011000001101111111100100000011100000,128,8192,25,152,true,single,36,1.0e-10,64
VQE_reduced_surrogate,73002,6592,1,0.0001220703125,1599.3495187500114,1575.3035999999997,not_in_gurobi_pool,,0110111011110110011,00000000000111001,011011101111011001100000000000111001,128,8192,25,152,true,single,36,1.0e-10,64
VQE_reduced_surrogate,73002,6527,1,0.0001220703125,1578.0189687499822,1575.347199999999,not_in_gurobi_pool,,0011100111011111110,00100100010000000,001110011101111111000100100010000000,128,8192,25,152,true,single,36,1.0e-10,64
VQE_reduced_surrogate,73002,6505,1,0.0001220703125,1567.336393750005,1575.3516999999995,not_in_gurobi_pool,,0100111011101010111,00000001000101101,010011101110101011100000001000101101,128,8192,25,152,true,single,36,1.0e-10,64
VQE_reduced_surrogate,73002,6528,1,0.0001220703125,1578.0579687499999,1575.3861999999995,not_in_gurobi_pool,,0101001011110110011,00000001000000001,010100101111011001100000001000000001,128,8192,25,152,true,single,36,1.0e-10,64
VQE_reduced_surrogate,73002,6533,1,0.0001220703125,1578.894868749994,1576.2230999999992,not_in_gurobi_pool,,0111101001110110111,00000000000100001,011110100111011011100000000000100001,128,8192,25,152,true,single,36,1.0e-10,64
VQE_reduced_surrogate,73002,6570,1,0.0001220703125,1590.787043749987,1577.4281999999994,not_in_gurobi_pool,,0011100111110110110,00100000000000001,001110011111011011000100000000000001,128,8192,25,152,true,single,36,1.0e-10,64
VQE_reduced_surrogate,73002,6549,1,0.0001220703125,1583.5635687499919,1580.8917999999994,not_in_gurobi_pool,,0000111011111110101,01000101000001000,000011101111111010101000101000001000,128,8192,25,152,true,single,36,1.0e-10,64
VQE_reduced_surrogate,73002,6518,1,0.0001220703125,1574.0638937499932,1582.079199999999,not_in_gurobi_pool,,0011011111111001110,00000100000101110,001101111111100111000000100000101110,128,8192,25,152,true,single,36,1.0e-10,64
VQE_reduced_surrogate,73002,6552,1,0.0001220703125,1585.0589687499885,1582.3871999999992,not_in_gurobi_pool,,0011001111111110110,00000100000000001,001100111111111011000000100000000001,128,8192,25,152,true,single,36,1.0e-10,64
VQE_reduced_surrogate,73002,6579,1,0.0001220703125,1594.2277687500068,1591.5559999999994,not_in_gurobi_pool,,1100100100000111100,00110001011000000,110010010000011110000110001011000000,128,8192,25,152,true,single,36,1.0e-10,64
VQE_reduced_surrogate,73002,6554,1,0.0001220703125,1586.0956937500005,1594.1109999999994,not_in_gurobi_pool,,1100110010100111000,10000000010101000,110011001010011100010000000010101000,128,8192,25,152,true,single,36,1.0e-10,64
VQE_reduced_surrogate,73002,6520,1,0.0001220703125,1575.5410187499951,1594.2433999999992,not_in_gurobi_pool,,1111100100111111000,10100000000100000,111110010011111100010100000000100000,128,8192,25,152,true,single,36,1.0e-10,64
VQE_reduced_surrogate,73002,6556,1,0.0001220703125,1586.5117937500122,1594.527099999999,not_in_gurobi_pool,,0000100100000111101,01110101011000000,000010010000011110101110101011000000,128,8192,25,152,true,single,36,1.0e-10,64
VQE_reduced_surrogate,73002,6557,1,0.0001220703125,1586.7530937499944,1594.7683999999995,not_in_gurobi_pool,,0111001000101110001,10000000000100000,011100100010111000110000000000100000,128,8192,25,152,true,single,36,1.0e-10,64
VQE_reduced_surrogate,73002,6522,1,0.0001220703125,1576.2056187500036,1594.9079999999994,not_in_gurobi_pool,,1100100100100111100,00100000010000000,110010010010011110000100000010000000,128,8192,25,152,true,single,36,1.0e-10,64
VQE_reduced_surrogate,73002,6584,1,0.0001220703125,1597.883168750008,1595.2113999999995,not_in_gurobi_pool,,0111100100000101110,00110000010100010,011110010000010111000110000010100010,128,8192,25,152,true,single,36,1.0e-10,64
VQE_reduced_surrogate,73002,6585,1,0.0001220703125,1597.926168750004,1595.2543999999996,not_in_gurobi_pool,,0111110010000111011,00000000010110000,011111001000011101100000000010110000,128,8192,25,152,true,single,36,1.0e-10,64
VQE_reduced_surrogate,73002,6558,1,0.0001220703125,1587.285093749999,1595.3003999999992,not_in_gurobi_pool,,0111001000101011000,10000000000100000,011100100010101100010000000000100000,128,8192,25,152,true,single,36,1.0e-10,64
VQE_reduced_surrogate,73002,6588,1,0.0001220703125,1598.5232687500013,1595.851499999999,not_in_gurobi_pool,,1011111010000111001,10000111000100000,101111101000011100110000111000100000,128,8192,25,152,true,single,36,1.0e-10,64
VQE_reduced_surrogate,73002,6563,1,0.0001220703125,1587.9951937499939,1596.0104999999994,not_in_gurobi_pool,,0011111000101111001,10000100000101000,001111100010111100110000100000101000,128,8192,25,152,true,single,36,1.0e-10,64
VQE_reduced_surrogate,73002,6565,1,0.0001220703125,1588.691093749988,1596.7063999999996,not_in_gurobi_pool,,0111000001000011000,10100000010100000,011100000100001100010100000010100000,128,8192,25,152,true,single,36,1.0e-10,64
VQE_reduced_surrogate,73002,6529,1,0.0001220703125,1578.0970187500034,1596.7993999999994,not_in_gurobi_pool,,0111100100100110101,00100000000100000,011110010010011010100100000000100000,128,8192,25,152,true,single,36,1.0e-10,64
VQE_reduced_surrogate,73002,6531,1,0.0001220703125,1578.418518750008,1597.1208999999994,not_in_gurobi_pool,,0110100100110111000,10100000010100000,011010010011011100010100000010100000,128,8192,25,152,true,single,36,1.0e-10,64
VQE_reduced_surrogate,73002,6654,1,0.0001220703125,1621.2904187499912,1597.2444999999993,not_in_gurobi_pool,,0011100110101111001,10100000000000000,001110011010111100110100000000000000,128,8192,25,152,true,single,36,1.0e-10,64
VQE_reduced_surrogate,73002,6532,1,0.0001220703125,1578.5900187500026,1597.2923999999994,not_in_gurobi_pool,,0111000100101100110,00100000000100011,011100010010110011000100000000100011,128,8192,25,152,true,single,36,1.0e-10,64
VQE_reduced_surrogate,73002,6596,1,0.0001220703125,1600.3907687500039,1597.7189999999994,not_in_gurobi_pool,,1100100100010111100,00110001011000000,110010010001011110000110001011000000,128,8192,25,152,true,single,36,1.0e-10,64
VQE_reduced_surrogate,73002,6568,1,0.0001220703125,1589.733693749997,1597.7489999999993,not_in_gurobi_pool,,1100000110000111100,00100001011000000,110000011000011110000100001011000000,128,8192,25,152,true,single,36,1.0e-10,64
VQE_reduced_surrogate,73002,6569,1,0.0001220703125,1589.8090937499956,1597.8243999999993,not_in_gurobi_pool,,0111010100101001110,00000000000111110,011101010010100111000000000000111110,128,8192,25,152,true,single,36,1.0e-10,64
VQE_reduced_surrogate,73002,6571,1,0.0001220703125,1590.7980937500074,1598.8133999999995,not_in_gurobi_pool,,0111000010010110000,10100000010100000,011100001001011000010100000010100000,128,8192,25,152,true,single,36,1.0e-10,64
VQE_reduced_surrogate,73002,6541,1,0.0001220703125,1582.0466187499999,1600.7489999999993,not_in_gurobi_pool,,0100110010000111100,00000001011100000,010011001000011110000000001011100000,128,8192,25,152,true,single,36,1.0e-10,64
VQE_reduced_surrogate,73002,6573,1,0.0001220703125,1592.9160937499976,1600.9313999999995,not_in_gurobi_pool,,0111001100110110001,10000000000100000,011100110011011000110000000000100000,128,8192,25,152,true,single,36,1.0e-10,64
VQE_reduced_surrogate,73002,6635,1,0.0001220703125,1614.3403437500053,1600.9814999999994,not_in_gurobi_pool,,0011001000000111111,00010111000000000,001100100000011111100010111000000000,128,8192,25,152,true,single,36,1.0e-10,64
VQE_reduced_surrogate,73002,6636,1,0.0001220703125,1614.3403437500042,1600.9814999999994,not_in_gurobi_pool,,0011101100000111110,00010111000000000,001110110000011111000010111000000000,128,8192,25,152,true,single,36,1.0e-10,64
VQE_reduced_surrogate,73002,6605,1,0.0001220703125,1603.6891687500024,1601.0173999999995,not_in_gurobi_pool,,1111010010101001111,00000000000111110,111101001010100111100000000000111110,128,8192,25,152,true,single,36,1.0e-10,64
VQE_reduced_surrogate,73002,6606,1,0.0001220703125,1603.6891687500004,1601.0173999999995,not_in_gurobi_pool,,1111010110101001110,00000000000111110,111101011010100111000000000000111110,128,8192,25,152,true,single,36,1.0e-10,64
VQE_reduced_surrogate,73002,6544,1,0.0001220703125,1582.4976187499922,1601.1999999999991,not_in_gurobi_pool,,1100111000100111110,00000001000101000,110011100010011111000000001000101000,128,8192,25,152,true,single,36,1.0e-10,64
VQE_reduced_surrogate,73002,6574,1,0.0001220703125,1593.2576937499975,1601.2729999999992,not_in_gurobi_pool,,1100100001000111100,00100001011000000,110010000100011110000100001011000000,128,8192,25,152,true,single,36,1.0e-10,64
VQE_reduced_surrogate,73002,6575,1,0.0001220703125,1593.2750937499993,1601.2903999999992,not_in_gurobi_pool,,0111000101100101011,00100000000100010,011100010110010101100100000000100010,128,8192,25,152,true,single,36,1.0e-10,64
VQE_reduced_surrogate,73002,6576,1,0.0001220703125,1593.2800937499994,1601.2953999999995,not_in_gurobi_pool,,1111010000110110110,00000000000111001,111101000011011011000000000000111001,128,8192,25,152,true,single,36,1.0e-10,64
VQE_reduced_surrogate,73002,6545,1,0.0001220703125,1582.7041187499913,1601.4064999999998,not_in_gurobi_pool,,1011110101000111100,00000100010100000,101111010100011110000000100010100000,128,8192,25,152,true,single,36,1.0e-10,64
VQE_reduced_surrogate,73002,6578,1,0.0001220703125,1593.9220937499824,1601.9373999999991,not_in_gurobi_pool,,1111010001101000100,00000000000111000,111101000110100010000000000000111000,128,8192,25,152,true,single,36,1.0e-10,64
VQE_reduced_surrogate,73002,6608,1,0.0001220703125,1604.6828687500024,1602.0110999999995,not_in_gurobi_pool,,0000011000110111000,11000101000001000,000001100011011100011000101000001000,128,8192,25,152,true,single,36,1.0e-10,64
VQE_reduced_surrogate,73002,6517,1,0.0001220703125,1573.3185437499938,1602.7079999999994,not_in_gurobi_pool,,1100111110000111100,00000101110100000,110011111000011110000000101110100000,128,8192,25,152,true,single,36,1.0e-10,64
VQE_reduced_surrogate,73002,6550,1,0.0001220703125,1584.691018750005,1603.3933999999995,not_in_gurobi_pool,,0111100100110101100,00100000000100000,011110010011010110000100000000100000,128,8192,25,152,true,single,36,1.0e-10,64
VQE_reduced_surrogate,73002,6642,1,0.0001220703125,1616.766343749991,1603.4074999999991,not_in_gurobi_pool,,0011110110110111001,10000000000101000,001111011011011100110000000000101000,128,8192,25,152,true,single,36,1.0e-10,64
VQE_reduced_surrogate,73002,6664,1,0.0001220703125,1627.4588187499967,1603.4128999999996,not_in_gurobi_pool,,0110011000110111011,00000000000111000,011001100011011101100000000000111000,128,8192,25,152,true,single,36,1.0e-10,64
VQE_reduced_surrogate,73002,6611,1,0.0001220703125,1606.1477687499955,1603.4759999999994,not_in_gurobi_pool,,0100110011000111000,10000001011100000,010011001100011100010000001011100000,128,8192,25,152,true,single,36,1.0e-10,64
VQE_reduced_surrogate,73002,6551,1,0.0001220703125,1584.8672187500006,1603.5695999999991,not_in_gurobi_pool,,0001100111000111001,10100101010000000,000110011100011100110100101010000000,128,8192,25,152,true,single,36,1.0e-10,64
VQE_reduced_surrogate,73002,6613,1,0.0001220703125,1606.4181687499922,1603.746399999999,not_in_gurobi_pool,,0111111001100010000,10000000000111000,011111100110001000010000000000111000,128,8192,25,152,true,single,36,1.0e-10,64
VQE_reduced_surrogate,73002,6580,1,0.0001220703125,1596.0150937499964,1604.0303999999994,not_in_gurobi_pool,,0111000010110011011,00100000000100100,011100001011001101100100000000100100,128,8192,25,152,true,single,36,1.0e-10,64
VQE_reduced_surrogate,73002,6614,1,0.0001220703125,1606.782168750005,1604.1103999999993,not_in_gurobi_pool,,1111010001101010111,00000000000111101,111101000110101011100000000000111101,128,8192,25,152,true,single,36,1.0e-10,64
VQE_reduced_surrogate,73002,6581,1,0.0001220703125,1596.1891937499893,1604.2044999999998,not_in_gurobi_pool,,0011010100111111101,00000000000101000,001101010011111110100000000000101000,128,8192,25,152,true,single,36,1.0e-10,64
VQE_reduced_surrogate,73002,6553,1,0.0001220703125,1585.541718750008,1604.2440999999994,not_in_gurobi_pool,,0000100001000111101,01100101011000000,000010000100011110101100101011000000,128,8192,25,152,true,single,36,1.0e-10,64
VQE_reduced_surrogate,73002,6645,1,0.0001220703125,1617.655343749999,1604.2964999999992,not_in_gurobi_pool,,0011010010100110110,00000000000101001,001101001010011011000000000000101001,128,8192,25,152,true,single,36,1.0e-10,64
VQE_reduced_surrogate,73002,6582,1,0.0001220703125,1596.3181937499946,1604.333499999999,not_in_gurobi_pool,,0011101100100111110,00000100000000000,001110110010011111000000100000000000,128,8192,25,152,true,single,36,1.0e-10,64
VQE_reduced_surrogate,73002,6583,1,0.0001220703125,1596.3181937499926,1604.333499999999,not_in_gurobi_pool,,0011101000101111110,00000100000000000,001110100010111111000000100000000000,128,8192,25,152,true,single,36,1.0e-10,64
VQE_reduced_surrogate,73002,6648,1,0.0001220703125,1618.0753437499968,1604.7164999999993,not_in_gurobi_pool,,0101010010101101110,00000000000101010,010101001010110111000000000000101010,128,8192,25,152,true,single,36,1.0e-10,64
VQE_reduced_surrogate,73002,6519,1,0.0001220703125,1575.3674437499908,1604.7568999999994,not_in_gurobi_pool,,0110000011101100000,10100000010100000,011000001110110000010100000010100000,128,8192,25,152,true,single,36,1.0e-10,64
VQE_reduced_surrogate,73002,6618,1,0.0001220703125,1608.443368750008,1605.7715999999994,not_in_gurobi_pool,,0001101100010111100,00010111100000000,000110110001011110000010111100000000,128,8192,25,152,true,single,36,1.0e-10,64
VQE_reduced_surrogate,73002,6650,1,0.0001220703125,1619.1703437499962,1605.8114999999993,not_in_gurobi_pool,,0011101100011111100,00010111000000000,001110110001111110000010111000000000,128,8192,25,152,true,single,36,1.0e-10,64
VQE_reduced_surrogate,73002,6586,1,0.0001220703125,1597.9726937499897,1605.9879999999991,not_in_gurobi_pool,,0100000011100101000,10100000010000000,010000001110010100010100000010000000,128,8192,25,152,true,single,36,1.0e-10,64
VQE_reduced_surrogate,73002,6620,1,0.0001220703125,1608.7317687499908,1606.0599999999993,not_in_gurobi_pool,,1100101110101111100,00000001000000000,110010111010111110000000001000000000,128,8192,25,152,true,single,36,1.0e-10,64
VQE_reduced_surrogate,73002,6559,1,0.0001220703125,1587.5296187499935,1606.231999999999,not_in_gurobi_pool,,1100101001000111100,00000101110000000,110010100100011110000000101110000000,128,8192,25,152,true,single,36,1.0e-10,64
VQE_reduced_surrogate,73002,6560,1,0.0001220703125,1587.6110187500103,1606.3133999999993,not_in_gurobi_pool,,0111110111101010011,00000000000111101,011111011110101001100000000000111101,128,8192,25,152,true,single,36,1.0e-10,64
VQE_reduced_surrogate,73002,6561,1,0.0001220703125,1587.661018749995,1606.3633999999997,not_in_gurobi_pool,,0111001110000101111,00000101000100010,011100111000010111100000101000100010,128,8192,25,152,true,single,36,1.0e-10,64
VQE_reduced_surrogate,73002,6587,1,0.0001220703125,1598.4490937499957,1606.4643999999996,not_in_gurobi_pool,,0111111110001011110,00000101000110100,011111111000101111000000101000110100,128,8192,25,152,true,single,36,1.0e-10,64
VQE_reduced_surrogate,73002,6589,1,0.0001220703125,1598.8230937500139,1606.8383999999992,not_in_gurobi_pool,,1111111111101100001,10000000000111000,111111111110110000110000000000111000,128,8192,25,152,true,single,36,1.0e-10,64
VQE_reduced_surrogate,73002,6590,1,0.0001220703125,1599.0301937499935,1607.0454999999995,not_in_gurobi_pool,,0011100110011111100,00100100010000000,001110011001111110000100100010000000,128,8192,25,152,true,single,36,1.0e-10,64
VQE_reduced_surrogate,73002,6591,1,0.0001220703125,1599.0355937499946,1607.0508999999997,not_in_gurobi_pool,,0110111000010111111,00010101010110000,011011100001011111100010101010110000,128,8192,25,152,true,single,36,1.0e-10,64
VQE_reduced_surrogate,73002,6594,1,0.0001220703125,1599.539093749995,1607.5543999999993,not_in_gurobi_pool,,0111000001110011011,00100000000100100,011100000111001101100100000000100100,128,8192,25,152,true,single,36,1.0e-10,64
VQE_reduced_surrogate,73002,6530,1,0.0001220703125,1578.1755437500012,1607.5649999999994,not_in_gurobi_pool,,1100011001000111111,00000101110100000,110001100100011111100000101110100000,128,8192,25,152,true,single,36,1.0e-10,64
VQE_reduced_surrogate,73002,6655,1,0.0001220703125,1621.5262437499896,1608.1673999999991,not_in_gurobi_pool,,1111111001101001100,00000000000111000,111111100110100110000000000000111000,128,8192,25,152,true,single,36,1.0e-10,64
VQE_reduced_surrogate,73002,6567,1,0.0001220703125,1589.5700187500083,1608.2723999999992,not_in_gurobi_pool,,1111101011101010011,00000000000100101,111110101110101001100000000000100101,128,8192,25,152,true,single,36,1.0e-10,64
VQE_reduced_surrogate,73002,6626,1,0.0001220703125,1611.0252687499942,1608.353499999999,not_in_gurobi_pool,,0011011110101101101,00000100000101000,001101111010110110100000100000101000,128,8192,25,152,true,single,36,1.0e-10,64
VQE_reduced_surrogate,73002,6670,1,0.0001220703125,1632.8428187499944,1608.7968999999994,not_in_gurobi_pool,,1110101001110111000,10000000000100000,111010100111011100010000000000100000,128,8192,25,152,true,single,36,1.0e-10,64
VQE_reduced_surrogate,73002,6597,1,0.0001220703125,1601.1481937499927,1609.1634999999994,not_in_gurobi_pool,,0011101000111111100,00000100000000000,001110100011111110000000100000000000,128,8192,25,152,true,single,36,1.0e-10,64
VQE_reduced_surrogate,73002,6599,1,0.0001220703125,1601.531693749997,1609.5469999999996,not_in_gurobi_pool,,1100100111100110100,00100000010000000,110010011110011010000100000010000000,128,8192,25,152,true,single,36,1.0e-10,64
VQE_reduced_surrogate,73002,6628,1,0.0001220703125,1612.4001687499845,1609.7283999999997,not_in_gurobi_pool,,0111101010111111011,00000000000100000,011110101011111101100000000000100000,128,8192,25,152,true,single,36,1.0e-10,64
VQE_reduced_surrogate,73002,6600,1,0.0001220703125,1601.8720937500034,1609.8873999999998,not_in_gurobi_pool,,0111111001000101111,00000101000110010,011111100100010111100000101000110010,128,8192,25,152,true,single,36,1.0e-10,64
VQE_reduced_surrogate,73002,6629,1,0.0001220703125,1612.7962687499905,1610.1244999999992,not_in_gurobi_pool,,1011110111111111001,10000000000101000,101111011111111100110000000000101000,128,8192,25,152,true,single,36,1.0e-10,64
VQE_reduced_surrogate,73002,6630,1,0.0001220703125,1612.9068687499896,1610.2350999999992,not_in_gurobi_pool,,0000100110110111101,01100000010000000,000010011011011110101100000010000000,128,8192,25,152,true,single,36,1.0e-10,64
VQE_reduced_surrogate,73002,6572,1,0.0001220703125,1591.5616187499909,1610.2639999999994,not_in_gurobi_pool,,0100110110110111100,00000000010101000,010011011011011110000000000010101000,128,8192,25,152,true,single,36,1.0e-10,64
VQE_reduced_surrogate,73002,6601,1,0.0001220703125,1602.3487937499933,1610.364099999999,not_in_gurobi_pool,,0000101010100111111,01000101000000000,000010101010011111101000101000000000,128,8192,25,152,true,single,36,1.0e-10,64
VQE_reduced_surrogate,73002,6631,1,0.0001220703125,1613.5887687499974,1610.9169999999992,not_in_gurobi_pool,,1100001001100111111,00000001000000000,110000100110011111100000001000000000,128,8192,25,152,true,single,36,1.0e-10,64
VQE_reduced_surrogate,73002,6602,1,0.0001220703125,1603.0760937500065,1611.0913999999998,not_in_gurobi_pool,,0111000101011101110,00100000010100010,011100010101110111000100000010100010,128,8192,25,152,true,single,36,1.0e-10,64
VQE_reduced_surrogate,73002,6632,1,0.0001220703125,1613.7992687499914,1611.1274999999994,not_in_gurobi_pool,,0101011001101001100,00000001000101000,010101100110100110000000001000101000,128,8192,25,152,true,single,36,1.0e-10,64
VQE_reduced_surrogate,73002,6662,1,0.0001220703125,1624.539243749998,1611.1803999999993,not_in_gurobi_pool,,0111111101110011000,10000000000111000,011111110111001100010000000000111000,128,8192,25,152,true,single,36,1.0e-10,64
VQE_reduced_surrogate,73002,6603,1,0.0001220703125,1603.1661937499987,1611.1814999999992,not_in_gurobi_pool,,0011111111101011001,10000100000101000,001111111110101100110000100000101000,128,8192,25,152,true,single,36,1.0e-10,64
VQE_reduced_surrogate,73002,6604,1,0.0001220703125,1603.177093750005,1611.1923999999995,not_in_gurobi_pool,,0111000001011011110,00100000010100100,011100000101101111000100000010100100,128,8192,25,152,true,single,36,1.0e-10,64
VQE_reduced_surrogate,73002,6633,1,0.0001220703125,1614.2062687499981,1611.5344999999995,not_in_gurobi_pool,,1101110111100011110,00000000000101100,110111011110001111000000000000101100,128,8192,25,152,true,single,36,1.0e-10,64
VQE_reduced_surrogate,73002,6634,1,0.0001220703125,1614.2398687499995,1611.5680999999993,not_in_gurobi_pool,,0000100010110111110,01100000010000000,000010001011011111001100000010000000,128,8192,25,152,true,single,36,1.0e-10,64
VQE_reduced_surrogate,73002,6637,1,0.0001220703125,1614.5277687499963,1611.855999999999,not_in_gurobi_pool,,0010011001101011100,00000100000101000,001001100110101110000000100000101000,128,8192,25,152,true,single,36,1.0e-10,64
VQE_reduced_surrogate,73002,6663,1,0.0001220703125,1625.3003437499933,1611.9414999999992,not_in_gurobi_pool,,0011100011101010101,00100000000000000,001110001110101010100100000000000000,128,8192,25,152,true,single,36,1.0e-10,64
VQE_reduced_surrogate,73002,6638,1,0.0001220703125,1614.6762687499859,1612.0044999999993,not_in_gurobi_pool,,0011101110010111101,00000111000000000,001110111001011110100000111000000000,128,8192,25,152,true,single,36,1.0e-10,64
VQE_reduced_surrogate,73002,6639,1,0.0001220703125,1614.8947687499895,1612.2229999999993,not_in_gurobi_pool,,1100101010110111101,00000001000000000,110010101011011110100000001000000000,128,8192,25,152,true,single,36,1.0e-10,64
VQE_reduced_surrogate,73002,6546,1,0.0001220703125,1582.927143749982,1612.3165999999997,not_in_gurobi_pool,,1001101010111111100,00000101000000000,100110101011111110000000101000000000,128,8192,25,152,true,single,36,1.0e-10,64
VQE_reduced_surrogate,73002,6547,1,0.0001220703125,1582.9271437499892,1612.3165999999997,not_in_gurobi_pool,,1001001010111111101,00000101000000000,100100101011111110100000101000000000,128,8192,25,152,true,single,36,1.0e-10,64
VQE_reduced_surrogate,73002,6577,1,0.0001220703125,1593.7740187500085,1612.4763999999993,not_in_gurobi_pool,,0111110011111010011,00000000000111101,011111001111101001100000000000111101,128,8192,25,152,true,single,36,1.0e-10,64
VQE_reduced_surrogate,73002,6717,1,0.0001220703125,1647.4188937499973,1612.6858999999995,not_in_gurobi_pool,,0110111001100110110,00000000000111001,011011100110011011000000000000111001,128,8192,25,152,true,single,36,1.0e-10,64
VQE_reduced_surrogate,73002,6609,1,0.0001220703125,1605.812593749999,1613.8278999999993,not_in_gurobi_pool,,0110110101111111101,00000000010111000,011011010111111110100000000010111000,128,8192,25,152,true,single,36,1.0e-10,64
VQE_reduced_surrogate,73002,6610,1,0.0001220703125,1605.9930937500017,1614.0083999999995,not_in_gurobi_pool,,0111001111001001101,00000101000100000,011100111100100110100000101000100000,128,8192,25,152,true,single,36,1.0e-10,64
VQE_reduced_surrogate,73002,6612,1,0.0001220703125,1606.2956937499944,1614.3109999999995,not_in_gurobi_pool,,0100000111100101110,00100000010000010,010000011110010111000100000010000010,128,8192,25,152,true,single,36,1.0e-10,64
VQE_reduced_surrogate,73002,6643,1,0.0001220703125,1617.2892687499962,1614.6174999999992,not_in_gurobi_pool,,0011011010111011101,00000100000101000,001101101011101110100000100000101000,128,8192,25,152,true,single,36,1.0e-10,64
VQE_reduced_surrogate,73002,6615,1,0.0001220703125,1607.1787937499953,1615.1940999999995,not_in_gurobi_pool,,0000101010111111100,01000101000000000,000010101011111110001000101000000000,128,8192,25,152,true,single,36,1.0e-10,64
VQE_reduced_surrogate,73002,6616,1,0.0001220703125,1607.2071937500139,1615.2224999999992,not_in_gurobi_pool,,1101111011100010111,00000001000101101,110111101110001011100000001000101101,128,8192,25,152,true,single,36,1.0e-10,64
VQE_reduced_surrogate,73002,6617,1,0.0001220703125,1607.3260937500004,1615.3413999999996,not_in_gurobi_pool,,0111001111001001111,00000101000100110,011100111100100111100000101000100110,128,8192,25,152,true,single,36,1.0e-10,64
VQE_reduced_surrogate,73002,6647,1,0.0001220703125,1618.0131687499986,1615.3413999999998,not_in_gurobi_pool,,0111111111001001110,00000101000110110,011111111100100111000000101000110110,128,8192,25,152,true,single,36,1.0e-10,64
VQE_reduced_surrogate,73002,6692,1,0.0001220703125,1639.6664187500037,1615.620499999999,not_in_gurobi_pool,,0011001011000110110,00000111000000001,001100101100011011000000111000000001,128,8192,25,152,true,single,36,1.0e-10,64
VQE_reduced_surrogate,73002,6667,1,0.0001220703125,1629.4103437499955,1616.0514999999994,not_in_gurobi_pool,,0011111011000101110,00000111000100010,001111101100010111000000111000100010,128,8192,25,152,true,single,36,1.0e-10,64
VQE_reduced_surrogate,73002,6619,1,0.0001220703125,1608.5406937499818,1616.5559999999994,not_in_gurobi_pool,,0100111010110111111,00000001000101000,010011101011011111100000001000101000,128,8192,25,152,true,single,36,1.0e-10,64
VQE_reduced_surrogate,73002,6621,1,0.0001220703125,1608.7471937499854,1616.7624999999996,not_in_gurobi_pool,,0011110111011111100,00000100010100000,001111011101111110000000100010100000,128,8192,25,152,true,single,36,1.0e-10,64
VQE_reduced_surrogate,73002,6651,1,0.0001220703125,1619.4712687500046,1616.7994999999994,not_in_gurobi_pool,,0011101011100100100,00000100000000000,001110101110010010000000100000000000,128,8192,25,152,true,single,36,1.0e-10,64
VQE_reduced_surrogate,73002,6562,1,0.0001220703125,1587.9039437499966,1617.293399999999,not_in_gurobi_pool,,0111000111110000101,00100000000100000,011100011111000010100100000000100000,128,8192,25,152,true,single,36,1.0e-10,64
VQE_reduced_surrogate,73002,6624,1,0.0001220703125,1610.1590937499998,1618.1743999999994,not_in_gurobi_pool,,0111101111110110011,00000000000100001,011110111111011001100000000000100001,128,8192,25,152,true,single,36,1.0e-10,64
VQE_reduced_surrogate,73002,6593,1,0.0001220703125,1599.4912187500015,1618.1935999999994,not_in_gurobi_pool,,0001111011101010111,00000101000001101,000111101110101011100000101000001101,128,8192,25,152,true,single,36,1.0e-10,64
VQE_reduced_surrogate,73002,6625,1,0.0001220703125,1610.549093749996,1618.564399999999,not_in_gurobi_pool,,0111110111110001100,00000000000111000,011111011111000110000000000000111000,128,8192,25,152,true,single,36,1.0e-10,64
VQE_reduced_surrogate,73002,6598,1,0.0001220703125,1601.380518749999,1620.0828999999994,not_in_gurobi_pool,,0110100111110110110,00100000010100001,011010011111011011000100000010100001,128,8192,25,152,true,single,36,1.0e-10,64
VQE_reduced_surrogate,73002,6665,1,0.0001220703125,1627.4992687499996,1624.8274999999992,not_in_gurobi_pool,,0011001011111001110,00000100000000110,001100101111100111000000100000000110,128,8192,25,152,true,single,36,1.0e-10,64
VQE_reduced_surrogate,73002,6649,1,0.0001220703125,1618.268693749973,1626.283999999999,not_in_gurobi_pool,,0010101111111111110,00000100000000000,001010111111111111000000100000000000,128,8192,25,152,true,single,36,1.0e-10,64
VQE_reduced_surrogate,73002,6683,1,0.0001220703125,1636.4715687499952,1633.799799999999,not_in_gurobi_pool,,0011010100100111001,10000000000101000,001101010010011100110000000000101000,128,8192,25,152,true,single,36,1.0e-10,64
VQE_reduced_surrogate,73002,6716,1,0.0001220703125,1647.1586437499998,1633.7997999999993,not_in_gurobi_pool,,0011000100100111001,10100000000000000,001100010010011100110100000000000000,128,8192,25,152,true,single,36,1.0e-10,64
VQE_reduced_surrogate,73002,6666,1,0.0001220703125,1627.73249375,1635.7477999999992,not_in_gurobi_pool,,1101111000100111001,10000001000101000,110111100010011100110000001000101000,128,8192,25,152,true,single,36,1.0e-10,64
VQE_reduced_surrogate,73002,6691,1,0.0001220703125,1638.4224687500082,1635.7506999999991,not_in_gurobi_pool,,1111010110100110001,10000000000111000,111101011010011000110000000000111000,128,8192,25,152,true,single,36,1.0e-10,64
VQE_reduced_surrogate,73002,6646,1,0.0001220703125,1617.8453187499997,1636.5476999999992,not_in_gurobi_pool,,1111000000100110100,00100000000100000,111100000010011010000100000000100000,128,8192,25,152,true,single,36,1.0e-10,64
VQE_reduced_surrogate,73002,6749,1,0.0001220703125,1662.7111187499995,1638.6651999999995,not_in_gurobi_pool,,0110011100101111001,10000000000111000,011001110010111100110000000000111000,128,8192,25,152,true,single,36,1.0e-10,64
VQE_reduced_surrogate,73002,6697,1,0.0001220703125,1641.419568749997,1638.7477999999992,not_in_gurobi_pool,,0101001100100111001,10000001000000000,010100110010011100110000001000000000,128,8192,25,152,true,single,36,1.0e-10,64
VQE_reduced_surrogate,73002,6653,1,0.0001220703125,1620.4493187500025,1639.1516999999992,not_in_gurobi_pool,,0111000000110101001,10100000000100000,011100000011010100110100000000100000,128,8192,25,152,true,single,36,1.0e-10,64
VQE_reduced_surrogate,73002,6700,1,0.0001220703125,1642.6235687499986,1639.9517999999991,not_in_gurobi_pool,,0101010100110111001,10000000000101000,010101010011011100110000000000101000,128,8192,25,152,true,single,36,1.0e-10,64
VQE_reduced_surrogate,73002,6733,1,0.0001220703125,1653.310643749999,1639.9517999999994,not_in_gurobi_pool,,0101000000110111001,10100000000000000,010100000011011100110100000000000000,128,8192,25,152,true,single,36,1.0e-10,64
VQE_reduced_surrogate,73002,6735,1,0.0001220703125,1653.3216437500091,1639.9627999999993,not_in_gurobi_pool,,0011000100110111000,10100000000000000,001100010011011100010100000000000000,128,8192,25,152,true,single,36,1.0e-10,64
VQE_reduced_surrogate,73002,6702,1,0.0001220703125,1642.825568749997,1640.1537999999991,not_in_gurobi_pool,,0101000101000111000,10100001010000000,010100010100011100010100001010000000,128,8192,25,152,true,single,36,1.0e-10,64
VQE_reduced_surrogate,73002,6704,1,0.0001220703125,1643.087468750003,1640.4156999999993,not_in_gurobi_pool,,0111011100001010100,00010101000110000,011101110000101010000010101000110000,128,8192,25,152,true,single,36,1.0e-10,64
VQE_reduced_surrogate,73002,6669,1,0.0001220703125,1632.6208937500069,1640.6361999999995,not_in_gurobi_pool,,1110011000001111111,00010101010110000,111001100000111111100010101010110000,128,8192,25,152,true,single,36,1.0e-10,64
VQE_reduced_surrogate,73002,6657,1,0.0001220703125,1621.9649187500133,1640.6672999999992,not_in_gurobi_pool,,0010000100100111100,00100000010000000,001000010010011110000100000010000000,128,8192,25,152,true,single,36,1.0e-10,64
VQE_reduced_surrogate,73002,6753,1,0.0001220703125,1665.3607187499977,1641.3147999999994,not_in_gurobi_pool,,0101000010100111010,00100000000000000,010100001010011101000100000000000000,128,8192,25,152,true,single,36,1.0e-10,64
VQE_reduced_surrogate,73002,6659,1,0.0001220703125,1622.7103187499938,1641.4126999999992,not_in_gurobi_pool,,0111000100101011111,00100000000100100,011100010010101111100100000000100100,128,8192,25,152,true,single,36,1.0e-10,64
VQE_reduced_surrogate,73002,6738,1,0.0001220703125,1654.9176437499968,1641.5587999999993,not_in_gurobi_pool,,0101011100011111000,10010101100100000,010101110001111100010010101100100000,128,8192,25,152,true,single,36,1.0e-10,64
VQE_reduced_surrogate,73002,6709,1,0.0001220703125,1644.358468750007,1641.6866999999995,not_in_gurobi_pool,,0111111100000011100,00010101000110000,011111110000001110000010101000110000,128,8192,25,152,true,single,36,1.0e-10,64
VQE_reduced_surrogate,73002,6673,1,0.0001220703125,1633.7729937499912,1641.7882999999993,not_in_gurobi_pool,,1100011000110111000,10000001000101000,110001100011011100010000001000101000,128,8192,25,152,true,single,36,1.0e-10,64
VQE_reduced_surrogate,73002,6674,1,0.0001220703125,1633.772993749994,1641.7882999999993,not_in_gurobi_pool,,1100011000110111001,10000001000101000,110001100011011100110000001000101000,128,8192,25,152,true,single,36,1.0e-10,64
VQE_reduced_surrogate,73002,6660,1,0.0001220703125,1623.3268187499984,1642.0291999999995,not_in_gurobi_pool,,0110110100100111110,00000000010111000,011011010010011111000000000010111000,128,8192,25,152,true,single,36,1.0e-10,64
VQE_reduced_surrogate,73002,6675,1,0.0001220703125,1634.373393750012,1642.3886999999993,not_in_gurobi_pool,,0111100110000110100,00100000010100000,011110011000011010000100000010100000,128,8192,25,152,true,single,36,1.0e-10,64
VQE_reduced_surrogate,73002,6713,1,0.0001220703125,1645.4755687500092,1642.8037999999992,not_in_gurobi_pool,,0011000110010111000,10100100010000000,001100011001011100010100100010000000,128,8192,25,152,true,single,36,1.0e-10,64
VQE_reduced_surrogate,73002,6714,1,0.0001220703125,1645.4755687500058,1642.8037999999992,not_in_gurobi_pool,,0011000010010111001,10100100010000000,001100001001011100110100100010000000,128,8192,25,152,true,single,36,1.0e-10,64
VQE_reduced_surrogate,73002,6739,1,0.0001220703125,1656.5036437500019,1643.1447999999993,not_in_gurobi_pool,,1101110010110111000,10000000000101000,110111001011011100010000000000101000,128,8192,25,152,true,single,36,1.0e-10,64
VQE_reduced_surrogate,73002,6680,1,0.0001220703125,1635.3679937499896,1643.383299999999,not_in_gurobi_pool,,0100110001100111000,10000000010101000,010011000110011100010000000010101000,128,8192,25,152,true,single,36,1.0e-10,64
VQE_reduced_surrogate,73002,6681,1,0.0001220703125,1636.0583937500007,1644.0736999999992,not_in_gurobi_pool,,1111100110100110110,00100000000100001,111110011010011011000100000000100001,128,8192,25,152,true,single,36,1.0e-10,64
VQE_reduced_surrogate,73002,6682,1,0.0001220703125,1636.1463937500007,1644.1616999999994,not_in_gurobi_pool,,0111010110101000100,00000000000111000,011101011010100010000000000000111000,128,8192,25,152,true,single,36,1.0e-10,64
VQE_reduced_surrogate,73002,6742,1,0.0001220703125,1658.124543749994,1644.7656999999995,not_in_gurobi_pool,,1111111001101011000,10000000000111000,111111100110101100010000000000111000,128,8192,25,152,true,single,36,1.0e-10,64
VQE_reduced_surrogate,73002,6763,1,0.0001220703125,1668.9041187500047,1644.8581999999997,not_in_gurobi_pool,,0110101110100111000,10000000000100000,011010111010011100010000000000100000,128,8192,25,152,true,single,36,1.0e-10,64
VQE_reduced_surrogate,73002,6684,1,0.0001220703125,1637.1669937499946,1645.182299999999,not_in_gurobi_pool,,1100100110100111110,00100000010000000,110010011010011111000100000010000000,128,8192,25,152,true,single,36,1.0e-10,64
VQE_reduced_surrogate,73002,6719,1,0.0001220703125,1648.1916687500027,1645.519899999999,not_in_gurobi_pool,,1001001100010111100,00010111100000000,100100110001011110000010111100000000,128,8192,25,152,true,single,36,1.0e-10,64
VQE_reduced_surrogate,73002,6685,1,0.0001220703125,1637.5163937499992,1645.5316999999993,not_in_gurobi_pool,,0111001000101001110,00000000000100110,011100100010100111000000000000100110,128,8192,25,152,true,single,36,1.0e-10,64
VQE_reduced_surrogate,73002,6720,1,0.0001220703125,1648.246468749996,1645.5746999999992,not_in_gurobi_pool,,0111001010101011011,00000000000100100,011100101010101101100000000000100100,128,8192,25,152,true,single,36,1.0e-10,64
VQE_reduced_surrogate,73002,6687,1,0.0001220703125,1638.0069937499973,1646.0222999999992,not_in_gurobi_pool,,0100010010110111001,10000000010101000,010001001011011100110000000010101000,128,8192,25,152,true,single,36,1.0e-10,64
VQE_reduced_surrogate,73002,6688,1,0.0001220703125,1638.00699375,1646.0222999999992,not_in_gurobi_pool,,0100010010110111000,10000000010101000,010001001011011100010000000010101000,128,8192,25,152,true,single,36,1.0e-10,64
VQE_reduced_surrogate,73002,6722,1,0.0001220703125,1648.9424687499938,1646.2706999999996,not_in_gurobi_pool,,0111111100100101110,00000000000111010,011111110010010111000000000000111010,128,8192,25,152,true,single,36,1.0e-10,64
VQE_reduced_surrogate,73002,6690,1,0.0001220703125,1638.3193937499932,1646.3346999999994,not_in_gurobi_pool,,0111000110101010111,00100000000100101,011100011010101011100100000000100101,128,8192,25,152,true,single,36,1.0e-10,64
VQE_reduced_surrogate,73002,6644,1,0.0001220703125,1617.4408437500038,1646.8302999999994,not_in_gurobi_pool,,0010010000110111100,00000000010101000,001001000011011110000000000010101000,128,8192,25,152,true,single,36,1.0e-10,64
VQE_reduced_surrogate,73002,6723,1,0.0001220703125,1649.6229687500033,1646.9511999999993,not_in_gurobi_pool,,0110010010101110110,00000000010111001,011001001010111011000000000010111001,128,8192,25,152,true,single,36,1.0e-10,64
VQE_reduced_surrogate,73002,6747,1,0.0001220703125,1660.8476437500005,1647.4887999999992,not_in_gurobi_pool,,0011010010110111010,00000000000101000,001101001011011101000000000000101000,128,8192,25,152,true,single,36,1.0e-10,64
VQE_reduced_surrogate,73002,6725,1,0.0001220703125,1650.296568749997,1647.6247999999991,not_in_gurobi_pool,,0101011001101101001,10000001000101000,010101100110110100110000001000101000,128,8192,25,152,true,single,36,1.0e-10,64
VQE_reduced_surrogate,73002,6727,1,0.0001220703125,1650.3975687499885,1647.7257999999993,not_in_gurobi_pool,,0101011001101011000,10000001000101000,010101100110101100010000001000101000,128,8192,25,152,true,single,36,1.0e-10,64
VQE_reduced_surrogate,73002,6693,1,0.0001220703125,1639.8343937500008,1647.8496999999993,not_in_gurobi_pool,,0111001100011011101,00010101000100000,011100110001101110100010101000100000,128,8192,25,152,true,single,36,1.0e-10,64
VQE_reduced_surrogate,73002,6694,1,0.0001220703125,1639.8643937500026,1647.8796999999995,not_in_gurobi_pool,,0111111110001011100,00000101000110000,011111111000101110000000101000110000,128,8192,25,152,true,single,36,1.0e-10,64
VQE_reduced_surrogate,73002,6695,1,0.0001220703125,1640.1403937500017,1648.1556999999996,not_in_gurobi_pool,,1111110010010111111,00000000010110000,111111001001011111100000000010110000,128,8192,25,152,true,single,36,1.0e-10,64
VQE_reduced_surrogate,73002,6728,1,0.0001220703125,1650.9034687500007,1648.2316999999991,not_in_gurobi_pool,,1111101010101011101,00000000000100000,111110101010101110100000000000100000,128,8192,25,152,true,single,36,1.0e-10,64
VQE_reduced_surrogate,73002,6729,1,0.0001220703125,1650.9851687499997,1648.313399999999,not_in_gurobi_pool,,0000101001100111001,11000101000000000,000010100110011100111000101000000000,128,8192,25,152,true,single,36,1.0e-10,64
VQE_reduced_surrogate,73002,6696,1,0.0001220703125,1640.8964937499932,1648.9117999999996,not_in_gurobi_pool,,1011001100110111101,00000100000000000,101100110011011110100000100000000000,128,8192,25,152,true,single,36,1.0e-10,64
VQE_reduced_surrogate,73002,6652,1,0.0001220703125,1620.4108437499945,1649.8002999999992,not_in_gurobi_pool,,0010011110000111110,00000111010100000,001001111000011111000000111010100000,128,8192,25,152,true,single,36,1.0e-10,64
VQE_reduced_surrogate,73002,6750,1,0.0001220703125,1663.2185437500038,1649.8596999999993,not_in_gurobi_pool,,0111111010100100101,00000000000111000,011111101010010010100000000000111000,128,8192,25,152,true,single,36,1.0e-10,64
VQE_reduced_surrogate,73002,6668,1,0.0001220703125,1631.3099187499947,1650.0122999999996,not_in_gurobi_pool,,1100010110110111100,00000000010101000,110001011011011110000000000010101000,128,8192,25,152,true,single,36,1.0e-10,64
VQE_reduced_surrogate,73002,6732,1,0.0001220703125,1652.760468749999,1650.0886999999993,not_in_gurobi_pool,,1111011001110001001,10000000000111000,111101100111000100110000000000111000,128,8192,25,152,true,single,36,1.0e-10,64
VQE_reduced_surrogate,73002,6698,1,0.0001220703125,1642.1259937500015,1650.141299999999,not_in_gurobi_pool,,1100011110100111111,00000001000101000,110001111010011111100000001000101000,128,8192,25,152,true,single,36,1.0e-10,64
VQE_reduced_surrogate,73002,6699,1,0.0001220703125,1642.5483937500003,1650.5636999999992,not_in_gurobi_pool,,0111011101001001100,00000101000110000,011101110100100110000000101000110000,128,8192,25,152,true,single,36,1.0e-10,64
VQE_reduced_surrogate,73002,6736,1,0.0001220703125,1653.6530687499967,1650.9812999999995,not_in_gurobi_pool,,0100011110110111000,10000001000101000,010001111011011100010000001000101000,128,8192,25,152,true,single,36,1.0e-10,64
VQE_reduced_surrogate,73002,6703,1,0.0001220703125,1643.0853937499985,1651.1006999999993,not_in_gurobi_pool,,0111001100110101101,00000000000100000,011100110011010110100000000000100000,128,8192,25,152,true,single,36,1.0e-10,64
VQE_reduced_surrogate,73002,6705,1,0.0001220703125,1643.3493937500027,1651.3646999999996,not_in_gurobi_pool,,0111011001000100111,00000101000110011,011101100100010011100000101000110011,128,8192,25,152,true,single,36,1.0e-10,64
VQE_reduced_surrogate,73002,6737,1,0.0001220703125,1654.2674687500064,1651.5956999999996,not_in_gurobi_pool,,0111010010110001100,00000000000111000,011101001011000110000000000000111000,128,8192,25,152,true,single,36,1.0e-10,64
VQE_reduced_surrogate,73002,6671,1,0.0001220703125,1632.9568187500047,1651.6591999999998,not_in_gurobi_pool,,1110011110011111101,00000101010110000,111001111001111110100000101010110000,128,8192,25,152,true,single,36,1.0e-10,64
VQE_reduced_surrogate,73002,6672,1,0.0001220703125,1633.0759187499862,1651.7782999999993,not_in_gurobi_pool,,0100111000110111101,00000001000101000,010011100011011110100000001000101000,128,8192,25,152,true,single,36,1.0e-10,64
VQE_reduced_surrogate,73002,6706,1,0.0001220703125,1644.0603937500093,1652.0756999999992,not_in_gurobi_pool,,0111000101011110100,00100000010100000,011100010101111010000100000010100000,128,8192,25,152,true,single,36,1.0e-10,64
VQE_reduced_surrogate,73002,6710,1,0.0001220703125,1644.4203937499933,1652.435699999999,not_in_gurobi_pool,,0111100110111011100,00100000000100000,011110011011101110000100000000100000,128,8192,25,152,true,single,36,1.0e-10,64
VQE_reduced_surrogate,73002,6755,1,0.0001220703125,1665.8230437500004,1652.4641999999994,not_in_gurobi_pool,,0110111011101100000,10000000000111000,011011101110110000010000000000111000,128,8192,25,152,true,single,36,1.0e-10,64
VQE_reduced_surrogate,73002,6756,1,0.0001220703125,1665.924043750004,1652.565199999999,not_in_gurobi_pool,,0110111011101010000,10000000000111000,011011101110101000010000000000111000,128,8192,25,152,true,single,36,1.0e-10,64
VQE_reduced_surrogate,73002,6758,1,0.0001220703125,1666.346543749994,1652.9876999999992,not_in_gurobi_pool,,1111111101100101110,00000000000111010,111111110110010111000000000000111010,128,8192,25,152,true,single,36,1.0e-10,64
VQE_reduced_surrogate,73002,6712,1,0.0001220703125,1645.0634937499944,1653.0787999999993,not_in_gurobi_pool,,0101001011100001001,10000001000000000,010100101110000100110000001000000000,128,8192,25,152,true,single,36,1.0e-10,64
VQE_reduced_surrogate,73002,6661,1,0.0001220703125,1623.8454437499906,1653.234899999999,not_in_gurobi_pool,,0001101010100111111,00000101000000000,000110101010011111100000101000000000,128,8192,25,152,true,single,36,1.0e-10,64
VQE_reduced_surrogate,73002,6676,1,0.0001220703125,1634.6154187499953,1653.3177999999996,not_in_gurobi_pool,,0011110101010111100,00000100010100000,001111010101011110000000100010100000,128,8192,25,152,true,single,36,1.0e-10,64
VQE_reduced_surrogate,73002,6678,1,0.0001220703125,1634.833918749993,1653.536299999999,not_in_gurobi_pool,,1100110001110111101,00000000010101000,110011000111011110100000000010101000,128,8192,25,152,true,single,36,1.0e-10,64
VQE_reduced_surrogate,73002,6715,1,0.0001220703125,1645.5209937499928,1653.5362999999993,not_in_gurobi_pool,,1100000101110111100,00100000010000000,110000010111011110000100000010000000,128,8192,25,152,true,single,36,1.0e-10,64
VQE_reduced_surrogate,73002,6679,1,0.0001220703125,1634.8339187499898,1653.5362999999995,not_in_gurobi_pool,,1100010001111111100,00000000010101000,110001000111111110000000000010101000,128,8192,25,152,true,single,36,1.0e-10,64
VQE_reduced_surrogate,73002,6740,1,0.0001220703125,1657.1395687499885,1654.4677999999994,not_in_gurobi_pool,,0101010110110111111,00000000000101000,010101011011011111100000000000101000,128,8192,25,152,true,single,36,1.0e-10,64
VQE_reduced_surrogate,73002,6762,1,0.0001220703125,1668.3695437500114,1655.0106999999991,not_in_gurobi_pool,,1111011111110000001,10001000000111000,111101111111000000110001000000111000,128,8192,25,152,true,single,36,1.0e-10,64
VQE_reduced_surrogate,73002,6741,1,0.0001220703125,1657.7045687499997,1655.0327999999993,not_in_gurobi_pool,,0011110011110101000,10000000000101000,001111001111010100010000000000101000,128,8192,25,152,true,single,36,1.0e-10,64
VQE_reduced_surrogate,73002,6781,1,0.0001220703125,1679.2151187500103,1655.1691999999994,not_in_gurobi_pool,,0110111011101011011,00000000000111100,011011101110101101100000000000111100,128,8192,25,152,true,single,36,1.0e-10,64
VQE_reduced_surrogate,73002,6718,1,0.0001220703125,1647.8229937500032,1655.8382999999994,not_in_gurobi_pool,,0010000111101011100,00100000010000000,001000011110101110000100000010000000,128,8192,25,152,true,single,36,1.0e-10,64
VQE_reduced_surrogate,73002,6743,1,0.0001220703125,1658.5111687499998,1655.8393999999994,not_in_gurobi_pool,,0000111111100111011,01000101000001000,000011111110011101101000101000001000,128,8192,25,152,true,single,36,1.0e-10,64
VQE_reduced_surrogate,73002,6721,1,0.0001220703125,1648.3793937500059,1656.3946999999994,not_in_gurobi_pool,,0111110111110101011,00000000000111010,011111011111010101100000000000111010,128,8192,25,152,true,single,36,1.0e-10,64
VQE_reduced_surrogate,73002,6686,1,0.0001220703125,1637.8039187499955,1656.5062999999993,not_in_gurobi_pool,,1100111111000111110,00000101110100000,110011111100011111000000101110100000,128,8192,25,152,true,single,36,1.0e-10,64
VQE_reduced_surrogate,73002,6785,1,0.0001220703125,1680.6011187500144,1656.555199999999,not_in_gurobi_pool,,1110011111101010100,00000000000111000,111001111110101010000000000000111000,128,8192,25,152,true,single,36,1.0e-10,64
VQE_reduced_surrogate,73002,6744,1,0.0001220703125,1659.8376687499956,1657.1658999999993,not_in_gurobi_pool,,0001100011110111011,00100000000000000,000110001111011101100100000000000000,128,8192,25,152,true,single,36,1.0e-10,64
VQE_reduced_surrogate,73002,6764,1,0.0001220703125,1670.7535437499926,1657.3946999999991,not_in_gurobi_pool,,0111111110110011101,00000000000111000,011111111011001110100000000000111000,128,8192,25,152,true,single,36,1.0e-10,64
VQE_reduced_surrogate,73002,6745,1,0.0001220703125,1660.643068749987,1657.9712999999995,not_in_gurobi_pool,,0100101010110111101,00000001000000000,010010101011011110100000001000000000,128,8192,25,152,true,single,36,1.0e-10,64
VQE_reduced_surrogate,73002,6746,1,0.0001220703125,1660.6745687499777,1658.0027999999993,not_in_gurobi_pool,,0011110001111111110,00000000000101000,001111000111111111000000000000101000,128,8192,25,152,true,single,36,1.0e-10,64
VQE_reduced_surrogate,73002,6726,1,0.0001220703125,1650.2973937500012,1658.3126999999993,not_in_gurobi_pool,,1111010111110001100,00000000000111000,111101011111000110000000000000111000,128,8192,25,152,true,single,36,1.0e-10,64
VQE_reduced_surrogate,73002,6748,1,0.0001220703125,1662.1095687499799,1659.437799999999,not_in_gurobi_pool,,0011001110110111111,00000100000000000,001100111011011111100000100000000000,128,8192,25,152,true,single,36,1.0e-10,64
VQE_reduced_surrogate,73002,6731,1,0.0001220703125,1651.9309937499963,1659.9462999999994,not_in_gurobi_pool,,0100111011101001100,00000001000101000,010011101110100110000000001000101000,128,8192,25,152,true,single,36,1.0e-10,64
VQE_reduced_surrogate,73002,6752,1,0.0001220703125,1663.4291687499988,1660.757399999999,not_in_gurobi_pool,,0000011111101011101,01000101000001000,000001111110101110101000101000001000,128,8192,25,152,true,single,36,1.0e-10,64
VQE_reduced_surrogate,73002,6734,1,0.0001220703125,1653.3209937499914,1661.336299999999,not_in_gurobi_pool,,1100001011011111100,00000101110000000,110000101101111110000000101110000000,128,8192,25,152,true,single,36,1.0e-10,64
VQE_reduced_surrogate,73002,6754,1,0.0001220703125,1665.5855687499984,1662.9137999999991,not_in_gurobi_pool,,0101010111110110110,00000000000101001,010101011111011011000000000000101001,128,8192,25,152,true,single,36,1.0e-10,64
VQE_reduced_surrogate,73002,6707,1,0.0001220703125,1644.2195187499813,1662.9218999999991,not_in_gurobi_pool,,0001111001110111111,00000101000001000,000111100111011111100000101000001000,128,8192,25,152,true,single,36,1.0e-10,64
VQE_reduced_surrogate,73002,6708,1,0.0001220703125,1644.27931875,1662.9816999999994,not_in_gurobi_pool,,0111001011010000110,00000101000100111,011100101101000011000000101000100111,128,8192,25,152,true,single,36,1.0e-10,64
VQE_reduced_surrogate,73002,6724,1,0.0001220703125,1650.290018749975,1668.992399999999,not_in_gurobi_pool,,0000101111110111111,01000101000000000,000010111111011111101000101000000000,128,8192,25,152,true,single,36,1.0e-10,64
VQE_reduced_surrogate,73002,6778,1,0.0001220703125,1677.733268749995,1675.0614999999996,not_in_gurobi_pool,,1110011100000111000,10010101010110000,111001110000011100010010101010110000,128,8192,25,152,true,single,36,1.0e-10,64
VQE_reduced_surrogate,73002,6766,1,0.0001220703125,1672.2496937499989,1680.2649999999994,not_in_gurobi_pool,,0111001000100110000,10000000000100000,011100100010011000010000000000100000,128,8192,25,152,true,single,36,1.0e-10,64
VQE_reduced_surrogate,73002,6730,1,0.0001220703125,1651.0550437500049,1680.4444999999994,not_in_gurobi_pool,,1110100100101111100,00100000010100000,111010010010111110000100000010100000,128,8192,25,152,true,single,36,1.0e-10,64
VQE_reduced_surrogate,73002,6770,1,0.0001220703125,1673.4807937499977,1681.4960999999994,not_in_gurobi_pool,,0101011100101111001,10000001000101000,010101110010111100110000001000101000,128,8192,25,152,true,single,36,1.0e-10,64
VQE_reduced_surrogate,73002,6771,1,0.0001220703125,1673.4917937499986,1681.5070999999994,not_in_gurobi_pool,,0011011100101111000,10000100000101000,001101110010111100010000100000101000,128,8192,25,152,true,single,36,1.0e-10,64
VQE_reduced_surrogate,73002,6751,1,0.0001220703125,1663.3092187499938,1682.0115999999994,not_in_gurobi_pool,,1100111000000111100,00010101110100000,110011100000011110000010101110100000,128,8192,25,152,true,single,36,1.0e-10,64
VQE_reduced_surrogate,73002,6792,1,0.0001220703125,1685.5407687499992,1682.8689999999995,not_in_gurobi_pool,,0111111100100111011,00000000000111000,011111110010011101100000000000111000,128,8192,25,152,true,single,36,1.0e-10,64
VQE_reduced_surrogate,73002,6773,1,0.0001220703125,1675.6226937500053,1683.6379999999992,not_in_gurobi_pool,,0111011110001011000,10000101000110000,011101111000101100010000101000110000,128,8192,25,152,true,single,36,1.0e-10,64
VQE_reduced_surrogate,73002,6757,1,0.0001220703125,1665.9278187499986,1684.6301999999991,not_in_gurobi_pool,,1001011000110111000,10000101000001000,100101100011011100010000101000001000,128,8192,25,152,true,single,36,1.0e-10,64
VQE_reduced_surrogate,73002,6776,1,0.0001220703125,1676.8557937499925,1684.8710999999994,not_in_gurobi_pool,,0011010000100111111,00000000000101000,001101000010011111100000000000101000,128,8192,25,152,true,single,36,1.0e-10,64
VQE_reduced_surrogate,73002,6796,1,0.0001220703125,1687.694768749994,1685.0229999999992,not_in_gurobi_pool,,0111110001101110000,10000000000111000,011111000110111000010000000000111000,128,8192,25,152,true,single,36,1.0e-10,64
VQE_reduced_surrogate,73002,6801,1,0.0001220703125,1688.229268749995,1685.5575,not_in_gurobi_pool,,0110011000010111010,00010101010110000,011001100001011101000010101010110000,128,8192,25,152,true,single,36,1.0e-10,64
VQE_reduced_surrogate,73002,6802,1,0.0001220703125,1688.3907687500057,1685.7189999999991,not_in_gurobi_pool,,0111011110101010001,10000000000111000,011101111010101000110000000000111000,128,8192,25,152,true,single,36,1.0e-10,64
VQE_reduced_surrogate,73002,6803,1,0.0001220703125,1688.3907687500075,1685.7189999999991,not_in_gurobi_pool,,0111011110101010000,10000000000111000,011101111010101000010000000000111000,128,8192,25,152,true,single,36,1.0e-10,64
VQE_reduced_surrogate,73002,6759,1,0.0001220703125,1667.51431875001,1686.216699999999,not_in_gurobi_pool,,0000100110000111100,01100101011000000,000010011000011110001100101011000000,128,8192,25,152,true,single,36,1.0e-10,64
VQE_reduced_surrogate,73002,6831,1,0.0001220703125,1699.8168437500117,1686.4579999999992,not_in_gurobi_pool,,0111111110100110000,10000000000111000,011111111010011000010000000000111000,128,8192,25,152,true,single,36,1.0e-10,64
VQE_reduced_surrogate,73002,6760,1,0.0001220703125,1667.9276187499906,1686.6299999999992,not_in_gurobi_pool,,0111001001000110001,10000101000100000,011100100100011000110000101000100000,128,8192,25,152,true,single,36,1.0e-10,64
VQE_reduced_surrogate,73002,6780,1,0.0001220703125,1678.8436937500073,1686.8589999999995,not_in_gurobi_pool,,0111001000110101000,10000000000100000,011100100011010100010000000000100000,128,8192,25,152,true,single,36,1.0e-10,64
VQE_reduced_surrogate,73002,6761,1,0.0001220703125,1668.3066187499965,1687.0089999999996,not_in_gurobi_pool,,0111001000101000110,00000000000100111,011100100010100011000000000000100111,128,8192,25,152,true,single,36,1.0e-10,64
VQE_reduced_surrogate,73002,6782,1,0.0001220703125,1680.077693750008,1688.0929999999992,not_in_gurobi_pool,,0111000010111101000,10100000000100000,011100001011110100010100000000100000,128,8192,25,152,true,single,36,1.0e-10,64
VQE_reduced_surrogate,73002,6835,1,0.0001220703125,1701.627043749994,1688.2681999999993,not_in_gurobi_pool,,1001111000010111100,00010111100000000,100111100001011110000010111100000000,128,8192,25,152,true,single,36,1.0e-10,64
VQE_reduced_surrogate,73002,6783,1,0.0001220703125,1680.481793749995,1688.4970999999994,not_in_gurobi_pool,,0011101100100111101,00000100000000000,001110110010011110100000100000000000,128,8192,25,152,true,single,36,1.0e-10,64
VQE_reduced_surrogate,73002,6786,1,0.0001220703125,1680.9756937499983,1688.9909999999993,not_in_gurobi_pool,,0111010100111011100,00000000000111000,011101010011101110000000000000111000,128,8192,25,152,true,single,36,1.0e-10,64
VQE_reduced_surrogate,73002,6810,1,0.0001220703125,1691.7037687499922,1689.0319999999995,not_in_gurobi_pool,,0111111100110111011,00000000000111000,011111110011011101100000000000111000,128,8192,25,152,true,single,36,1.0e-10,64
VQE_reduced_surrogate,73002,6811,1,0.0001220703125,1692.177768749992,1689.5059999999992,not_in_gurobi_pool,,1111010001100100110,00000000000111011,111101000110010011000000000000111011,128,8192,25,152,true,single,36,1.0e-10,64
VQE_reduced_surrogate,73002,6813,1,0.0001220703125,1692.372868750001,1689.7010999999995,not_in_gurobi_pool,,0011000100111111100,00100000000000000,001100010011111110000100000000000000,128,8192,25,152,true,single,36,1.0e-10,64
VQE_reduced_surrogate,73002,6839,1,0.0001220703125,1703.3408437500043,1689.981999999999,not_in_gurobi_pool,,0111111101100110001,10000000000111000,011111110110011000110000000000111000,128,8192,25,152,true,single,36,1.0e-10,64
VQE_reduced_surrogate,73002,6815,1,0.0001220703125,1693.0267687500113,1690.3549999999993,not_in_gurobi_pool,,1111011111001011000,10000101000110000,111101111100101100010000101000110000,128,8192,25,152,true,single,36,1.0e-10,64
VQE_reduced_surrogate,73002,6765,1,0.0001220703125,1671.6752187499947,1690.3775999999993,not_in_gurobi_pool,,0100011010010111000,10000101110100000,010001101001011100010000101110100000,128,8192,25,152,true,single,36,1.0e-10,64
VQE_reduced_surrogate,73002,6788,1,0.0001220703125,1682.5866937500057,1690.6019999999996,not_in_gurobi_pool,,0111011010010110011,00000101000110001,011101101001011001100000101000110001,128,8192,25,152,true,single,36,1.0e-10,64
VQE_reduced_surrogate,73002,6816,1,0.0001220703125,1693.5734687499976,1690.9016999999992,not_in_gurobi_pool,,0000100110100111110,01100000010000000,000010011010011111001100000010000000,128,8192,25,152,true,single,36,1.0e-10,64
VQE_reduced_surrogate,73002,6767,1,0.0001220703125,1672.7266187500002,1691.4289999999996,not_in_gurobi_pool,,0111001010001110111,00000101000100001,011100101000111011100000101000100001,128,8192,25,152,true,single,36,1.0e-10,64
VQE_reduced_surrogate,73002,6769,1,0.0001220703125,1672.9577187499779,1691.6600999999994,not_in_gurobi_pool,,1011111100110111100,00000100000101000,101111110011011110000000100000101000,128,8192,25,152,true,single,36,1.0e-10,64
VQE_reduced_surrogate,73002,6791,1,0.0001220703125,1684.515793749992,1692.531099999999,not_in_gurobi_pool,,0101100110010111101,00100001010000000,010110011001011110100100001010000000,128,8192,25,152,true,single,36,1.0e-10,64
VQE_reduced_surrogate,73002,6819,1,0.0001220703125,1695.8117687500048,1693.1399999999992,not_in_gurobi_pool,,0111001110101001100,00000000000100000,011100111010100110000000000000100000,128,8192,25,152,true,single,36,1.0e-10,64
VQE_reduced_surrogate,73002,6772,1,0.0001220703125,1674.6226187499992,1693.3249999999994,not_in_gurobi_pool,,0111001001010011001,10000101000100000,011100100101001100110000101000100000,128,8192,25,152,true,single,36,1.0e-10,64
VQE_reduced_surrogate,73002,6876,1,0.0001220703125,1728.502493750002,1693.7694999999994,not_in_gurobi_pool,,0110011110111111000,10000000000111000,011001111011111100010000000000111000,128,8192,25,152,true,single,36,1.0e-10,64
VQE_reduced_surrogate,73002,6877,1,0.0001220703125,1728.5024937499977,1693.7694999999994,not_in_gurobi_pool,,0110111010111111001,10000000000111000,011011101011111100110000000000111000,128,8192,25,152,true,single,36,1.0e-10,64
VQE_reduced_surrogate,73002,6793,1,0.0001220703125,1685.9561937500016,1693.9714999999994,not_in_gurobi_pool,,0110101111000111000,10000101010100000,011010111100011100010000101010100000,128,8192,25,152,true,single,36,1.0e-10,64
VQE_reduced_surrogate,73002,6822,1,0.0001220703125,1696.71376875,1694.0419999999992,not_in_gurobi_pool,,0111101010101010110,00000000000100101,011110101010101011000000000000100101,128,8192,25,152,true,single,36,1.0e-10,64
VQE_reduced_surrogate,73002,6794,1,0.0001220703125,1686.7356937499974,1694.7509999999993,not_in_gurobi_pool,,0111001100110110110,00000000000100001,011100110011011011000000000000100001,128,8192,25,152,true,single,36,1.0e-10,64
VQE_reduced_surrogate,73002,6795,1,0.0001220703125,1686.8068937500084,1694.8221999999992,not_in_gurobi_pool,,0001101001000111100,00000111100000000,000110100100011110000000111100000000,128,8192,25,152,true,single,36,1.0e-10,64
VQE_reduced_surrogate,73002,6846,1,0.0001220703125,1708.3558437499933,1694.9969999999992,not_in_gurobi_pool,,1111111001101001110,00000000000111110,111111100110100111000000000000111110,128,8192,25,152,true,single,36,1.0e-10,64
VQE_reduced_surrogate,73002,6847,1,0.0001220703125,1708.5708437499911,1695.2119999999995,not_in_gurobi_pool,,0111111110100101111,00000000000111010,011111111010010111100000000000111010,128,8192,25,152,true,single,36,1.0e-10,64
VQE_reduced_surrogate,73002,6823,1,0.0001220703125,1697.896768749985,1695.2249999999997,not_in_gurobi_pool,,0111101110110111011,00000000000100000,011110111011011101100000000000100000,128,8192,25,152,true,single,36,1.0e-10,64
VQE_reduced_surrogate,73002,6774,1,0.0001220703125,1676.603718750003,1695.3060999999993,not_in_gurobi_pool,,0011111011100100000,10000100000101000,001111101110010000010000100000101000,128,8192,25,152,true,single,36,1.0e-10,64
VQE_reduced_surrogate,73002,6775,1,0.0001220703125,1676.704718750004,1695.407099999999,not_in_gurobi_pool,,0011111011100010000,10000100000101000,001111101110001000010000100000101000,128,8192,25,152,true,single,36,1.0e-10,64
VQE_reduced_surrogate,73002,6848,1,0.0001220703125,1708.9400437499887,1695.5811999999992,not_in_gurobi_pool,,1001110111110111000,10000000000001000,100111011111011100010000000000001000,128,8192,25,152,true,single,36,1.0e-10,64
VQE_reduced_surrogate,73002,6886,1,0.0001220703125,1730.3594937500109,1695.6264999999996,not_in_gurobi_pool,,1110011001110111011,00000000000111000,111001100111011101100000000000111000,128,8192,25,152,true,single,36,1.0e-10,64
VQE_reduced_surrogate,73002,6824,1,0.0001220703125,1698.4034687499984,1695.7316999999991,not_in_gurobi_pool,,0000100010110111101,01100000010000000,000010001011011110101100000010000000,128,8192,25,152,true,single,36,1.0e-10,64
VQE_reduced_surrogate,73002,6826,1,0.0001220703125,1698.4717687499988,1695.799999999999,not_in_gurobi_pool,,0111010111110000000,10001000000111000,011101011111000000010001000000111000,128,8192,25,152,true,single,36,1.0e-10,64
VQE_reduced_surrogate,73002,6828,1,0.0001220703125,1698.5324687499876,1695.8606999999993,not_in_gurobi_pool,,0000111110100111110,01000101000001000,000011111010011111001000101000001000,128,8192,25,152,true,single,36,1.0e-10,64
VQE_reduced_surrogate,73002,6797,1,0.0001220703125,1687.8742937499871,1695.8895999999993,not_in_gurobi_pool,,0100111110100111110,00000001000101000,010011111010011111000000001000101000,128,8192,25,152,true,single,36,1.0e-10,64
VQE_reduced_surrogate,73002,6798,1,0.0001220703125,1687.9667937499871,1695.982099999999,not_in_gurobi_pool,,0101001100110111110,00000001000000000,010100110011011111000000001000000000,128,8192,25,152,true,single,36,1.0e-10,64
VQE_reduced_surrogate,73002,6799,1,0.0001220703125,1688.039793750001,1696.0550999999994,not_in_gurobi_pool,,0101100101010111101,00100001010000000,010110010101011110100100001010000000,128,8192,25,152,true,single,36,1.0e-10,64
VQE_reduced_surrogate,73002,6800,1,0.0001220703125,1688.05079375001,1696.0660999999993,not_in_gurobi_pool,,0011000001011111100,00100100010000000,001100000101111110000100100010000000,128,8192,25,152,true,single,36,1.0e-10,64
VQE_reduced_surrogate,73002,6777,1,0.0001220703125,1677.399118750001,1696.1014999999995,not_in_gurobi_pool,,0110111101000111110,00000101010110000,011011110100011111000000101010110000,128,8192,25,152,true,single,36,1.0e-10,64
VQE_reduced_surrogate,73002,6849,1,0.0001220703125,1709.7769437499876,1696.4180999999996,not_in_gurobi_pool,,1011000101111111100,00100000000000000,101100010111111110000100000000000000,128,8192,25,152,true,single,36,1.0e-10,64
VQE_reduced_surrogate,73002,6804,1,0.0001220703125,1688.4282937499997,1696.4435999999992,not_in_gurobi_pool,,0100111011101101001,10000001000101000,010011101110110100110000001000101000,128,8192,25,152,true,single,36,1.0e-10,64
VQE_reduced_surrogate,73002,6805,1,0.0001220703125,1688.5016937499925,1696.5169999999996,not_in_gurobi_pool,,0111000010111011111,00100000000100100,011100001011101111100100000000100100,128,8192,25,152,true,single,36,1.0e-10,64
VQE_reduced_surrogate,73002,6806,1,0.0001220703125,1688.5516937500022,1696.5669999999993,not_in_gurobi_pool,,1111111011001000110,00000101000110111,111111101100100011000000101000110111,128,8192,25,152,true,single,36,1.0e-10,64
VQE_reduced_surrogate,73002,6851,1,0.0001220703125,1709.9433437500031,1696.5844999999995,not_in_gurobi_pool,,0110101011101011000,10000000000100000,011010101110101100010000000000100000,128,8192,25,152,true,single,36,1.0e-10,64
VQE_reduced_surrogate,73002,6807,1,0.0001220703125,1688.5717937499944,1696.5870999999993,not_in_gurobi_pool,,0101010011101000101,00000000000101000,010101001110100010100000000000101000,128,8192,25,152,true,single,36,1.0e-10,64
VQE_reduced_surrogate,73002,6829,1,0.0001220703125,1699.643768749999,1696.971999999999,not_in_gurobi_pool,,0111101101100110101,00000000000100000,011110110110011010100000000000100000,128,8192,25,152,true,single,36,1.0e-10,64
VQE_reduced_surrogate,73002,6830,1,0.0001220703125,1699.7028687500037,1697.0310999999995,not_in_gurobi_pool,,1101110011101011111,00000000000101100,110111001110101111100000000000101100,128,8192,25,152,true,single,36,1.0e-10,64
VQE_reduced_surrogate,73002,6779,1,0.0001220703125,1678.4311187499925,1697.1334999999992,not_in_gurobi_pool,,0110100010110111111,00100000010100000,011010001011011111100100000010100000,128,8192,25,152,true,single,36,1.0e-10,64
VQE_reduced_surrogate,73002,6852,1,0.0001220703125,1710.7658437499986,1697.4069999999992,not_in_gurobi_pool,,0111011011011000000,10001101000110000,011101101101100000010001101000110000,128,8192,25,152,true,single,36,1.0e-10,64
VQE_reduced_surrogate,73002,6808,1,0.0001220703125,1689.672193750004,1697.6874999999993,not_in_gurobi_pool,,0110110011110101001,10000000010111000,011011001111010100110000000010111000,128,8192,25,152,true,single,36,1.0e-10,64
VQE_reduced_surrogate,73002,6853,1,0.0001220703125,1711.402943749994,1698.044099999999,not_in_gurobi_pool,,1101101111001111101,00000101100000000,110110111100111110100000101100000000,128,8192,25,152,true,single,36,1.0e-10,64
VQE_reduced_surrogate,73002,6833,1,0.0001220703125,1701.2487687500077,1698.5769999999995,not_in_gurobi_pool,,1111111011001101111,00000101000110010,111111101100110111100000101000110010,128,8192,25,152,true,single,36,1.0e-10,64
VQE_reduced_surrogate,73002,6809,1,0.0001220703125,1691.1102937499934,1699.1255999999994,not_in_gurobi_pool,,1100110011010111100,00000001011100000,110011001101011110000000001011100000,128,8192,25,152,true,single,36,1.0e-10,64
VQE_reduced_surrogate,73002,6836,1,0.0001220703125,1701.8468687499821,1699.1750999999992,not_in_gurobi_pool,,1101101010110111110,00000001000000000,110110101011011111000000001000000000,128,8192,25,152,true,single,36,1.0e-10,64
VQE_reduced_surrogate,73002,6784,1,0.0001220703125,1680.5822187499905,1699.2845999999993,not_in_gurobi_pool,,0100010001111111100,00000000010101000,010001000111111110000000000010101000,128,8192,25,152,true,single,36,1.0e-10,64
VQE_reduced_surrogate,73002,6837,1,0.0001220703125,1702.0367687500031,1699.3649999999993,not_in_gurobi_pool,,0111011110110000110,00000000000111111,011101111011000011000000000000111111,128,8192,25,152,true,single,36,1.0e-10,64
VQE_reduced_surrogate,73002,6838,1,0.0001220703125,1702.785868750001,1700.114099999999,not_in_gurobi_pool,,0011011010111011100,00000100000101000,001101101011101110000000100000101000,128,8192,25,152,true,single,36,1.0e-10,64
VQE_reduced_surrogate,73002,6812,1,0.0001220703125,1692.2286937499978,1700.2439999999995,not_in_gurobi_pool,,0111101111000101101,00000101000100000,011110111100010110100000101000100000,128,8192,25,152,true,single,36,1.0e-10,64
VQE_reduced_surrogate,73002,6787,1,0.0001220703125,1681.9152187499897,1700.6175999999994,not_in_gurobi_pool,,0100010001110111110,00000000010101000,010001000111011111000000000010101000,128,8192,25,152,true,single,36,1.0e-10,64
VQE_reduced_surrogate,73002,6856,1,0.0001220703125,1714.025843749987,1700.6669999999992,not_in_gurobi_pool,,1111111001111011100,00000000000111000,111111100111101110000000000000111000,128,8192,25,152,true,single,36,1.0e-10,64
VQE_reduced_surrogate,73002,6814,1,0.0001220703125,1692.9062937499948,1700.9215999999992,not_in_gurobi_pool,,0100001111001111101,00000101110000000,010000111100111110100000101110000000,128,8192,25,152,true,single,36,1.0e-10,64
VQE_reduced_surrogate,73002,6840,1,0.0001220703125,1703.6968687499998,1701.0250999999992,not_in_gurobi_pool,,0011001101011111100,00000111000000000,001100110101111110000000111000000000,128,8192,25,152,true,single,36,1.0e-10,64
VQE_reduced_surrogate,73002,6789,1,0.0001220703125,1682.8966187499998,1701.5989999999993,not_in_gurobi_pool,,0111101011111010001,10000000000100000,011110101111101000110000000000100000,128,8192,25,152,true,single,36,1.0e-10,64
VQE_reduced_surrogate,73002,6790,1,0.0001220703125,1683.3276187500019,1702.0299999999993,not_in_gurobi_pool,,0111001111111001000,10000000000100000,011100111111100100010000000000100000,128,8192,25,152,true,single,36,1.0e-10,64
VQE_reduced_surrogate,73002,6841,1,0.0001220703125,1705.7668687499931,1703.0950999999993,not_in_gurobi_pool,,0101011001110110101,00000001000101000,010101100111011010100000001000101000,128,8192,25,152,true,single,36,1.0e-10,64
VQE_reduced_surrogate,73002,6842,1,0.0001220703125,1706.3098687499933,1703.6380999999994,not_in_gurobi_pool,,0011011001110011101,00000100000101000,001101100111001110100000100000101000,128,8192,25,152,true,single,36,1.0e-10,64
VQE_reduced_surrogate,73002,6820,1,0.0001220703125,1696.0866937499993,1704.1019999999994,not_in_gurobi_pool,,0111001111111101011,00000000000100010,011100111111110101100000000000100010,128,8192,25,152,true,single,36,1.0e-10,64
VQE_reduced_surrogate,73002,6861,1,0.0001220703125,1717.6989437499974,1704.3400999999992,not_in_gurobi_pool,,0011000011111110101,00100000000000000,001100001111111010100100000000000000,128,8192,25,152,true,single,36,1.0e-10,64
VQE_reduced_surrogate,73002,6821,1,0.0001220703125,1696.3816937500055,1704.3969999999995,not_in_gurobi_pool,,0111011011011000101,00000101000110000,011101101101100010100000101000110000,128,8192,25,152,true,single,36,1.0e-10,64
VQE_reduced_surrogate,73002,6843,1,0.0001220703125,1707.4513687499937,1704.7795999999992,not_in_gurobi_pool,,0100001011110111011,00000001000000000,010000101111011101100000001000000000,128,8192,25,152,true,single,36,1.0e-10,64
VQE_reduced_surrogate,73002,6825,1,0.0001220703125,1698.4536937500006,1706.4689999999994,not_in_gurobi_pool,,0111001011011100110,00000101000100011,011100101101110011000000101000100011,128,8192,25,152,true,single,36,1.0e-10,64
VQE_reduced_surrogate,73002,6827,1,0.0001220703125,1698.4926937500045,1706.5079999999996,not_in_gurobi_pool,,0111001111011011101,00000101000100000,011100111101101110100000101000100000,128,8192,25,152,true,single,36,1.0e-10,64
VQE_reduced_surrogate,73002,6893,1,0.0001220703125,1733.199643750011,1719.8407999999993,not_in_gurobi_pool,,1110100100000111100,00110000011100000,111010010000011110000110000011100000,128,8192,25,152,true,single,36,1.0e-10,64
VQE_reduced_surrogate,73002,6866,1,0.0001220703125,1722.606168750009,1719.9343999999992,not_in_gurobi_pool,,1011000000000111100,00110100010000000,101100000000011110000110100010000000,128,8192,25,152,true,single,36,1.0e-10,64
VQE_reduced_surrogate,73002,6858,1,0.0001220703125,1714.2499937499977,1722.2652999999996,not_in_gurobi_pool,,0111001000001111010,00010101000100000,011100100000111101000010101000100000,128,8192,25,152,true,single,36,1.0e-10,64
VQE_reduced_surrogate,73002,6869,1,0.0001220703125,1725.9471687500004,1723.2753999999993,not_in_gurobi_pool,,1101100000100111100,00100000000000000,110110000010011110000100000000000000,128,8192,25,152,true,single,36,1.0e-10,64
VQE_reduced_surrogate,73002,6870,1,0.0001220703125,1726.1160687499998,1723.4442999999992,not_in_gurobi_pool,,0111011100101101000,10000000000111000,011101110010110100010000000000111000,128,8192,25,152,true,single,36,1.0e-10,64
VQE_reduced_surrogate,73002,6874,1,0.0001220703125,1727.9750687499866,1725.3032999999991,not_in_gurobi_pool,,1111010001101011000,10000000000111000,111101000110101100010000000000111000,128,8192,25,152,true,single,36,1.0e-10,64
VQE_reduced_surrogate,73002,6860,1,0.0001220703125,1717.6019937499952,1725.6172999999992,not_in_gurobi_pool,,0111001100101111010,00000000000100000,011100110010111101000000000000100000,128,8192,25,152,true,single,36,1.0e-10,64
VQE_reduced_surrogate,73002,6862,1,0.0001220703125,1718.1010937500002,1726.1163999999992,not_in_gurobi_pool,,1101100110000111100,00100001010000000,110110011000011110000100001010000000,128,8192,25,152,true,single,36,1.0e-10,64
VQE_reduced_surrogate,73002,6863,1,0.0001220703125,1718.83599374999,1726.8512999999994,not_in_gurobi_pool,,0111100110101111011,00100000000100000,011110011010111101100100000000100000,128,8192,25,152,true,single,36,1.0e-10,64
VQE_reduced_surrogate,73002,6884,1,0.0001220703125,1729.644568749998,1726.972799999999,not_in_gurobi_pool,,0110111000010111001,10010101010110000,011011100001011100110010101010110000,128,8192,25,152,true,single,36,1.0e-10,64
VQE_reduced_surrogate,73002,6913,1,0.0001220703125,1740.4142437499997,1727.0553999999993,not_in_gurobi_pool,,0101111000010111001,10010101100100000,010111100001011100110010101100100000,128,8192,25,152,true,single,36,1.0e-10,64
VQE_reduced_surrogate,73002,6865,1,0.0001220703125,1721.3305937499958,1729.3458999999993,not_in_gurobi_pool,,1100100110101111100,00100000010000000,110010011010111110000100000010000000,128,8192,25,152,true,single,36,1.0e-10,64
VQE_reduced_surrogate,73002,6892,1,0.0001220703125,1733.0690687500048,1730.3972999999994,not_in_gurobi_pool,,0111010110101100100,00000000000111000,011101011010110010000000000000111000,128,8192,25,152,true,single,36,1.0e-10,64
VQE_reduced_surrogate,73002,6834,1,0.0001220703125,1701.4218437499821,1730.8112999999994,not_in_gurobi_pool,,1111100100111111110,00100000000100000,111110010011111111000100000000100000,128,8192,25,152,true,single,36,1.0e-10,64
VQE_reduced_surrogate,73002,6894,1,0.0001220703125,1733.7281687499876,1731.0563999999993,not_in_gurobi_pool,,1011111100010111100,00010111000100000,101111110001011110000010111000100000,128,8192,25,152,true,single,36,1.0e-10,64
VQE_reduced_surrogate,73002,6896,1,0.0001220703125,1733.8160687499992,1731.1442999999995,not_in_gurobi_pool,,0111000111001011001,10100000010100000,011100011100101100110100000010100000,128,8192,25,152,true,single,36,1.0e-10,64
VQE_reduced_surrogate,73002,6854,1,0.0001220703125,1713.6534187499979,1732.3557999999994,not_in_gurobi_pool,,0110110000110111101,00000000010111000,011011000011011110100000000010111000,128,8192,25,152,true,single,36,1.0e-10,64
VQE_reduced_surrogate,73002,6855,1,0.0001220703125,1713.8760187499881,1732.5783999999992,not_in_gurobi_pool,,0011111000100111111,00000100000101000,001111100010011111100000100000101000,128,8192,25,152,true,single,36,1.0e-10,64
VQE_reduced_surrogate,73002,6900,1,0.0001220703125,1735.4860687500059,1732.8142999999993,not_in_gurobi_pool,,0111111000010110100,00010101000110000,011111100001011010000010101000110000,128,8192,25,152,true,single,36,1.0e-10,64
VQE_reduced_surrogate,73002,6859,1,0.0001220703125,1714.4219187500025,1733.124299999999,not_in_gurobi_pool,,0111110111100100000,10000000000111000,011111011110010000010000000000111000,128,8192,25,152,true,single,36,1.0e-10,64
VQE_reduced_surrogate,73002,6901,1,0.0001220703125,1735.9311687500003,1733.2593999999992,not_in_gurobi_pool,,0011111010010111001,10000111000100000,001111101001011100110000111000100000,128,8192,25,152,true,single,36,1.0e-10,64
VQE_reduced_surrogate,73002,6927,1,0.0001220703125,1747.1712437499814,1733.8123999999991,not_in_gurobi_pool,,0011100110100111111,00100000000000000,001110011010011111100100000000000000,128,8192,25,152,true,single,36,1.0e-10,64
VQE_reduced_surrogate,73002,6902,1,0.0001220703125,1736.511068749997,1733.8392999999992,not_in_gurobi_pool,,0111011000011001110,00010101000110110,011101100001100111000010101000110110,128,8192,25,152,true,single,36,1.0e-10,64
VQE_reduced_surrogate,73002,6871,1,0.0001220703125,1726.4379937499975,1734.4532999999992,not_in_gurobi_pool,,0111000101101001100,00100000000100000,011100010110100110000100000000100000,128,8192,25,152,true,single,36,1.0e-10,64
VQE_reduced_surrogate,73002,6905,1,0.0001220703125,1737.6450687499973,1734.9732999999994,not_in_gurobi_pool,,1111101010110111010,00000000000100000,111110101011011101000000000000100000,128,8192,25,152,true,single,36,1.0e-10,64
VQE_reduced_surrogate,73002,6928,1,0.0001220703125,1748.7151437500058,1735.3562999999992,not_in_gurobi_pool,,0111011110100100101,00000000000111000,011101111010010010100000000000111000,128,8192,25,152,true,single,36,1.0e-10,64
VQE_reduced_surrogate,73002,6907,1,0.0001220703125,1738.4720687499994,1735.8002999999994,not_in_gurobi_pool,,0111001110110101001,10000000000100000,011100111011010100110000000000100000,128,8192,25,152,true,single,36,1.0e-10,64
VQE_reduced_surrogate,73002,6932,1,0.0001220703125,1749.2471437500058,1735.8882999999994,not_in_gurobi_pool,,0111111010100001100,00000000000111000,011111101010000110000000000000111000,128,8192,25,152,true,single,36,1.0e-10,64
VQE_reduced_surrogate,73002,6908,1,0.0001220703125,1738.5730687500086,1735.901299999999,not_in_gurobi_pool,,0111001110110011000,10000000000100000,011100111011001100010000000000100000,128,8192,25,152,true,single,36,1.0e-10,64
VQE_reduced_surrogate,73002,6872,1,0.0001220703125,1727.9060937500037,1735.9213999999993,not_in_gurobi_pool,,0011011010101000110,00000100000101111,001101101010100011000000100000101111,128,8192,25,152,true,single,36,1.0e-10,64
VQE_reduced_surrogate,73002,6873,1,0.0001220703125,1727.9170937499946,1735.9323999999992,not_in_gurobi_pool,,1101111001000111110,00000101100100000,110111100100011111000000101100100000,128,8192,25,152,true,single,36,1.0e-10,64
VQE_reduced_surrogate,73002,6933,1,0.0001220703125,1749.3223437499876,1735.9634999999992,not_in_gurobi_pool,,0001110101100111100,00000000000001000,000111010110011110000000000000001000,128,8192,25,152,true,single,36,1.0e-10,64
VQE_reduced_surrogate,73002,6875,1,0.0001220703125,1728.1509937500039,1736.1662999999992,not_in_gurobi_pool,,0111001100110110100,00000000000100000,011100110011011010000000000000100000,128,8192,25,152,true,single,36,1.0e-10,64
VQE_reduced_surrogate,73002,6910,1,0.0001220703125,1739.146068749995,1736.4742999999994,not_in_gurobi_pool,,1111111001101000110,00000000000111111,111111100110100011000000000000111111,128,8192,25,152,true,single,36,1.0e-10,64
VQE_reduced_surrogate,73002,6911,1,0.0001220703125,1739.1496687499991,1736.4778999999994,not_in_gurobi_pool,,0100111010110111000,10000001000101000,010011101011011100010000001000101000,128,8192,25,152,true,single,36,1.0e-10,64
VQE_reduced_surrogate,73002,6878,1,0.0001220703125,1728.6744937499984,1736.6897999999992,not_in_gurobi_pool,,0110111001010111000,10000101010110000,011011100101011100010000101010110000,128,8192,25,152,true,single,36,1.0e-10,64
VQE_reduced_surrogate,73002,6879,1,0.0001220703125,1728.682993750001,1736.6982999999993,not_in_gurobi_pool,,0111001000110011101,00000000000100000,011100100011001110100000000000100000,128,8192,25,152,true,single,36,1.0e-10,64
VQE_reduced_surrogate,73002,6880,1,0.0001220703125,1729.3779937500024,1737.3932999999993,not_in_gurobi_pool,,0111011001001001111,00000101000110110,011101100100100111100000101000110110,128,8192,25,152,true,single,36,1.0e-10,64
VQE_reduced_surrogate,73002,6881,1,0.0001220703125,1729.3779937500012,1737.3932999999997,not_in_gurobi_pool,,0111011101001001110,00000101000110110,011101110100100111000000101000110110,128,8192,25,152,true,single,36,1.0e-10,64
VQE_reduced_surrogate,73002,6844,1,0.0001220703125,1708.0090437499898,1737.3984999999993,not_in_gurobi_pool,,0001101110101111100,00000101000000000,000110111010111110000000101000000000,128,8192,25,152,true,single,36,1.0e-10,64
VQE_reduced_surrogate,73002,6882,1,0.0001220703125,1729.42099375,1737.4362999999994,not_in_gurobi_pool,,0111001011000011011,00000101000100100,011100101100001101100000101000100100,128,8192,25,152,true,single,36,1.0e-10,64
VQE_reduced_surrogate,73002,6845,1,0.0001220703125,1708.0874437499936,1737.4768999999994,not_in_gurobi_pool,,0100111001000111101,00000101110100000,010011100100011110100000101110100000,128,8192,25,152,true,single,36,1.0e-10,64
VQE_reduced_surrogate,73002,6912,1,0.0001220703125,1740.2010687499933,1737.5292999999992,not_in_gurobi_pool,,0111101010101110111,00000000000100001,011110101010111011100000000000100001,128,8192,25,152,true,single,36,1.0e-10,64
VQE_reduced_surrogate,73002,6883,1,0.0001220703125,1729.632093750005,1737.6473999999994,not_in_gurobi_pool,,1101111011100101010,00000001000101010,110111101110010101000000001000101010,128,8192,25,152,true,single,36,1.0e-10,64
VQE_reduced_surrogate,73002,6914,1,0.0001220703125,1740.5030687499957,1737.8312999999991,not_in_gurobi_pool,,0111110010110101101,00000000000111000,011111001011010110100000000000111000,128,8192,25,152,true,single,36,1.0e-10,64
VQE_reduced_surrogate,73002,6885,1,0.0001220703125,1729.8159937499975,1737.8312999999994,not_in_gurobi_pool,,0111100010110101101,00100000000100000,011110001011010110100100000000100000,128,8192,25,152,true,single,36,1.0e-10,64
VQE_reduced_surrogate,73002,6915,1,0.0001220703125,1740.6020687499897,1737.9302999999995,not_in_gurobi_pool,,0111111000110101110,00000000000111010,011111100011010111000000000000111010,128,8192,25,152,true,single,36,1.0e-10,64
VQE_reduced_surrogate,73002,6916,1,0.0001220703125,1740.7030687499916,1738.0312999999992,not_in_gurobi_pool,,0111111000110011110,00000000000111100,011111100011001111000000000000111100,128,8192,25,152,true,single,36,1.0e-10,64
VQE_reduced_surrogate,73002,6917,1,0.0001220703125,1741.0970687499982,1738.4252999999992,not_in_gurobi_pool,,0111010010111001110,00000000000111110,011101001011100111000000000000111110,128,8192,25,152,true,single,36,1.0e-10,64
VQE_reduced_surrogate,73002,6918,1,0.0001220703125,1741.097068750001,1738.4252999999992,not_in_gurobi_pool,,0111010010110001110,00000000000111110,011101001011000111000000000000111110,128,8192,25,152,true,single,36,1.0e-10,64
VQE_reduced_surrogate,73002,6935,1,0.0001220703125,1751.8388437499977,1738.4799999999993,not_in_gurobi_pool,,0000110010110111100,01000000010001000,000011001011011110001000000010001000,128,8192,25,152,true,single,36,1.0e-10,64
VQE_reduced_surrogate,73002,6919,1,0.0001220703125,1741.3096687499926,1738.637899999999,not_in_gurobi_pool,,0100101010100111110,00000001000000000,010010101010011111000000001000000000,128,8192,25,152,true,single,36,1.0e-10,64
VQE_reduced_surrogate,73002,6888,1,0.0001220703125,1731.0175937499912,1739.0328999999992,not_in_gurobi_pool,,1100100001110111100,00100000010000000,110010000111011110000100000010000000,128,8192,25,152,true,single,36,1.0e-10,64
VQE_reduced_surrogate,73002,6850,1,0.0001220703125,1709.8978437500014,1739.2872999999993,not_in_gurobi_pool,,0111000111111100000,10100000000100000,011100011111110000010100000000100000,128,8192,25,152,true,single,36,1.0e-10,64
VQE_reduced_surrogate,73002,6938,1,0.0001220703125,1753.334243749991,1739.9753999999991,not_in_gurobi_pool,,0011000010110111111,00100000000000000,001100001011011111100100000000000000,128,8192,25,152,true,single,36,1.0e-10,64
VQE_reduced_surrogate,73002,6864,1,0.0001220703125,1721.289418750002,1739.991799999999,not_in_gurobi_pool,,0110100011101100100,00100000010100000,011010001110110010000100000010100000,128,8192,25,152,true,single,36,1.0e-10,64
VQE_reduced_surrogate,73002,6889,1,0.0001220703125,1732.508493749998,1740.523799999999,not_in_gurobi_pool,,0110110011101001100,00000000010111000,011011001110100110000000000010111000,128,8192,25,152,true,single,36,1.0e-10,64
VQE_reduced_surrogate,73002,6890,1,0.0001220703125,1732.6545937499918,1740.6698999999994,not_in_gurobi_pool,,1100101111000111100,00000101110000000,110010111100011110000000101110000000,128,8192,25,152,true,single,36,1.0e-10,64
VQE_reduced_surrogate,73002,6920,1,0.0001220703125,1743.5006687499917,1740.8288999999993,not_in_gurobi_pool,,0100001101100111101,00000001000000000,010000110110011110100000001000000000,128,8192,25,152,true,single,36,1.0e-10,64
VQE_reduced_surrogate,73002,6891,1,0.0001220703125,1732.9799937500063,1740.9952999999994,not_in_gurobi_pool,,0111011011011010000,10000101000110000,011101101101101000010000101000110000,128,8192,25,152,true,single,36,1.0e-10,64
VQE_reduced_surrogate,73002,6922,1,0.0001220703125,1744.041168749987,1741.369399999999,not_in_gurobi_pool,,0011110111111111000,10000000000101000,001111011111111100010000000000101000,128,8192,25,152,true,single,36,1.0e-10,64
VQE_reduced_surrogate,73002,6867,1,0.0001220703125,1723.3005187500034,1742.0028999999993,not_in_gurobi_pool,,1100111011000111111,00000101110100000,110011101100011111100000101110100000,128,8192,25,152,true,single,36,1.0e-10,64
VQE_reduced_surrogate,73002,6897,1,0.0001220703125,1734.2509937500067,1742.2662999999993,not_in_gurobi_pool,,0111001111010011000,10000101000100000,011100111101001100010000101000100000,128,8192,25,152,true,single,36,1.0e-10,64
VQE_reduced_surrogate,73002,6868,1,0.0001220703125,1723.8665187500028,1742.568899999999,not_in_gurobi_pool,,0100010011110111011,00000000010101000,010001001111011101100000000010101000,128,8192,25,152,true,single,36,1.0e-10,64
VQE_reduced_surrogate,73002,6899,1,0.0001220703125,1734.827593749996,1742.8428999999992,not_in_gurobi_pool,,0100111011010111000,10000101110100000,010011101101011100010000101110100000,128,8192,25,152,true,single,36,1.0e-10,64
VQE_reduced_surrogate,73002,6925,1,0.0001220703125,1745.9546687499976,1743.2828999999995,not_in_gurobi_pool,,1100101011101011100,00000001000000000,110010101110101110000000001000000000,128,8192,25,152,true,single,36,1.0e-10,64
VQE_reduced_surrogate,73002,6857,1,0.0001220703125,1714.1720437499955,1743.5614999999993,not_in_gurobi_pool,,0001001110110111100,00000101000000000,000100111011011110000000101000000000,128,8192,25,152,true,single,36,1.0e-10,64
VQE_reduced_surrogate,73002,6904,1,0.0001220703125,1737.4320937499895,1745.4473999999993,not_in_gurobi_pool,,1101111001110111111,00000001000101000,110111100111011111100000001000101000,128,8192,25,152,true,single,36,1.0e-10,64
VQE_reduced_surrogate,73002,6906,1,0.0001220703125,1738.4630937500008,1746.4783999999993,not_in_gurobi_pool,,0011111011100010111,00000100000101101,001111101110001011100000100000101101,128,8192,25,152,true,single,36,1.0e-10,64
VQE_reduced_surrogate,73002,6909,1,0.0001220703125,1738.7605937499964,1746.7758999999994,not_in_gurobi_pool,,0100111011101001110,00000001000101110,010011101110100111000000001000101110,128,8192,25,152,true,single,36,1.0e-10,64
VQE_reduced_surrogate,73002,6887,1,0.0001220703125,1730.8565187499908,1749.558899999999,not_in_gurobi_pool,,0100000111110111111,00100000010000000,010000011111011111100100000010000000,128,8192,25,152,true,single,36,1.0e-10,64
VQE_reduced_surrogate,73002,6898,1,0.0001220703125,1734.6381187499903,1753.3404999999989,not_in_gurobi_pool,,0001111011110110110,00000101000001001,000111101111011011000000101000001001,128,8192,25,152,true,single,36,1.0e-10,64
VQE_reduced_surrogate,73002,6946,1,0.0001220703125,1765.512368749999,1762.8405999999993,not_in_gurobi_pool,,0111011100000101000,10010101000110000,011101110000010100010010101000110000,128,8192,25,152,true,single,36,1.0e-10,64
VQE_reduced_surrogate,73002,6940,1,0.0001220703125,1756.0292937500053,1764.0445999999997,not_in_gurobi_pool,,1111100100000111111,00110000010100000,111110010000011111100110000010100000,128,8192,25,152,true,single,36,1.0e-10,64
VQE_reduced_surrogate,73002,6951,1,0.0001220703125,1767.8158687500072,1765.1440999999993,not_in_gurobi_pool,,1110010010101111001,10000000010111000,111001001010111100110000000010111000,128,8192,25,152,true,single,36,1.0e-10,64
VQE_reduced_surrogate,73002,6929,1,0.0001220703125,1748.8058187499926,1767.508199999999,not_in_gurobi_pool,,1100011100000111100,00010101110100000,110001110000011110000010101110100000,128,8192,25,152,true,single,36,1.0e-10,64
VQE_reduced_surrogate,73002,6930,1,0.0001220703125,1749.090218750002,1767.7925999999993,not_in_gurobi_pool,,0111000100100110101,00100000000100000,011100010010011010100100000000100000,128,8192,25,152,true,single,36,1.0e-10,64
VQE_reduced_surrogate,73002,7004,1,0.0001220703125,1792.2836187499981,1768.2376999999992,not_in_gurobi_pool,,0011000010101111001,10100000000000000,001100001010111100110100000000000000,128,8192,25,152,true,single,36,1.0e-10,64
VQE_reduced_surrogate,73002,7005,1,0.0001220703125,1792.2836187499956,1768.2376999999992,not_in_gurobi_pool,,0011100110100111001,10100000000000000,001110011010011100110100000000000000,128,8192,25,152,true,single,36,1.0e-10,64
VQE_reduced_surrogate,73002,7006,1,0.0001220703125,1792.2836187500052,1768.2376999999992,not_in_gurobi_pool,,0011100110100111000,10100000000000000,001110011010011100010100000000000000,128,8192,25,152,true,single,36,1.0e-10,64
VQE_reduced_surrogate,73002,6934,1,0.0001220703125,1750.8672187499974,1769.5695999999994,not_in_gurobi_pool,,0111100100110111010,00100000000100000,011110010011011101000100000000100000,128,8192,25,152,true,single,36,1.0e-10,64
VQE_reduced_surrogate,73002,6966,1,0.0001220703125,1772.867368749994,1770.195599999999,not_in_gurobi_pool,,1111111000111111001,10000000000111000,111111100011111100110000000000111000,128,8192,25,152,true,single,36,1.0e-10,64
VQE_reduced_surrogate,73002,6936,1,0.0001220703125,1752.157818749993,1770.8601999999994,not_in_gurobi_pool,,1100011100100111100,00000001000101000,110001110010011110000000001000101000,128,8192,25,152,true,single,36,1.0e-10,64
VQE_reduced_surrogate,73002,6937,1,0.0001220703125,1752.1578187499915,1770.8601999999994,not_in_gurobi_pool,,1100111000100111100,00000001000101000,110011100010011110000000001000101000,128,8192,25,152,true,single,36,1.0e-10,64
VQE_reduced_surrogate,73002,6969,1,0.0001220703125,1774.1503687500021,1771.4785999999992,not_in_gurobi_pool,,1111010010101100110,00000000000111011,111101001010110011000000000000111011,128,8192,25,152,true,single,36,1.0e-10,64
VQE_reduced_surrogate,73002,6944,1,0.0001220703125,1764.38229375,1772.3975999999993,not_in_gurobi_pool,,0111000110000101110,00100000010100010,011100011000010111000100000010100010,128,8192,25,152,true,single,36,1.0e-10,64
VQE_reduced_surrogate,73002,6945,1,0.0001220703125,1764.7472937500013,1772.762599999999,not_in_gurobi_pool,,1111000110110111011,00100000000100000,111100011011011101100100000000100000,128,8192,25,152,true,single,36,1.0e-10,64
VQE_reduced_surrogate,73002,6947,1,0.0001220703125,1765.6752937500064,1773.6905999999992,not_in_gurobi_pool,,0111000110110011000,10100000000100000,011100011011001100010100000000100000,128,8192,25,152,true,single,36,1.0e-10,64
VQE_reduced_surrogate,73002,6923,1,0.0001220703125,1744.3117437499932,1773.7011999999993,not_in_gurobi_pool,,1100011110000111100,00000101110100000,110001111000011110000000101110100000,128,8192,25,152,true,single,36,1.0e-10,64
VQE_reduced_surrogate,73002,6924,1,0.0001220703125,1744.5643437499946,1773.953799999999,not_in_gurobi_pool,,0001111000100111101,00000101000001000,000111100010011110100000101000001000,128,8192,25,152,true,single,36,1.0e-10,64
VQE_reduced_surrogate,73002,6948,1,0.0001220703125,1765.978393750001,1773.9936999999993,not_in_gurobi_pool,,0011101000101111100,00000100000000000,001110100010111110000000100000000000,128,8192,25,152,true,single,36,1.0e-10,64
VQE_reduced_surrogate,73002,6949,1,0.0001220703125,1766.069293749999,1774.0845999999992,not_in_gurobi_pool,,0111001100101110110,00000000000100001,011100110010111011000000000000100001,128,8192,25,152,true,single,36,1.0e-10,64
VQE_reduced_surrogate,73002,6939,1,0.0001220703125,1755.684218750012,1774.3865999999994,not_in_gurobi_pool,,0111000000110101100,00100000000100000,011100000011010110000100000000100000,128,8192,25,152,true,single,36,1.0e-10,64
VQE_reduced_surrogate,73002,6994,1,0.0001220703125,1787.7485437500018,1774.389699999999,not_in_gurobi_pool,,0101010110110111000,10000000000101000,010101011011011100010000000000101000,128,8192,25,152,true,single,36,1.0e-10,64
VQE_reduced_surrogate,73002,6995,1,0.0001220703125,1787.9615437500024,1774.602699999999,not_in_gurobi_pool,,0011100111000111000,10100100010000000,001110011100011100010100100010000000,128,8192,25,152,true,single,36,1.0e-10,64
VQE_reduced_surrogate,73002,6973,1,0.0001220703125,1777.7133687500063,1775.0415999999993,not_in_gurobi_pool,,1111010101101011101,00000000000111000,111101010110101110100000000000111000,128,8192,25,152,true,single,36,1.0e-10,64
VQE_reduced_surrogate,73002,6974,1,0.0001220703125,1777.7370687500056,1775.065299999999,not_in_gurobi_pool,,0000000110100111100,01100000010000000,000000011010011110001100000010000000,128,8192,25,152,true,single,36,1.0e-10,64
VQE_reduced_surrogate,73002,6950,1,0.0001220703125,1767.384393750004,1775.3996999999993,not_in_gurobi_pool,,0011100101000111101,00100100010000000,001110010100011110100100100010000000,128,8192,25,152,true,single,36,1.0e-10,64
VQE_reduced_surrogate,73002,6976,1,0.0001220703125,1778.5223687499906,1775.8505999999993,not_in_gurobi_pool,,0111110110101011110,00000000000111100,011111011010101111000000000000111100,128,8192,25,152,true,single,36,1.0e-10,64
VQE_reduced_surrogate,73002,6952,1,0.0001220703125,1768.138893750002,1776.154199999999,not_in_gurobi_pool,,1100100011100111011,00100000010000000,110010001110011101100100000010000000,128,8192,25,152,true,single,36,1.0e-10,64
VQE_reduced_surrogate,73002,6954,1,0.0001220703125,1768.6957937499951,1776.7110999999993,not_in_gurobi_pool,,0110111100010111101,00010101010110000,011011110001011110100010101010110000,128,8192,25,152,true,single,36,1.0e-10,64
VQE_reduced_surrogate,73002,6941,1,0.0001220703125,1758.0387187499982,1776.7410999999995,not_in_gurobi_pool,,0110111110000111101,00000101010110000,011011111000011110100000101010110000,128,8192,25,152,true,single,36,1.0e-10,64
VQE_reduced_surrogate,73002,7001,1,0.0001220703125,1790.1525437499965,1776.7936999999993,not_in_gurobi_pool,,0101001100011111100,00010101100000000,010100110001111110000010101100000000,128,8192,25,152,true,single,36,1.0e-10,64
VQE_reduced_surrogate,73002,7002,1,0.0001220703125,1790.1525437500009,1776.7936999999993,not_in_gurobi_pool,,0101001000011111100,00010101100000000,010100100001111110000010101100000000,128,8192,25,152,true,single,36,1.0e-10,64
VQE_reduced_surrogate,73002,6942,1,0.0001220703125,1758.3208187499918,1777.0231999999994,not_in_gurobi_pool,,1100011000110111101,00000001000101000,110001100011011110100000001000101000,128,8192,25,152,true,single,36,1.0e-10,64
VQE_reduced_surrogate,73002,6979,1,0.0001220703125,1779.724968749997,1777.0531999999992,not_in_gurobi_pool,,1100001110100111100,00000001000000000,110000111010011110000000001000000000,128,8192,25,152,true,single,36,1.0e-10,64
VQE_reduced_surrogate,73002,6980,1,0.0001220703125,1779.8474687499852,1777.1756999999996,not_in_gurobi_pool,,1101101110101111100,00000001000000000,110110111010111110000000001000000000,128,8192,25,152,true,single,36,1.0e-10,64
VQE_reduced_surrogate,73002,6955,1,0.0001220703125,1769.1992937499972,1777.214599999999,not_in_gurobi_pool,,0111000101110011000,10100000000100000,011100010111001100010100000000100000,128,8192,25,152,true,single,36,1.0e-10,64
VQE_reduced_surrogate,73002,6956,1,0.0001220703125,1769.3112937500052,1777.3265999999996,not_in_gurobi_pool,,0111001000010101110,00010101000100010,011100100001010111000010101000100010,128,8192,25,152,true,single,36,1.0e-10,64
VQE_reduced_surrogate,73002,6957,1,0.0001220703125,1769.4422937500015,1777.4575999999995,not_in_gurobi_pool,,0111011110001011111,00000101000110100,011101111000101111100000101000110100,128,8192,25,152,true,single,36,1.0e-10,64
VQE_reduced_surrogate,73002,7003,1,0.0001220703125,1791.2725437499944,1777.9136999999994,not_in_gurobi_pool,,0101010101110111000,10000000000101000,010101010111011100010000000000101000,128,8192,25,152,true,single,36,1.0e-10,64
VQE_reduced_surrogate,73002,6959,1,0.0001220703125,1770.0233937500016,1778.038699999999,not_in_gurobi_pool,,0011100110010111100,00100100010000000,001110011001011110000100100010000000,128,8192,25,152,true,single,36,1.0e-10,64
VQE_reduced_surrogate,73002,6960,1,0.0001220703125,1770.028793749997,1778.0440999999994,not_in_gurobi_pool,,0110011100010111111,00010101010110000,011001110001011111100010101010110000,128,8192,25,152,true,single,36,1.0e-10,64
VQE_reduced_surrogate,73002,6931,1,0.0001220703125,1749.1687437499897,1778.5581999999993,not_in_gurobi_pool,,1100011001000111110,00000101110100000,110001100100011111000000101110100000,128,8192,25,152,true,single,36,1.0e-10,64
VQE_reduced_surrogate,73002,6983,1,0.0001220703125,1781.9484687500094,1779.276699999999,not_in_gurobi_pool,,0101010111101111011,00000000000101000,010101011110111101100000000000101000,128,8192,25,152,true,single,36,1.0e-10,64
VQE_reduced_surrogate,73002,6984,1,0.0001220703125,1782.0173687499948,1779.3455999999994,not_in_gurobi_pool,,0111111000110101100,00000000000111000,011111100011010110000000000000111000,128,8192,25,152,true,single,36,1.0e-10,64
VQE_reduced_surrogate,73002,7007,1,0.0001220703125,1792.707543749999,1779.348699999999,not_in_gurobi_pool,,0101001110110111000,10000001000000000,010100111011011100010000001000000000,128,8192,25,152,true,single,36,1.0e-10,64
VQE_reduced_surrogate,73002,6985,1,0.0001220703125,1782.1183687499947,1779.446599999999,not_in_gurobi_pool,,0111011100111011101,00000000000111000,011101110011101110100000000000111000,128,8192,25,152,true,single,36,1.0e-10,64
VQE_reduced_surrogate,73002,6962,1,0.0001220703125,1771.8872937499996,1779.9025999999994,not_in_gurobi_pool,,0111010010111000110,00000000000111111,011101001011100011000000000000111111,128,8192,25,152,true,single,36,1.0e-10,64
VQE_reduced_surrogate,73002,6988,1,0.0001220703125,1782.6113687499947,1779.9395999999995,not_in_gurobi_pool,,0111011000111001110,00000000000111110,011101100011100111000000000000111110,128,8192,25,152,true,single,36,1.0e-10,64
VQE_reduced_surrogate,73002,6963,1,0.0001220703125,1772.0089937500043,1780.0242999999994,not_in_gurobi_pool,,0000001110100111100,01000101000000000,000000111010011110001000101000000000,128,8192,25,152,true,single,36,1.0e-10,64
VQE_reduced_surrogate,73002,7008,1,0.0001220703125,1793.4219437499903,1780.0630999999992,not_in_gurobi_pool,,0110111100110111100,00000000000111000,011011110011011110000000000000111000,128,8192,25,152,true,single,36,1.0e-10,64
VQE_reduced_surrogate,73002,6964,1,0.0001220703125,1772.1413937500017,1780.1566999999993,not_in_gurobi_pool,,0011001000111111100,00000100000000000,001100100011111110000000100000000000,128,8192,25,152,true,single,36,1.0e-10,64
VQE_reduced_surrogate,73002,6965,1,0.0001220703125,1772.6632937500008,1780.6785999999993,not_in_gurobi_pool,,0111001000110101110,00000000000100010,011100100011010111000000000000100010,128,8192,25,152,true,single,36,1.0e-10,64
VQE_reduced_surrogate,73002,6990,1,0.0001220703125,1784.005368750005,1781.3335999999995,not_in_gurobi_pool,,1111001001101011111,00000000000100100,111100100110101111100000000000100100,128,8192,25,152,true,single,36,1.0e-10,64
VQE_reduced_surrogate,73002,7012,1,0.0001220703125,1794.7849437499929,1781.4260999999995,not_in_gurobi_pool,,0110101010100111111,00000000000100000,011010101010011111100000000000100000,128,8192,25,152,true,single,36,1.0e-10,64
VQE_reduced_surrogate,73002,6967,1,0.0001220703125,1773.46629375,1781.4815999999994,not_in_gurobi_pool,,0111100010110110110,00100000000100001,011110001011011011000100000000100001,128,8192,25,152,true,single,36,1.0e-10,64
VQE_reduced_surrogate,73002,6991,1,0.0001220703125,1784.3003687499952,1781.6285999999993,not_in_gurobi_pool,,0111001001100100100,00000000000100000,011100100110010010000000000000100000,128,8192,25,152,true,single,36,1.0e-10,64
VQE_reduced_surrogate,73002,6992,1,0.0001220703125,1784.5843687499937,1781.9125999999992,not_in_gurobi_pool,,0111110010110101110,00000000000111010,011111001011010111000000000000111010,128,8192,25,152,true,single,36,1.0e-10,64
VQE_reduced_surrogate,73002,6968,1,0.0001220703125,1773.9982937499956,1782.0135999999995,not_in_gurobi_pool,,0111000010110011111,00100000000100100,011100001011001111100100000000100100,128,8192,25,152,true,single,36,1.0e-10,64
VQE_reduced_surrogate,73002,6971,1,0.0001220703125,1774.949393750012,1782.964699999999,not_in_gurobi_pool,,0101111011100110011,00000001000101001,010111101110011001100000001000101001,128,8192,25,152,true,single,36,1.0e-10,64
VQE_reduced_surrogate,73002,7016,1,0.0001220703125,1797.0325437499923,1783.6736999999991,not_in_gurobi_pool,,0011100111100110101,00100000000000000,001110011110011010100100000000000000,128,8192,25,152,true,single,36,1.0e-10,64
VQE_reduced_surrogate,73002,7017,1,0.0001220703125,1797.52464374999,1784.165799999999,not_in_gurobi_pool,,0001110011101011100,00000000000001000,000111001110101110000000000000001000,128,8192,25,152,true,single,36,1.0e-10,64
VQE_reduced_surrogate,73002,6972,1,0.0001220703125,1776.897793750007,1784.913099999999,not_in_gurobi_pool,,0110110111101110110,00000000010111001,011011011110111011000000000010111001,128,8192,25,152,true,single,36,1.0e-10,64
VQE_reduced_surrogate,73002,6996,1,0.0001220703125,1788.1083687499922,1785.436599999999,not_in_gurobi_pool,,0111110001110101110,00000000000111010,011111000111010111000000000000111010,128,8192,25,152,true,single,36,1.0e-10,64
VQE_reduced_surrogate,73002,6997,1,0.0001220703125,1788.2824687500065,1785.610699999999,not_in_gurobi_pool,,0011011010110011100,00000100000101000,001101101011001110000000100000101000,128,8192,25,152,true,single,36,1.0e-10,64
VQE_reduced_surrogate,73002,6998,1,0.0001220703125,1788.3113687499986,1785.6395999999993,not_in_gurobi_pool,,0111001110110011101,00000000000100000,011100111011001110100000000000100000,128,8192,25,152,true,single,36,1.0e-10,64
VQE_reduced_surrogate,73002,6999,1,0.0001220703125,1788.311368749999,1785.6395999999993,not_in_gurobi_pool,,0111001110111011100,00000000000100000,011100111011101110000000000000100000,128,8192,25,152,true,single,36,1.0e-10,64
VQE_reduced_surrogate,73002,7000,1,0.0001220703125,1789.006368750001,1786.334599999999,not_in_gurobi_pool,,0111111011000001110,00000101000110110,011111101100000111000000101000110110,128,8192,25,152,true,single,36,1.0e-10,64
VQE_reduced_surrogate,73002,6975,1,0.0001220703125,1778.3233937499717,1786.338699999999,not_in_gurobi_pool,,0101111110111111100,00000001000101000,010111111011111110000000001000101000,128,8192,25,152,true,single,36,1.0e-10,64
VQE_reduced_surrogate,73002,6977,1,0.0001220703125,1779.158793750007,1787.1740999999993,not_in_gurobi_pool,,1110010011110101101,00000000010111000,111001001111010110100000000010111000,128,8192,25,152,true,single,36,1.0e-10,64
VQE_reduced_surrogate,73002,7039,1,0.0001220703125,1811.7450187500028,1787.6990999999991,not_in_gurobi_pool,,0110111011101100101,00000000000111000,011011101110110010100000000000111000,128,8192,25,152,true,single,36,1.0e-10,64
VQE_reduced_surrogate,73002,7040,1,0.0001220703125,1811.7450187499987,1787.6990999999991,not_in_gurobi_pool,,0110111011100100100,00000000000111000,011011101110010010000000000000111000,128,8192,25,152,true,single,36,1.0e-10,64
VQE_reduced_surrogate,73002,7023,1,0.0001220703125,1801.0811437499904,1787.7222999999988,not_in_gurobi_pool,,0000011111000111110,01000111110000000,000001111100011111001000111110000000,128,8192,25,152,true,single,36,1.0e-10,64
VQE_reduced_surrogate,73002,7041,1,0.0001220703125,1812.2770187500037,1788.2310999999993,not_in_gurobi_pool,,0110011111101001100,00000000000111000,011001111110100110000000000000111000,128,8192,25,152,true,single,36,1.0e-10,64
VQE_reduced_surrogate,73002,6958,1,0.0001220703125,1769.55081875,1788.2531999999992,not_in_gurobi_pool,,0100111011101000110,00000001000101111,010011101110100011000000001000101111,128,8192,25,152,true,single,36,1.0e-10,64
VQE_reduced_surrogate,73002,6981,1,0.0001220703125,1780.8989937499969,1788.9142999999995,not_in_gurobi_pool,,0000001111110111000,11000101000000000,000000111111011100011000101000000000,128,8192,25,152,true,single,36,1.0e-10,64
VQE_reduced_surrogate,73002,6982,1,0.0001220703125,1781.0102937500062,1789.0255999999993,not_in_gurobi_pool,,0111010111110100101,00000000000111000,011101011111010010100000000000111000,128,8192,25,152,true,single,36,1.0e-10,64
VQE_reduced_surrogate,73002,7042,1,0.0001220703125,1813.1790187500103,1789.1330999999993,not_in_gurobi_pool,,0110111011101010111,00000000000111101,011011101110101011100000000000111101,128,8192,25,152,true,single,36,1.0e-10,64
VQE_reduced_surrogate,73002,7045,1,0.0001220703125,1813.6100187500022,1789.5640999999994,not_in_gurobi_pool,,0110111011101001111,00000000000111110,011011101110100111100000000000111110,128,8192,25,152,true,single,36,1.0e-10,64
VQE_reduced_surrogate,73002,6961,1,0.0001220703125,1770.9154187499973,1789.6177999999993,not_in_gurobi_pool,,0001111011101001110,00000101000001110,000111101110100111000000101000001110,128,8192,25,152,true,single,36,1.0e-10,64
VQE_reduced_surrogate,73002,6987,1,0.0001220703125,1782.3488937499988,1790.364199999999,not_in_gurobi_pool,,0100111011101011111,00000001000101100,010011101110101111100000001000101100,128,8192,25,152,true,single,36,1.0e-10,64
VQE_reduced_surrogate,73002,7011,1,0.0001220703125,1794.6763687500038,1792.0045999999993,not_in_gurobi_pool,,0111111011011011101,00000101000110000,011111101101101110100000101000110000,128,8192,25,152,true,single,36,1.0e-10,64
VQE_reduced_surrogate,73002,7013,1,0.0001220703125,1795.1693687500072,1792.4975999999988,not_in_gurobi_pool,,0111011011010001111,00000101000110110,011101101101000111100000101000110110,128,8192,25,152,true,single,36,1.0e-10,64
VQE_reduced_surrogate,73002,7037,1,0.0001220703125,1810.3926687500086,1807.7208999999993,not_in_gurobi_pool,,0111000100001011100,00110000010100000,011100010000101110000110000010100000,128,8192,25,152,true,single,36,1.0e-10,64
VQE_reduced_surrogate,73002,7022,1,0.0001220703125,1800.7566937499942,1808.771999999999,not_in_gurobi_pool,,1101010100100111100,00000000000101000,110101010010011110000000000000101000,128,8192,25,152,true,single,36,1.0e-10,64
VQE_reduced_surrogate,73002,7084,1,0.0001220703125,1835.5559187499891,1811.5099999999989,not_in_gurobi_pool,,1011000001100111001,10100000000000000,101100000110011100110100000000000000,128,8192,25,152,true,single,36,1.0e-10,64
VQE_reduced_surrogate,73002,6986,1,0.0001220703125,1782.299943750008,1811.6893999999995,not_in_gurobi_pool,,0110100000101111100,00100000010100000,011010000010111110000100000010100000,128,8192,25,152,true,single,36,1.0e-10,64
VQE_reduced_surrogate,73002,7010,1,0.0001220703125,1793.6025187500031,1812.3048999999994,not_in_gurobi_pool,,0111000100100101110,00100000000100010,011100010010010111000100000000100010,128,8192,25,152,true,single,36,1.0e-10,64
VQE_reduced_surrogate,73002,7014,1,0.0001220703125,1795.2525187499966,1813.9548999999995,not_in_gurobi_pool,,0111001110000111011,00000101000100000,011100111000011101100000101000100000,128,8192,25,152,true,single,36,1.0e-10,64
VQE_reduced_surrogate,73002,7030,1,0.0001220703125,1806.3345937500019,1814.3498999999993,not_in_gurobi_pool,,1111100001010111000,10100000010100000,111110000101011100010100000010100000,128,8192,25,152,true,single,36,1.0e-10,64
VQE_reduced_surrogate,73002,7015,1,0.0001220703125,1795.9106187499983,1814.6129999999991,not_in_gurobi_pool,,0101010110001111100,00000001010100000,010101011000111110000000001010100000,128,8192,25,152,true,single,36,1.0e-10,64
VQE_reduced_surrogate,73002,7046,1,0.0001220703125,1817.4853687500008,1814.8135999999993,not_in_gurobi_pool,,1000000110100111100,01100000010000000,100000011010011110001100000010000000,128,8192,25,152,true,single,36,1.0e-10,64
VQE_reduced_surrogate,73002,7047,1,0.0001220703125,1817.738668750011,1815.0668999999994,not_in_gurobi_pool,,1111010010101110111,00000000000111001,111101001010111011100000000000111001,128,8192,25,152,true,single,36,1.0e-10,64
VQE_reduced_surrogate,73002,7094,1,0.0001220703125,1839.8973187500071,1815.851399999999,not_in_gurobi_pool,,0110101010100111000,10000000000100000,011010101010011100010000000000100000,128,8192,25,152,true,single,36,1.0e-10,64
VQE_reduced_surrogate,73002,7048,1,0.0001220703125,1818.5656687500027,1815.8938999999993,not_in_gurobi_pool,,0111010010100100100,00000000000111000,011101001010010010000000000000111000,128,8192,25,152,true,single,36,1.0e-10,64
VQE_reduced_surrogate,73002,7049,1,0.0001220703125,1818.6167687500008,1815.9449999999993,not_in_gurobi_pool,,0011111110100111000,10000100000101000,001111111010011100010000100000101000,128,8192,25,152,true,single,36,1.0e-10,64
VQE_reduced_surrogate,73002,7032,1,0.0001220703125,1808.4105937500042,1816.4258999999993,not_in_gurobi_pool,,0111000010101001100,00100000000100000,011100001010100110000100000000100000,128,8192,25,152,true,single,36,1.0e-10,64
VQE_reduced_surrogate,73002,7033,1,0.0001220703125,1808.5566937499927,1816.5719999999992,not_in_gurobi_pool,,1101111010001111100,00000101100100000,110111101000111110000000101100100000,128,8192,25,152,true,single,36,1.0e-10,64
VQE_reduced_surrogate,73002,7034,1,0.0001220703125,1808.5642937500013,1816.5795999999991,not_in_gurobi_pool,,0000111000100111100,01000101000001000,000011100010011110001000101000001000,128,8192,25,152,true,single,36,1.0e-10,64
VQE_reduced_surrogate,73002,7019,1,0.0001220703125,1797.906118749993,1816.6084999999991,not_in_gurobi_pool,,0100111000100111100,00000001000101000,010011100010011110000000001000101000,128,8192,25,152,true,single,36,1.0e-10,64
VQE_reduced_surrogate,73002,7071,1,0.0001220703125,1831.1724437499975,1817.8135999999993,not_in_gurobi_pool,,0000110010101111100,01000000010001000,000011001010111110001000000010001000,128,8192,25,152,true,single,36,1.0e-10,64
VQE_reduced_surrogate,73002,7072,1,0.0001220703125,1831.413243750001,1818.0543999999995,not_in_gurobi_pool,,0110110001000111100,00000000011110000,011011000100011110000000000011110000,128,8192,25,152,true,single,36,1.0e-10,64
VQE_reduced_surrogate,73002,7035,1,0.0001220703125,1810.351193749992,1818.3664999999992,not_in_gurobi_pool,,1100000101100111100,00100000010000000,110000010110011110000100000010000000,128,8192,25,152,true,single,36,1.0e-10,64
VQE_reduced_surrogate,73002,7021,1,0.0001220703125,1800.1705187500036,1818.8728999999992,not_in_gurobi_pool,,0111001010001011101,00000101000100000,011100101000101110100000101000100000,128,8192,25,152,true,single,36,1.0e-10,64
VQE_reduced_surrogate,73002,7078,1,0.0001220703125,1832.7908437499962,1819.4319999999989,not_in_gurobi_pool,,0011000011101110000,10100000000000000,001100001110111000010100000000000000,128,8192,25,152,true,single,36,1.0e-10,64
VQE_reduced_surrogate,73002,7079,1,0.0001220703125,1833.170243749992,1819.8113999999994,not_in_gurobi_pool,,1110111000110111100,00000000000111000,111011100011011110000000000000111000,128,8192,25,152,true,single,36,1.0e-10,64
VQE_reduced_surrogate,73002,7080,1,0.0001220703125,1833.2218437499998,1819.862999999999,not_in_gurobi_pool,,0011000011101101000,10100000000000000,001100001110110100010100000000000000,128,8192,25,152,true,single,36,1.0e-10,64
VQE_reduced_surrogate,73002,7024,1,0.0001220703125,1802.3031187499953,1821.005499999999,not_in_gurobi_pool,,1100010010110111100,00000000010101000,110001001011011110000000000010101000,128,8192,25,152,true,single,36,1.0e-10,64
VQE_reduced_surrogate,73002,7043,1,0.0001220703125,1813.4015937499955,1821.4168999999993,not_in_gurobi_pool,,0111011000111000110,00000000000111111,011101100011100011000000000000111111,128,8192,25,152,true,single,36,1.0e-10,64
VQE_reduced_surrogate,73002,7044,1,0.0001220703125,1813.4315937499985,1821.446899999999,not_in_gurobi_pool,,0111001110101000110,00000000000100111,011100111010100011000000000000100111,128,8192,25,152,true,single,36,1.0e-10,64
VQE_reduced_surrogate,73002,7082,1,0.0001220703125,1835.0517437500039,1821.6928999999993,not_in_gurobi_pool,,0111111110100110101,00000000000111000,011111111010011010100000000000111000,128,8192,25,152,true,single,36,1.0e-10,64
VQE_reduced_surrogate,73002,7085,1,0.0001220703125,1835.5837437499945,1822.224899999999,not_in_gurobi_pool,,0111111110101011101,00000000000111000,011111111010101110100000000000111000,128,8192,25,152,true,single,36,1.0e-10,64
VQE_reduced_surrogate,73002,7060,1,0.0001220703125,1826.1286687499908,1823.4568999999992,not_in_gurobi_pool,,0111001110101101111,00000000000100010,011100111010110111100000000000100010,128,8192,25,152,true,single,36,1.0e-10,64
VQE_reduced_surrogate,73002,7089,1,0.0001220703125,1837.4978437499929,1824.138999999999,not_in_gurobi_pool,,0011000110111111100,00100000000000000,001100011011111110000100000000000000,128,8192,25,152,true,single,36,1.0e-10,64
VQE_reduced_surrogate,73002,7061,1,0.0001220703125,1826.8107687499828,1824.1389999999992,not_in_gurobi_pool,,0011110110110111100,00000000000101000,001111011011011110000000000000101000,128,8192,25,152,true,single,36,1.0e-10,64
VQE_reduced_surrogate,73002,7062,1,0.0001220703125,1826.8107687499835,1824.1389999999992,not_in_gurobi_pool,,0011110010111111100,00000000000101000,001111001011111110000000000000101000,128,8192,25,152,true,single,36,1.0e-10,64
VQE_reduced_surrogate,73002,7026,1,0.0001220703125,1805.8271187499856,1824.529499999999,not_in_gurobi_pool,,1100010001110111100,00000000010101000,110001000111011110000000000010101000,128,8192,25,152,true,single,36,1.0e-10,64
VQE_reduced_surrogate,73002,7027,1,0.0001220703125,1805.930118749995,1824.6324999999993,not_in_gurobi_pool,,1010010011100110110,00000000010101001,101001001110011011000000000010101001,128,8192,25,152,true,single,36,1.0e-10,64
VQE_reduced_surrogate,73002,7090,1,0.0001220703125,1838.2677437499901,1824.9088999999992,not_in_gurobi_pool,,0111111001101001100,00000000000111000,011111100110100110000000000000111000,128,8192,25,152,true,single,36,1.0e-10,64
VQE_reduced_surrogate,73002,7028,1,0.0001220703125,1806.282618750002,1824.984999999999,not_in_gurobi_pool,,0011011011100010011,00000100000101101,001101101110001001100000100000101101,128,8192,25,152,true,single,36,1.0e-10,64
VQE_reduced_surrogate,73002,7029,1,0.0001220703125,1806.311518750001,1825.0138999999992,not_in_gurobi_pool,,0111001111100010011,00000000000100101,011100111110001001100000000000100101,128,8192,25,152,true,single,36,1.0e-10,64
VQE_reduced_surrogate,73002,7063,1,0.0001220703125,1827.7296687500127,1825.0578999999993,not_in_gurobi_pool,,1111111011000110101,00000101000110000,111111101100011010100000101000110000,128,8192,25,152,true,single,36,1.0e-10,64
VQE_reduced_surrogate,73002,7091,1,0.0001220703125,1838.8284437499926,1825.4695999999992,not_in_gurobi_pool,,0000011001110111001,11000101000001000,000001100111011100111000101000001000,128,8192,25,152,true,single,36,1.0e-10,64
VQE_reduced_surrogate,73002,7064,1,0.0001220703125,1828.1437687499886,1825.4719999999993,not_in_gurobi_pool,,0011010010110111111,00000000000101000,001101001011011111100000000000101000,128,8192,25,152,true,single,36,1.0e-10,64
VQE_reduced_surrogate,73002,7065,1,0.0001220703125,1828.1606687500027,1825.4888999999994,not_in_gurobi_pool,,1111111011000101101,00000101000110000,111111101100010110100000101000110000,128,8192,25,152,true,single,36,1.0e-10,64
VQE_reduced_surrogate,73002,7066,1,0.0001220703125,1828.2667687499995,1825.5949999999991,not_in_gurobi_pool,,0011010011110110001,10000000000101000,001101001111011000110000000000101000,128,8192,25,152,true,single,36,1.0e-10,64
VQE_reduced_surrogate,73002,7092,1,0.0001220703125,1839.0687437499964,1825.7098999999992,not_in_gurobi_pool,,0111111001100100110,00000000000111011,011111100110010011000000000000111011,128,8192,25,152,true,single,36,1.0e-10,64
VQE_reduced_surrogate,73002,7067,1,0.0001220703125,1828.6073687499884,1825.9355999999989,not_in_gurobi_pool,,1000011110110111100,01000101000001000,100001111011011110001000101000001000,128,8192,25,152,true,single,36,1.0e-10,64
VQE_reduced_surrogate,73002,7069,1,0.0001220703125,1829.0082687500003,1826.3364999999992,not_in_gurobi_pool,,0010001101100111100,00000100000000000,001000110110011110000000100000000000,128,8192,25,152,true,single,36,1.0e-10,64
VQE_reduced_surrogate,73002,7050,1,0.0001220703125,1818.8365937500007,1826.8518999999992,not_in_gurobi_pool,,0111000101110101101,00100000000100000,011100010111010110100100000000100000,128,8192,25,152,true,single,36,1.0e-10,64
VQE_reduced_surrogate,73002,7018,1,0.0001220703125,1797.718443749975,1827.1078999999997,not_in_gurobi_pool,,0111101110011111110,00000101000100000,011110111001111111000000101000100000,128,8192,25,152,true,single,36,1.0e-10,64
VQE_reduced_surrogate,73002,7051,1,0.0001220703125,1819.338093750003,1827.3533999999988,not_in_gurobi_pool,,0110010011101001111,00000000010111110,011001001110100111100000000010111110,128,8192,25,152,true,single,36,1.0e-10,64
VQE_reduced_surrogate,73002,7095,1,0.0001220703125,1841.1138437499926,1827.7549999999992,not_in_gurobi_pool,,0011100111100110110,00100000000000001,001110011110011011000100000000000001,128,8192,25,152,true,single,36,1.0e-10,64
VQE_reduced_surrogate,73002,7052,1,0.0001220703125,1820.676193750002,1828.6914999999995,not_in_gurobi_pool,,1100111111110111001,10000001000101000,110011111111011100110000001000101000,128,8192,25,152,true,single,36,1.0e-10,64
VQE_reduced_surrogate,73002,7053,1,0.0001220703125,1821.0095937499905,1829.0248999999992,not_in_gurobi_pool,,0111110101111111111,00000000000111000,011111010111111111100000000000111000,128,8192,25,152,true,single,36,1.0e-10,64
VQE_reduced_surrogate,73002,7036,1,0.0001220703125,1810.3557187499841,1829.058099999999,not_in_gurobi_pool,,0001011110110111101,00000101000001000,000101111011011110100000101000001000,128,8192,25,152,true,single,36,1.0e-10,64
VQE_reduced_surrogate,73002,7073,1,0.0001220703125,1831.8606687499964,1829.1888999999992,not_in_gurobi_pool,,0111001110110110110,00000000000100001,011100111011011011000000000000100001,128,8192,25,152,true,single,36,1.0e-10,64
VQE_reduced_surrogate,73002,7074,1,0.0001220703125,1831.860668749998,1829.1888999999992,not_in_gurobi_pool,,0111001010110110111,00000000000100001,011100101011011011100000000000100001,128,8192,25,152,true,single,36,1.0e-10,64
VQE_reduced_surrogate,73002,7077,1,0.0001220703125,1832.0667687499986,1829.3949999999993,not_in_gurobi_pool,,1101001011101001110,00000001000000110,110100101110100111000000001000000110,128,8192,25,152,true,single,36,1.0e-10,64
VQE_reduced_surrogate,73002,7038,1,0.0001220703125,1811.099618749999,1829.801999999999,not_in_gurobi_pool,,0011111011101000100,00000100000101000,001111101110100010000000100000101000,128,8192,25,152,true,single,36,1.0e-10,64
VQE_reduced_surrogate,73002,7098,1,0.0001220703125,1843.7692437500025,1830.4103999999993,not_in_gurobi_pool,,0110100111010111101,00100000011100000,011010011101011110100100000011100000,128,8192,25,152,true,single,36,1.0e-10,64
VQE_reduced_surrogate,73002,7054,1,0.0001220703125,1822.6555937500045,1830.670899999999,not_in_gurobi_pool,,0111101111100010100,00000000000100000,011110111110001010000000000000100000,128,8192,25,152,true,single,36,1.0e-10,64
VQE_reduced_surrogate,73002,7056,1,0.0001220703125,1822.9351937500016,1830.9504999999992,not_in_gurobi_pool,,0010011011101001100,00000100000101000,001001101110100110000000100000101000,128,8192,25,152,true,single,36,1.0e-10,64
VQE_reduced_surrogate,73002,7115,1,0.0001220703125,1855.0383187500067,1830.9923999999992,not_in_gurobi_pool,,0110111011110011000,10000000000111000,011011101111001100010000000000111000,128,8192,25,152,true,single,36,1.0e-10,64
VQE_reduced_surrogate,73002,7057,1,0.0001220703125,1823.1196937499997,1831.1349999999989,not_in_gurobi_pool,,0011101011101000110,00000100000000111,001110101110100011000000100000000111,128,8192,25,152,true,single,36,1.0e-10,64
VQE_reduced_surrogate,73002,7025,1,0.0001220703125,1802.3956437499894,1831.785099999999,not_in_gurobi_pool,,0001101011111111001,10000101000000000,000110101111111100110000101000000000,128,8192,25,152,true,single,36,1.0e-10,64
VQE_reduced_surrogate,73002,7058,1,0.0001220703125,1824.3906937499926,1832.4059999999993,not_in_gurobi_pool,,0011111011101001111,00000100000101110,001111101110100111100000100000101110,128,8192,25,152,true,single,36,1.0e-10,64
VQE_reduced_surrogate,73002,7083,1,0.0001220703125,1835.2937687499868,1832.6219999999992,not_in_gurobi_pool,,0011001101111111100,00000100000000000,001100110111111110000000100000000000,128,8192,25,152,true,single,36,1.0e-10,64
VQE_reduced_surrogate,73002,7059,1,0.0001220703125,1825.142693749987,1833.1579999999992,not_in_gurobi_pool,,0011111111110111010,00000100000101000,001111111111011101000000100000101000,128,8192,25,152,true,single,36,1.0e-10,64
VQE_reduced_surrogate,73002,7088,1,0.0001220703125,1836.5056687500019,1833.833899999999,not_in_gurobi_pool,,1111111011111010100,00000000000111000,111111101111101010000000000000111000,128,8192,25,152,true,single,36,1.0e-10,64
VQE_reduced_surrogate,73002,7104,1,0.0001220703125,1847.2768437499972,1833.9179999999992,not_in_gurobi_pool,,0011000011110110110,00100000000000001,001100001111011011000100000000000001,128,8192,25,152,true,single,36,1.0e-10,64
VQE_reduced_surrogate,73002,7093,1,0.0001220703125,1839.467768749989,1836.795999999999,not_in_gurobi_pool,,0011111011010111111,00000111000100000,001111101101011111100000111000100000,128,8192,25,152,true,single,36,1.0e-10,64
VQE_reduced_surrogate,73002,7075,1,0.0001220703125,1832.0308187499998,1850.733199999999,not_in_gurobi_pool,,1111100000110111001,10100000000100000,111110000011011100110100000000100000,128,8192,25,152,true,single,36,1.0e-10,64
VQE_reduced_surrogate,73002,7076,1,0.0001220703125,1832.030818750002,1850.733199999999,not_in_gurobi_pool,,1111100000110111000,10100000000100000,111110000011011100010100000000100000,128,8192,25,152,true,single,36,1.0e-10,64
VQE_reduced_surrogate,73002,7110,1,0.0001220703125,1853.840068750013,1851.1682999999994,not_in_gurobi_pool,,0101100100000111100,00110001010000000,010110010000011110000110001010000000,128,8192,25,152,true,single,36,1.0e-10,64
VQE_reduced_surrogate,73002,7111,1,0.0001220703125,1853.8510687500186,1851.1792999999993,not_in_gurobi_pool,,0011000000000111100,00110100010000000,001100000000011110000110100010000000,128,8192,25,152,true,single,36,1.0e-10,64
VQE_reduced_surrogate,73002,7112,1,0.0001220703125,1853.8510687500084,1851.1792999999993,not_in_gurobi_pool,,0011000100000111101,00110100010000000,001100010000011110100110100010000000,128,8192,25,152,true,single,36,1.0e-10,64
VQE_reduced_surrogate,73002,7114,1,0.0001220703125,1855.0020687500012,1852.330299999999,not_in_gurobi_pool,,1101011010000111001,10000101100100000,110101101000011100110000101100100000,128,8192,25,152,true,single,36,1.0e-10,64
VQE_reduced_surrogate,73002,7101,1,0.0001220703125,1844.473993749998,1852.4892999999993,not_in_gurobi_pool,,0101011100100111000,10000001000101000,010101110010011100010000001000101000,128,8192,25,152,true,single,36,1.0e-10,64
VQE_reduced_surrogate,73002,7133,1,0.0001220703125,1867.0821437500006,1853.723299999999,not_in_gurobi_pool,,0101010110100111000,10000000000101000,010101011010011100010000000000101000,128,8192,25,152,true,single,36,1.0e-10,64
VQE_reduced_surrogate,73002,7150,1,0.0001220703125,1877.7802187500047,1853.7342999999992,not_in_gurobi_pool,,0011000110100111000,10100000000000000,001100011010011100010100000000000000,128,8192,25,152,true,single,36,1.0e-10,64
VQE_reduced_surrogate,73002,7087,1,0.0001220703125,1836.3638187499976,1855.0661999999993,not_in_gurobi_pool,,0111000000110111011,00100000000100000,011100000011011101100100000000100000,128,8192,25,152,true,single,36,1.0e-10,64
VQE_reduced_surrogate,73002,7122,1,0.0001220703125,1858.3639687499947,1855.6921999999988,not_in_gurobi_pool,,1111111100110111000,10000000000111000,111111110011011100010000000000111000,128,8192,25,152,true,single,36,1.0e-10,64
VQE_reduced_surrogate,73002,7106,1,0.0001220703125,1848.431893749993,1856.4471999999994,not_in_gurobi_pool,,0111000001101101000,10100000000100000,011100000110110100010100000000100000,128,8192,25,152,true,single,36,1.0e-10,64
VQE_reduced_surrogate,73002,7163,1,0.0001220703125,1891.7386937499932,1857.0056999999993,not_in_gurobi_pool,,1110010011000111000,10000000011110000,111001001100011100010000000011110000,128,8192,25,152,true,single,36,1.0e-10,64
VQE_reduced_surrogate,73002,7123,1,0.0001220703125,1859.950468750012,1857.2786999999992,not_in_gurobi_pool,,0110100010000111100,00100000011100000,011010001000011110000100000011100000,128,8192,25,152,true,single,36,1.0e-10,64
VQE_reduced_surrogate,73002,7070,1,0.0001220703125,1830.0609437499995,1859.450399999999,not_in_gurobi_pool,,0001111000100111100,00000101000001000,000111100010011110000000101000001000,128,8192,25,152,true,single,36,1.0e-10,64
VQE_reduced_surrogate,73002,7157,1,0.0001220703125,1883.9322187500052,1859.8862999999992,not_in_gurobi_pool,,0101000010110111000,10100000000000000,010100001011011100010100000000000000,128,8192,25,152,true,single,36,1.0e-10,64
VQE_reduced_surrogate,73002,7158,1,0.0001220703125,1883.9432187500115,1859.8972999999992,not_in_gurobi_pool,,0011000010110111000,10100000000000000,001100001011011100010100000000000000,128,8192,25,152,true,single,36,1.0e-10,64
VQE_reduced_surrogate,73002,7107,1,0.0001220703125,1852.57549375,1860.590799999999,not_in_gurobi_pool,,0100100110100111100,00100000010000000,010010011010011110000100000010000000,128,8192,25,152,true,single,36,1.0e-10,64
VQE_reduced_surrogate,73002,7096,1,0.0001220703125,1841.8884187499946,1860.5907999999993,not_in_gurobi_pool,,0100010110100111100,00000000010101000,010001011010011110000000000010101000,128,8192,25,152,true,single,36,1.0e-10,64
VQE_reduced_surrogate,73002,7108,1,0.0001220703125,1852.8079937500038,1860.8232999999993,not_in_gurobi_pool,,0011001000100111110,00000100000000000,001100100010011111000000100000000000,128,8192,25,152,true,single,36,1.0e-10,64
VQE_reduced_surrogate,73002,7097,1,0.0001220703125,1843.2214187499912,1861.9237999999993,not_in_gurobi_pool,,0100010010100111110,00000000010101000,010001001010011111000000000010101000,128,8192,25,152,true,single,36,1.0e-10,64
VQE_reduced_surrogate,73002,7146,1,0.0001220703125,1875.5761437499957,1862.2172999999989,not_in_gurobi_pool,,0011101001100111001,10000100000000000,001110100110011100110000100000000000,128,8192,25,152,true,single,36,1.0e-10,64
VQE_reduced_surrogate,73002,7128,1,0.0001220703125,1864.9730687499941,1862.3012999999987,not_in_gurobi_pool,,0011111100010111100,00010111000100000,001111110001011110000010111000100000,128,8192,25,152,true,single,36,1.0e-10,64
VQE_reduced_surrogate,73002,7129,1,0.0001220703125,1864.9730687499953,1862.3012999999987,not_in_gurobi_pool,,0011111000010111101,00010111000100000,001111100001011110100010111000100000,128,8192,25,152,true,single,36,1.0e-10,64
VQE_reduced_surrogate,73002,7113,1,0.0001220703125,1854.3159937499963,1862.331299999999,not_in_gurobi_pool,,0011111110000111100,00000111000100000,001111111000011110000000111000100000,128,8192,25,152,true,single,36,1.0e-10,64
VQE_reduced_surrogate,73002,7130,1,0.0001220703125,1865.3440687499924,1862.6722999999995,not_in_gurobi_pool,,1101101110100111100,00000001000000000,110110111010011110000000001000000000,128,8192,25,152,true,single,36,1.0e-10,64
VQE_reduced_surrogate,73002,7100,1,0.0001220703125,1844.057818749993,1862.760199999999,not_in_gurobi_pool,,0111000101101000110,00100000000100111,011100010110100011000100000000100111,128,8192,25,152,true,single,36,1.0e-10,64
VQE_reduced_surrogate,73002,7102,1,0.0001220703125,1844.5318187500009,1863.2341999999992,not_in_gurobi_pool,,0111110011101001011,00000000000111110,011111001110100101100000000000111110,128,8192,25,152,true,single,36,1.0e-10,64
VQE_reduced_surrogate,73002,7116,1,0.0001220703125,1855.519993750015,1863.5352999999993,not_in_gurobi_pool,,0011000010010111100,00100100010000000,001100001001011110000100100010000000,128,8192,25,152,true,single,36,1.0e-10,64
VQE_reduced_surrogate,73002,7117,1,0.0001220703125,1855.519993750007,1863.5352999999993,not_in_gurobi_pool,,0011000110010111100,00100100010000000,001100011001011110000100100010000000,128,8192,25,152,true,single,36,1.0e-10,64
VQE_reduced_surrogate,73002,7131,1,0.0001220703125,1866.5480687499921,1863.876299999999,not_in_gurobi_pool,,1101010110110111100,00000000000101000,110101011011011110000000000000101000,128,8192,25,152,true,single,36,1.0e-10,64
VQE_reduced_surrogate,73002,7149,1,0.0001220703125,1877.4040437500016,1864.0451999999989,not_in_gurobi_pool,,0111111010110101001,10000000000111000,011111101011010100110000000000111000,128,8192,25,152,true,single,36,1.0e-10,64
VQE_reduced_surrogate,73002,7134,1,0.0001220703125,1867.1129687500033,1864.441199999999,not_in_gurobi_pool,,0111101010100110101,00000000000100000,011110101010011010100000000000100000,128,8192,25,152,true,single,36,1.0e-10,64
VQE_reduced_surrogate,73002,7137,1,0.0001220703125,1867.918568749985,1865.246799999999,not_in_gurobi_pool,,1100011001110111000,10000001000101000,110001100111011100010000001000101000,128,8192,25,152,true,single,36,1.0e-10,64
VQE_reduced_surrogate,73002,7118,1,0.0001220703125,1857.2338937499999,1865.249199999999,not_in_gurobi_pool,,1111010110111111111,00000000000111000,111101011011111111100000000000111000,128,8192,25,152,true,single,36,1.0e-10,64
VQE_reduced_surrogate,73002,7086,1,0.0001220703125,1835.9713437499918,1865.360799999999,not_in_gurobi_pool,,1100011010010111100,00000101110100000,110001101001011110000000101110100000,128,8192,25,152,true,single,36,1.0e-10,64
VQE_reduced_surrogate,73002,7138,1,0.0001220703125,1868.1229687500143,1865.4511999999993,not_in_gurobi_pool,,1111110111000111111,00000000010110000,111111011100011111100000000010110000,128,8192,25,152,true,single,36,1.0e-10,64
VQE_reduced_surrogate,73002,7119,1,0.0001220703125,1857.5344937499915,1865.5497999999995,not_in_gurobi_pool,,0100111110100111100,00000001000101000,010011111010011110000000001000101000,128,8192,25,152,true,single,36,1.0e-10,64
VQE_reduced_surrogate,73002,7151,1,0.0001220703125,1878.918543749991,1865.559699999999,not_in_gurobi_pool,,0110111000110111101,00000000000111000,011011100011011110100000000000111000,128,8192,25,152,true,single,36,1.0e-10,64
VQE_reduced_surrogate,73002,7121,1,0.0001220703125,1857.6379937500014,1865.6532999999993,not_in_gurobi_pool,,0011001100110111100,00000100000000000,001100110011011110000000100000000000,128,8192,25,152,true,single,36,1.0e-10,64
VQE_reduced_surrogate,73002,7103,1,0.0001220703125,1847.2508187500018,1865.953199999999,not_in_gurobi_pool,,1111110111101000110,00000000000111111,111111011110100011000000000000111111,128,8192,25,152,true,single,36,1.0e-10,64
VQE_reduced_surrogate,73002,7140,1,0.0001220703125,1868.745568749988,1866.0737999999994,not_in_gurobi_pool,,1100101001100111100,00000001000000000,110010100110011110000000001000000000,128,8192,25,152,true,single,36,1.0e-10,64
VQE_reduced_surrogate,73002,7105,1,0.0001220703125,1847.674818750001,1866.3771999999994,not_in_gurobi_pool,,0111001001001101110,00000101000100010,011100100100110111000000101000100010,128,8192,25,152,true,single,36,1.0e-10,64
VQE_reduced_surrogate,73002,7152,1,0.0001220703125,1880.2515437499942,1866.8926999999992,not_in_gurobi_pool,,0110011000110111111,00000000000111000,011001100011011111100000000000111000,128,8192,25,152,true,single,36,1.0e-10,64
VQE_reduced_surrogate,73002,7154,1,0.0001220703125,1881.2821437499927,1867.923299999999,not_in_gurobi_pool,,1101100011100101110,00100000000000010,110110001110010111000100000000000010,128,8192,25,152,true,single,36,1.0e-10,64
VQE_reduced_surrogate,73002,7124,1,0.0001220703125,1860.6653937500034,1868.6806999999988,not_in_gurobi_pool,,0110010011110101001,10000000010111000,011001001111010100110000000010111000,128,8192,25,152,true,single,36,1.0e-10,64
VQE_reduced_surrogate,73002,7125,1,0.0001220703125,1862.9178937499987,1870.9331999999993,not_in_gurobi_pool,,0111000101110101110,00100000000100010,011100010111010111000100000000100010,128,8192,25,152,true,single,36,1.0e-10,64
VQE_reduced_surrogate,73002,7143,1,0.0001220703125,1873.8079687500053,1871.1361999999992,not_in_gurobi_pool,,0111001110110011100,00000000000100000,011100111011001110000000000000100000,128,8192,25,152,true,single,36,1.0e-10,64
VQE_reduced_surrogate,73002,7109,1,0.0001220703125,1852.8310187499917,1871.5333999999993,not_in_gurobi_pool,,1001111111110111001,10000101000001000,100111111111011100110000101000001000,128,8192,25,152,true,single,36,1.0e-10,64
VQE_reduced_surrogate,73002,7126,1,0.0001220703125,1863.6969937500046,1871.712299999999,not_in_gurobi_pool,,1101111011101010110,00000001000101101,110111101110101011000000001000101101,128,8192,25,152,true,single,36,1.0e-10,64
VQE_reduced_surrogate,73002,7145,1,0.0001220703125,1875.0310687499796,1872.359299999999,not_in_gurobi_pool,,1101101001110111100,00000001000000000,110110100111011110000000001000000000,128,8192,25,152,true,single,36,1.0e-10,64
VQE_reduced_surrogate,73002,7148,1,0.0001220703125,1877.2210687499946,1874.549299999999,not_in_gurobi_pool,,0101001111100101101,00000001000000000,010100111110010110100000001000000000,128,8192,25,152,true,single,36,1.0e-10,64
VQE_reduced_surrogate,73002,7132,1,0.0001220703125,1867.0798937500006,1875.0951999999993,not_in_gurobi_pool,,0111001111110101011,00000000000100010,011100111111010101100000000000100010,128,8192,25,152,true,single,36,1.0e-10,64
VQE_reduced_surrogate,73002,7135,1,0.0001220703125,1867.2324937499893,1875.247799999999,not_in_gurobi_pool,,0010011101110111100,00000100000101000,001001110111011110000000100000101000,128,8192,25,152,true,single,36,1.0e-10,64
VQE_reduced_surrogate,73002,7136,1,0.0001220703125,1867.4469937499932,1875.4622999999992,not_in_gurobi_pool,,0011111111100110110,00000100000101001,001111111110011011000000100000101001,128,8192,25,152,true,single,36,1.0e-10,64
VQE_reduced_surrogate,73002,7141,1,0.0001220703125,1869.736893749997,1877.7521999999992,not_in_gurobi_pool,,1111001111111101101,00000000000100000,111100111111110110100000000000100000,128,8192,25,152,true,single,36,1.0e-10,64
VQE_reduced_surrogate,73002,7142,1,0.0001220703125,1869.9219937499863,1877.9372999999991,not_in_gurobi_pool,,0011010111111111111,00000000000101000,001101011111111111100000000000101000,128,8192,25,152,true,single,36,1.0e-10,64
VQE_reduced_surrogate,73002,7144,1,0.0001220703125,1874.069893749973,1882.085199999999,not_in_gurobi_pool,,0111101111111101110,00000000000100010,011110111111110111000000000000100010,128,8192,25,152,true,single,36,1.0e-10,64
VQE_reduced_surrogate,73002,7162,1,0.0001220703125,1891.5972687500002,1888.9254999999985,not_in_gurobi_pool,,1111111000000111000,10010101000110000,111111100000011100010010101000110000,128,8192,25,152,true,single,36,1.0e-10,64
VQE_reduced_surrogate,73002,7181,1,0.0001220703125,1905.2554437500025,1891.8965999999987,not_in_gurobi_pool,,0011011000000111000,10010111000100000,001101100000011100010010111000100000,128,8192,25,152,true,single,36,1.0e-10,64
VQE_reduced_surrogate,73002,7169,1,0.0001220703125,1895.9302687499994,1893.258499999999,not_in_gurobi_pool,,0111011000001111011,00010101000110000,011101100000111101100010101000110000,128,8192,25,152,true,single,36,1.0e-10,64
VQE_reduced_surrogate,73002,7176,1,0.0001220703125,1899.0607687500014,1896.3889999999985,not_in_gurobi_pool,,0110010010101111000,10000000010111000,011001001010111100010000000010111000,128,8192,25,152,true,single,36,1.0e-10,64
VQE_reduced_surrogate,73002,7160,1,0.0001220703125,1889.829193749994,1897.8444999999992,not_in_gurobi_pool,,0111100110100111011,00100000000100000,011110011010011101100100000000100000,128,8192,25,152,true,single,36,1.0e-10,64
VQE_reduced_surrogate,73002,7188,1,0.0001220703125,1911.4184437500035,1898.0595999999987,not_in_gurobi_pool,,0011011100010111000,10010111000100000,001101110001011100010010111000100000,128,8192,25,152,true,single,36,1.0e-10,64
VQE_reduced_surrogate,73002,7179,1,0.0001220703125,1902.3462687500014,1899.674499999999,not_in_gurobi_pool,,1111110110110111000,10000000000111000,111111011011011100010000000000111000,128,8192,25,152,true,single,36,1.0e-10,64
VQE_reduced_surrogate,73002,7155,1,0.0001220703125,1883.2836187500018,1901.9859999999985,not_in_gurobi_pool,,1110111010000111100,00000101010110000,111011101000011110000000101010110000,128,8192,25,152,true,single,36,1.0e-10,64
VQE_reduced_surrogate,73002,7156,1,0.0001220703125,1883.8491187500115,1902.5514999999994,not_in_gurobi_pool,,1111010011101010011,00000000000111101,111101001110101001100000000000111101,128,8192,25,152,true,single,36,1.0e-10,64
VQE_reduced_surrogate,73002,7192,1,0.0001220703125,1916.162343750001,1902.8034999999993,not_in_gurobi_pool,,0111111110100111011,00000000000111000,011111111010011101100000000000111000,128,8192,25,152,true,single,36,1.0e-10,64
VQE_reduced_surrogate,73002,7168,1,0.0001220703125,1895.8477937499913,1903.8630999999991,not_in_gurobi_pool,,1100100001100111100,00100000010000000,110010000110011110000100000010000000,128,8192,25,152,true,single,36,1.0e-10,64
VQE_reduced_surrogate,73002,7170,1,0.0001220703125,1896.549393750002,1904.564699999999,not_in_gurobi_pool,,1001011010110111000,10000101000001000,100101101011011100010000101000001000,128,8192,25,152,true,single,36,1.0e-10,64
VQE_reduced_surrogate,73002,7194,1,0.0001220703125,1918.164443749988,1904.805599999999,not_in_gurobi_pool,,0011100110100111110,00100000000000000,001110011010011111000100000000000000,128,8192,25,152,true,single,36,1.0e-10,64
VQE_reduced_surrogate,73002,7184,1,0.0001220703125,1908.1182687499886,1905.4464999999993,not_in_gurobi_pool,,0111010001101001100,00000000000111000,011101000110100110000000000000111000,128,8192,25,152,true,single,36,1.0e-10,64
VQE_reduced_surrogate,73002,7173,1,0.0001220703125,1898.3961937499882,1906.4114999999988,not_in_gurobi_pool,,0111111000011111111,00010101000110000,011111100001111111100010101000110000,128,8192,25,152,true,single,36,1.0e-10,64
VQE_reduced_surrogate,73002,7147,1,0.0001220703125,1877.0520437499906,1906.4414999999992,not_in_gurobi_pool,,0111101110000111111,00000101000100000,011110111000011111100000101000100000,128,8192,25,152,true,single,36,1.0e-10,64
VQE_reduced_surrogate,73002,7159,1,0.0001220703125,1887.8396187500061,1906.5419999999992,not_in_gurobi_pool,,1110000010110111101,00100000010100000,111000001011011110100100000010100000,128,8192,25,152,true,single,36,1.0e-10,64
VQE_reduced_surrogate,73002,7175,1,0.0001220703125,1898.7641937499932,1906.7794999999992,not_in_gurobi_pool,,0111000001101001110,00100000000100110,011100000110100111000100000000100110,128,8192,25,152,true,single,36,1.0e-10,64
VQE_reduced_surrogate,73002,7196,1,0.0001220703125,1920.9793437499966,1907.6204999999993,not_in_gurobi_pool,,0111111110100101100,00000000000111000,011111111010010110000000000000111000,128,8192,25,152,true,single,36,1.0e-10,64
VQE_reduced_surrogate,73002,7177,1,0.0001220703125,1900.3781937500037,1908.3934999999992,not_in_gurobi_pool,,0111000010110110101,00100000000100000,011100001011011010100100000000100000,128,8192,25,152,true,single,36,1.0e-10,64
VQE_reduced_surrogate,73002,7197,1,0.0001220703125,1922.9944437499908,1909.635599999999,not_in_gurobi_pool,,0011100010110111101,00100000000000000,001110001011011110100100000000000000,128,8192,25,152,true,single,36,1.0e-10,64
VQE_reduced_surrogate,73002,7211,1,0.0001220703125,1933.716918749992,1909.6709999999996,not_in_gurobi_pool,,0110111110100111110,00000000000111000,011011111010011111000000000000111000,128,8192,25,152,true,single,36,1.0e-10,64
VQE_reduced_surrogate,73002,7153,1,0.0001220703125,1880.5760437500028,1909.9654999999996,not_in_gurobi_pool,,0111101101000111111,00000101000100000,011110110100011111100000101000100000,128,8192,25,152,true,single,36,1.0e-10,64
VQE_reduced_surrogate,73002,7199,1,0.0001220703125,1923.7643437499962,1910.4054999999992,not_in_gurobi_pool,,0111011101101001100,00000000000111000,011101110110100110000000000000111000,128,8192,25,152,true,single,36,1.0e-10,64
VQE_reduced_surrogate,73002,7189,1,0.0001220703125,1913.0803687499963,1910.4085999999988,not_in_gurobi_pool,,0101001011101011000,10000001000000000,010100101110101100010000001000000000,128,8192,25,152,true,single,36,1.0e-10,64
VQE_reduced_surrogate,73002,7164,1,0.0001220703125,1893.7511187500022,1912.453499999999,not_in_gurobi_pool,,0111100011110110011,00100000000100001,011110001111011001100100000000100001,128,8192,25,152,true,single,36,1.0e-10,64
VQE_reduced_surrogate,73002,7165,1,0.0001220703125,1893.751118750004,1912.4534999999994,not_in_gurobi_pool,,0111000011111110011,00100000000100001,011100001111111001100100000000100001,128,8192,25,152,true,single,36,1.0e-10,64
VQE_reduced_surrogate,73002,7191,1,0.0001220703125,1915.1492687499936,1912.477499999999,not_in_gurobi_pool,,0111101001100101110,00000000000100010,011110100110010111000000000000100010,128,8192,25,152,true,single,36,1.0e-10,64
VQE_reduced_surrogate,73002,7166,1,0.0001220703125,1894.1821187499995,1912.884499999999,not_in_gurobi_pool,,0111100011110101011,00100000000100010,011110001111010101100100000000100010,128,8192,25,152,true,single,36,1.0e-10,64
VQE_reduced_surrogate,73002,7180,1,0.0001220703125,1904.8691937500112,1912.8844999999992,not_in_gurobi_pool,,0111010111110101011,00000000000111010,011101011111010101100000000000111010,128,8192,25,152,true,single,36,1.0e-10,64
VQE_reduced_surrogate,73002,7167,1,0.0001220703125,1894.2937187499938,1912.996099999999,not_in_gurobi_pool,,1100111011000111110,00000101110100000,110011101100011111000000101110100000,128,8192,25,152,true,single,36,1.0e-10,64
VQE_reduced_surrogate,73002,7202,1,0.0001220703125,1926.5184437499902,1913.1595999999993,not_in_gurobi_pool,,0011100001110111101,00100000000000000,001110000111011110100100000000000000,128,8192,25,152,true,single,36,1.0e-10,64
VQE_reduced_surrogate,73002,7203,1,0.0001220703125,1926.7113437499997,1913.3524999999993,not_in_gurobi_pool,,0111111010110110101,00000000000111000,011111101011011010100000000000111000,128,8192,25,152,true,single,36,1.0e-10,64
VQE_reduced_surrogate,73002,7217,1,0.0001220703125,1938.5469187499893,1914.500999999999,not_in_gurobi_pool,,0110111110110111100,00000000000111000,011011111011011110000000000000111000,128,8192,25,152,true,single,36,1.0e-10,64
VQE_reduced_surrogate,73002,7185,1,0.0001220703125,1908.5831937499945,1916.598499999999,not_in_gurobi_pool,,0111101111101001100,00000000000100000,011110111110100110000000000000100000,128,8192,25,152,true,single,36,1.0e-10,64
VQE_reduced_surrogate,73002,7172,1,0.0001220703125,1897.9711187500013,1916.6734999999992,not_in_gurobi_pool,,0111001011110010011,00000000000100101,011100101111001001100000000000100101,128,8192,25,152,true,single,36,1.0e-10,64
VQE_reduced_surrogate,73002,7174,1,0.0001220703125,1898.4021187500014,1917.1044999999992,not_in_gurobi_pool,,0111001011110001011,00000000000100110,011100101111000101100000000000100110,128,8192,25,152,true,single,36,1.0e-10,64
VQE_reduced_surrogate,73002,7186,1,0.0001220703125,1909.8872937499968,1917.902599999999,not_in_gurobi_pool,,0011011111101001110,00000100000101110,001101111110100111000000100000101110,128,8192,25,152,true,single,36,1.0e-10,64
VQE_reduced_surrogate,73002,7187,1,0.0001220703125,1910.504693750005,1918.5199999999988,not_in_gurobi_pool,,0110010011110011101,00000000010111000,011001001111001110100000000010111000,128,8192,25,152,true,single,36,1.0e-10,64
VQE_reduced_surrogate,73002,7161,1,0.0001220703125,1891.1626437499922,1920.5520999999992,not_in_gurobi_pool,,0100110011110111111,00000000010101000,010011001111011111100000000010101000,128,8192,25,152,true,single,36,1.0e-10,64
VQE_reduced_surrogate,73002,7183,1,0.0001220703125,1906.7798187499823,1925.4821999999992,not_in_gurobi_pool,,0000101011110111111,01000101000000000,000010101111011111101000101000000000,128,8192,25,152,true,single,36,1.0e-10,64
VQE_reduced_surrogate,73002,7195,1,0.0001220703125,1918.2319187499959,1936.9342999999988,not_in_gurobi_pool,,1110010000100111100,00000000010111000,111001000010011110000000000010111000,128,8192,25,152,true,single,36,1.0e-10,64
VQE_reduced_surrogate,73002,7206,1,0.0001220703125,1929.9734937500011,1937.988799999999,not_in_gurobi_pool,,0111000010100110000,10100000000100000,011100001010011000010100000000100000,128,8192,25,152,true,single,36,1.0e-10,64
VQE_reduced_surrogate,73002,7222,1,0.0001220703125,1943.8905687500032,1941.2187999999992,not_in_gurobi_pool,,1111101110100111000,10000000000100000,111110111010011100010000000000100000,128,8192,25,152,true,single,36,1.0e-10,64
VQE_reduced_surrogate,73002,7198,1,0.0001220703125,1923.2735187499904,1941.9758999999992,not_in_gurobi_pool,,1101111000100111100,00000001000101000,110111100010011110000000001000101000,128,8192,25,152,true,single,36,1.0e-10,64
VQE_reduced_surrogate,73002,7225,1,0.0001220703125,1945.4996687500086,1942.827899999999,not_in_gurobi_pool,,0101000100010111100,00110001010000000,010100010001011110000110001010000000,128,8192,25,152,true,single,36,1.0e-10,64
VQE_reduced_surrogate,73002,7214,1,0.0001220703125,1936.1734937499932,1944.188799999999,not_in_gurobi_pool,,0111001100111111001,10000000000100000,011100110011111100110000000000100000,128,8192,25,152,true,single,36,1.0e-10,64
VQE_reduced_surrogate,73002,7215,1,0.0001220703125,1936.1734937499982,1944.188799999999,not_in_gurobi_pool,,0111101100110111000,10000000000100000,011110110011011100010000000000100000,128,8192,25,152,true,single,36,1.0e-10,64
VQE_reduced_surrogate,73002,7200,1,0.0001220703125,1925.6884187500034,1944.390799999999,not_in_gurobi_pool,,0111101101000111001,10000101000100000,011110110100011100110000101000100000,128,8192,25,152,true,single,36,1.0e-10,64
VQE_reduced_surrogate,73002,7201,1,0.0001220703125,1926.0034187500032,1944.705799999999,not_in_gurobi_pool,,1111100111100110001,10100000000100000,111110011110011000110100000000100000,128,8192,25,152,true,single,36,1.0e-10,64
VQE_reduced_surrogate,73002,7236,1,0.0001220703125,1958.1436437499967,1944.784799999999,not_in_gurobi_pool,,0111010011000101001,10000000010110000,011101001100010100110000000010110000,128,8192,25,152,true,single,36,1.0e-10,64
VQE_reduced_surrogate,73002,7226,1,0.0001220703125,1948.8527687500084,1946.180999999999,not_in_gurobi_pool,,0001100010100111100,00100000000000000,000110001010011110000100000000000000,128,8192,25,152,true,single,36,1.0e-10,64
VQE_reduced_surrogate,73002,7216,1,0.0001220703125,1938.2964937500028,1946.3117999999993,not_in_gurobi_pool,,0111100010100110110,00100000000100001,011110001010011011000100000000100001,128,8192,25,152,true,single,36,1.0e-10,64
VQE_reduced_surrogate,73002,7218,1,0.0001220703125,1939.171993750015,1947.187299999999,not_in_gurobi_pool,,1110110011100111011,00000000010111000,111011001110011101100000000010111000,128,8192,25,152,true,single,36,1.0e-10,64
VQE_reduced_surrogate,73002,7193,1,0.0001220703125,1918.1633437499904,1947.5527999999995,not_in_gurobi_pool,,0111000100111111111,00100000000100000,011100010011111111100100000000100000,128,8192,25,152,true,single,36,1.0e-10,64
VQE_reduced_surrogate,73002,7219,1,0.0001220703125,1939.5684937500023,1947.5837999999987,not_in_gurobi_pool,,1111101111000111000,10000101000100000,111110111100011100010000101000100000,128,8192,25,152,true,single,36,1.0e-10,64
VQE_reduced_surrogate,73002,7204,1,0.0001220703125,1929.0319187499997,1947.7342999999987,not_in_gurobi_pool,,0110111010000111101,00000101010110000,011011101000011110100000101010110000,128,8192,25,152,true,single,36,1.0e-10,64
VQE_reduced_surrogate,73002,7220,1,0.0001220703125,1940.9314937499937,1948.946799999999,not_in_gurobi_pool,,0111100101111111000,10100000000100000,011110010111111100010100000000100000,128,8192,25,152,true,single,36,1.0e-10,64
VQE_reduced_surrogate,73002,7227,1,0.0001220703125,1952.0556687499923,1949.383899999999,not_in_gurobi_pool,,1011010010110111101,00000000000101000,101101001011011110100000000000101000,128,8192,25,152,true,single,36,1.0e-10,64
VQE_reduced_surrogate,73002,7221,1,0.0001220703125,1941.4370937499875,1949.452399999999,not_in_gurobi_pool,,1100010011000111100,00000001011100000,110001001100011110000000001011100000,128,8192,25,152,true,single,36,1.0e-10,64
VQE_reduced_surrogate,73002,7232,1,0.0001220703125,1953.6345687499995,1950.962799999999,not_in_gurobi_pool,,0111001010101001110,00000000000100110,011100101010100111000000000000100110,128,8192,25,152,true,single,36,1.0e-10,64
VQE_reduced_surrogate,73002,7245,1,0.0001220703125,1964.3526437499902,1950.993799999999,not_in_gurobi_pool,,1111111001101011100,00000000000111000,111111100110101110000000000000111000,128,8192,25,152,true,single,36,1.0e-10,64
VQE_reduced_surrogate,73002,7246,1,0.0001220703125,1964.4151437499954,1951.056299999999,not_in_gurobi_pool,,0110011000111111101,00000000000111000,011001100011111110100000000000111000,128,8192,25,152,true,single,36,1.0e-10,64
VQE_reduced_surrogate,73002,7247,1,0.0001220703125,1964.4451437500002,1951.0862999999993,not_in_gurobi_pool,,0110101110100111100,00000000000100000,011010111010011110000000000000100000,128,8192,25,152,true,single,36,1.0e-10,64
VQE_reduced_surrogate,73002,7207,1,0.0001220703125,1932.5559187500005,1951.2582999999986,not_in_gurobi_pool,,0110111001000111101,00000101010110000,011011100100011110100000101010110000,128,8192,25,152,true,single,36,1.0e-10,64
VQE_reduced_surrogate,73002,7233,1,0.0001220703125,1954.3865687499926,1951.7147999999995,not_in_gurobi_pool,,0111001110110111011,00000000000100000,011100111011011101100000000000100000,128,8192,25,152,true,single,36,1.0e-10,64
VQE_reduced_surrogate,73002,7208,1,0.0001220703125,1933.2234187500007,1951.925799999999,not_in_gurobi_pool,,0111101011101010000,10000000000100000,011110101110101000010000000000100000,128,8192,25,152,true,single,36,1.0e-10,64
VQE_reduced_surrogate,73002,7209,1,0.0001220703125,1933.2234187499982,1951.925799999999,not_in_gurobi_pool,,0111001111100010001,10000000000100000,011100111110001000110000000000100000,128,8192,25,152,true,single,36,1.0e-10,64
VQE_reduced_surrogate,73002,7223,1,0.0001220703125,1944.0910937500105,1952.106399999999,not_in_gurobi_pool,,1100111011100111011,00000001000101000,110011101110011101100000001000101000,128,8192,25,152,true,single,36,1.0e-10,64
VQE_reduced_surrogate,73002,7210,1,0.0001220703125,1933.5879187499997,1952.290299999999,not_in_gurobi_pool,,0110100110110111100,00100000010100000,011010011011011110000100000010100000,128,8192,25,152,true,single,36,1.0e-10,64
VQE_reduced_surrogate,73002,7234,1,0.0001220703125,1955.1241687499985,1952.4523999999988,not_in_gurobi_pool,,0100100011000111100,00100001011000000,010010001100011110000100001011000000,128,8192,25,152,true,single,36,1.0e-10,64
VQE_reduced_surrogate,73002,7224,1,0.0001220703125,1944.4964937499797,1952.5117999999995,not_in_gurobi_pool,,0111111100110111111,00000000000111000,011111110011011111100000000000111000,128,8192,25,152,true,single,36,1.0e-10,64
VQE_reduced_surrogate,73002,7270,1,0.0001220703125,1988.516293749996,1953.783299999999,not_in_gurobi_pool,,0110111001110111001,10000000000111000,011011100111011100110000000000111000,128,8192,25,152,true,single,36,1.0e-10,64
VQE_reduced_surrogate,73002,7212,1,0.0001220703125,1935.4350187499979,1954.1373999999992,not_in_gurobi_pool,,1100100111100111111,00100000010000000,110010011110011111100100000010000000,128,8192,25,152,true,single,36,1.0e-10,64
VQE_reduced_surrogate,73002,7213,1,0.0001220703125,1935.5674187499949,1954.2697999999991,not_in_gurobi_pool,,1111100001110111111,00100000000100000,111110000111011111100100000000100000,128,8192,25,152,true,single,36,1.0e-10,64
VQE_reduced_surrogate,73002,7235,1,0.0001220703125,1957.2132687499886,1954.5414999999987,not_in_gurobi_pool,,0000011101100111100,01000101000001000,000001110110011110001000101000001000,128,8192,25,152,true,single,36,1.0e-10,64
VQE_reduced_surrogate,73002,7237,1,0.0001220703125,1959.2960687500033,1956.6242999999981,not_in_gurobi_pool,,0110111011010111000,10000101010110000,011011101101011100010000101010110000,128,8192,25,152,true,single,36,1.0e-10,64
VQE_reduced_surrogate,73002,7238,1,0.0001220703125,1959.6081687499925,1956.9363999999991,not_in_gurobi_pool,,1100101011110111000,10000001000000000,110010101111011100010000001000000000,128,8192,25,152,true,single,36,1.0e-10,64
VQE_reduced_surrogate,73002,7251,1,0.0001220703125,1970.608143750001,1957.2492999999993,not_in_gurobi_pool,,0110001010111111100,00000000000100000,011000101011111110000000000000100000,128,8192,25,152,true,single,36,1.0e-10,64
VQE_reduced_surrogate,73002,7205,1,0.0001220703125,1929.577943749987,1958.9673999999993,not_in_gurobi_pool,,1100110111110111100,00000000010101000,110011011111011110000000000010101000,128,8192,25,152,true,single,36,1.0e-10,64
VQE_reduced_surrogate,73002,7229,1,0.0001220703125,1952.576493749997,1960.5917999999992,not_in_gurobi_pool,,0111101011110101010,00000000000100010,011110101111010101000000000000100010,128,8192,25,152,true,single,36,1.0e-10,64
VQE_reduced_surrogate,73002,7244,1,0.0001220703125,1963.376268749984,1960.7044999999987,not_in_gurobi_pool,,0000111001110111100,01000101000001000,000011100111011110001000101000001000,128,8192,25,152,true,single,36,1.0e-10,64
VQE_reduced_surrogate,73002,7230,1,0.0001220703125,1953.2410937499913,1961.256399999999,not_in_gurobi_pool,,0100111011100101110,00000001000101010,010011101110010111000000001000101010,128,8192,25,152,true,single,36,1.0e-10,64
VQE_reduced_surrogate,73002,7231,1,0.0001220703125,1953.437493750004,1961.4527999999993,not_in_gurobi_pool,,0111010111110010110,00000000000111101,011101011111001011000000000000111101,128,8192,25,152,true,single,36,1.0e-10,64
VQE_reduced_surrogate,73002,7249,1,0.0001220703125,1967.6495687500062,1964.977799999999,not_in_gurobi_pool,,0111011111110100101,00000000000111000,011101111111010010100000000000111000,128,8192,25,152,true,single,36,1.0e-10,64
VQE_reduced_surrogate,73002,7267,1,0.0001220703125,1984.8518687500025,1982.1800999999987,not_in_gurobi_pool,,0111110001000111001,10000000010110000,011111000100011100110000000010110000,128,8192,25,152,true,single,36,1.0e-10,64
VQE_reduced_surrogate,73002,7257,1,0.0001220703125,1975.325793749998,1983.3410999999992,not_in_gurobi_pool,,0111100110100111010,00100000000100000,011110011010011101000100000000100000,128,8192,25,152,true,single,36,1.0e-10,64
VQE_reduced_surrogate,73002,7261,1,0.0001220703125,1979.001293749987,1987.0165999999986,not_in_gurobi_pool,,0110011001000111000,10000101010110000,011001100100011100010000101010110000,128,8192,25,152,true,single,36,1.0e-10,64
VQE_reduced_surrogate,73002,7262,1,0.0001220703125,1979.7117937500013,1987.7270999999992,not_in_gurobi_pool,,0111000110100110101,00100000000100000,011100011010011010100100000000100000,128,8192,25,152,true,single,36,1.0e-10,64
VQE_reduced_surrogate,73002,7271,1,0.0001220703125,1990.4978687499995,1987.8260999999993,not_in_gurobi_pool,,0111011100101110110,00000000000111001,011101110010111011000000000000111001,128,8192,25,152,true,single,36,1.0e-10,64
VQE_reduced_surrogate,73002,7272,1,0.0001220703125,1990.7203687500057,1988.0485999999985,not_in_gurobi_pool,,0110010010110111000,10000000010111000,011001001011011100010000000010111000,128,8192,25,152,true,single,36,1.0e-10,64
VQE_reduced_surrogate,73002,7273,1,0.0001220703125,1990.928868749995,1988.2570999999994,not_in_gurobi_pool,,0111011100101101110,00000000000111010,011101110010110111000000000000111010,128,8192,25,152,true,single,36,1.0e-10,64
VQE_reduced_surrogate,73002,7263,1,0.0001220703125,1980.2437937499965,1988.2590999999989,not_in_gurobi_pool,,0111000110101011101,00100000000100000,011100011010101110100100000000100000,128,8192,25,152,true,single,36,1.0e-10,64
VQE_reduced_surrogate,73002,7286,1,0.0001220703125,2002.3280437499884,1988.9691999999989,not_in_gurobi_pool,,0011100110100111101,00100000000000000,001110011010011110100100000000000000,128,8192,25,152,true,single,36,1.0e-10,64
VQE_reduced_surrogate,73002,7274,1,0.0001220703125,1992.1758687500007,1989.504099999999,not_in_gurobi_pool,,0111110010110111010,00000000000111000,011111001011011101000000000000111000,128,8192,25,152,true,single,36,1.0e-10,64
VQE_reduced_surrogate,73002,7252,1,0.0001220703125,1970.9117187499974,1989.6140999999986,not_in_gurobi_pool,,0111010111100100000,10000000000111000,011101011110010000010000000000111000,128,8192,25,152,true,single,36,1.0e-10,64
VQE_reduced_surrogate,73002,7239,1,0.0001220703125,1960.2246437499928,1989.6140999999989,not_in_gurobi_pool,,0111000111100100001,10100000000100000,011100011110010000110100000000100000,128,8192,25,152,true,single,36,1.0e-10,64
VQE_reduced_surrogate,73002,7253,1,0.0001220703125,1971.0127187499986,1989.7150999999988,not_in_gurobi_pool,,0111110011101010000,10000000000111000,011111001110101000010000000000111000,128,8192,25,152,true,single,36,1.0e-10,64
VQE_reduced_surrogate,73002,7241,1,0.0001220703125,1960.3256437499933,1989.715099999999,not_in_gurobi_pool,,0111000111101010001,10100000000100000,011100011110101000110100000000100000,128,8192,25,152,true,single,36,1.0e-10,64
VQE_reduced_surrogate,73002,7290,1,0.0001220703125,2003.4889437499992,1990.1300999999987,not_in_gurobi_pool,,1111111110110111000,10000000000111000,111111111011011100010000000000111000,128,8192,25,152,true,single,36,1.0e-10,64
VQE_reduced_surrogate,73002,7242,1,0.0001220703125,1960.7566437499954,1990.1460999999986,not_in_gurobi_pool,,0111100011101001000,10100000000100000,011110001110100100010100000000100000,128,8192,25,152,true,single,36,1.0e-10,64
VQE_reduced_surrogate,73002,7254,1,0.0001220703125,1971.443718749996,1990.1460999999988,not_in_gurobi_pool,,0111110011101001000,10000000000111000,011111001110100100010000000000111000,128,8192,25,152,true,single,36,1.0e-10,64
VQE_reduced_surrogate,73002,7255,1,0.0001220703125,1971.4437187500007,1990.1460999999988,not_in_gurobi_pool,,0111010111101001001,10000000000111000,011101011110100100110000000000111000,128,8192,25,152,true,single,36,1.0e-10,64
VQE_reduced_surrogate,73002,7291,1,0.0001220703125,2004.1934437500038,1990.8345999999995,not_in_gurobi_pool,,1110101010100111100,00000000000100000,111010101010011110000000000000100000,128,8192,25,152,true,single,36,1.0e-10,64
VQE_reduced_surrogate,73002,7277,1,0.0001220703125,1994.2443687499942,1991.5725999999988,not_in_gurobi_pool,,0110010001110111000,10000000010111000,011001000111011100010000000010111000,128,8192,25,152,true,single,36,1.0e-10,64
VQE_reduced_surrogate,73002,7264,1,0.0001220703125,1983.666793749999,1991.682099999999,not_in_gurobi_pool,,0111000101100101101,00100000000100000,011100010110010110100100000000100000,128,8192,25,152,true,single,36,1.0e-10,64
VQE_reduced_surrogate,73002,7256,1,0.0001220703125,1973.2057187499915,1991.9080999999987,not_in_gurobi_pool,,0111001100011111111,00010101000100000,011100110001111111100010101000100000,128,8192,25,152,true,single,36,1.0e-10,64
VQE_reduced_surrogate,73002,7243,1,0.0001220703125,1962.5486437499958,1991.9380999999994,not_in_gurobi_pool,,0111101010000111111,00000101000100000,011110101000011111100000101000100000,128,8192,25,152,true,single,36,1.0e-10,64
VQE_reduced_surrogate,73002,7266,1,0.0001220703125,1984.2747937499892,1992.2900999999995,not_in_gurobi_pool,,1111101010101111111,00000000000100000,111110101010111111100000000000100000,128,8192,25,152,true,single,36,1.0e-10,64
VQE_reduced_surrogate,73002,7279,1,0.0001220703125,1995.7729687500005,1993.1011999999987,not_in_gurobi_pool,,0011011110110111000,10000100000101000,001101111011011100010000100000101000,128,8192,25,152,true,single,36,1.0e-10,64
VQE_reduced_surrogate,73002,7280,1,0.0001220703125,1995.7729687500012,1993.1011999999987,not_in_gurobi_pool,,0011111010110111000,10000100000101000,001111101011011100010000100000101000,128,8192,25,152,true,single,36,1.0e-10,64
VQE_reduced_surrogate,73002,7268,1,0.0001220703125,1985.1543937499864,1993.1696999999986,not_in_gurobi_pool,,0100011011000111000,10000101110100000,010001101100011100010000101110100000,128,8192,25,152,true,single,36,1.0e-10,64
VQE_reduced_surrogate,73002,7303,1,0.0001220703125,2017.3092187499979,1993.2632999999987,not_in_gurobi_pool,,0001011011000111000,10000111100000000,000101101100011100010000111100000000,128,8192,25,152,true,single,36,1.0e-10,64
VQE_reduced_surrogate,73002,7269,1,0.0001220703125,1986.4368937499787,1994.4521999999988,not_in_gurobi_pool,,1011111101100111100,00000100000101000,101111110110011110000000100000101000,128,8192,25,152,true,single,36,1.0e-10,64
VQE_reduced_surrogate,73002,7260,1,0.0001220703125,1976.0632187500041,1994.7655999999988,not_in_gurobi_pool,,1110100111110111001,10100000010100000,111010011111011100110100000010100000,128,8192,25,152,true,single,36,1.0e-10,64
VQE_reduced_surrogate,73002,7281,1,0.0001220703125,1997.792968749992,1995.1211999999991,not_in_gurobi_pool,,0101010010111111100,00000000000101000,010101001011111110000000000000101000,128,8192,25,152,true,single,36,1.0e-10,64
VQE_reduced_surrogate,73002,7296,1,0.0001220703125,2008.491043749998,1995.1321999999989,not_in_gurobi_pool,,0011000010110111101,00100000000000000,001100001011011110100100000000000000,128,8192,25,152,true,single,36,1.0e-10,64
VQE_reduced_surrogate,73002,7297,1,0.0001220703125,2008.4910437499987,1995.1321999999989,not_in_gurobi_pool,,0011000110110111100,00100000000000000,001100011011011110000100000000000000,128,8192,25,152,true,single,36,1.0e-10,64
VQE_reduced_surrogate,73002,7282,1,0.0001220703125,1999.2859687499913,1996.6141999999986,not_in_gurobi_pool,,0101011101110111000,10000001000101000,010101110111011100010000001000101000,128,8192,25,152,true,single,36,1.0e-10,64
VQE_reduced_surrogate,73002,7248,1,0.0001220703125,1967.2258437499988,1996.615299999999,not_in_gurobi_pool,,0001101111100111000,10000101000000000,000110111110011100010000101000000000,128,8192,25,152,true,single,36,1.0e-10,64
VQE_reduced_surrogate,73002,7283,1,0.0001220703125,1999.2969687499897,1996.6251999999986,not_in_gurobi_pool,,0011111001110111000,10000100000101000,001111100111011100010000100000101000,128,8192,25,152,true,single,36,1.0e-10,64
VQE_reduced_surrogate,73002,7285,1,0.0001220703125,2001.3169687499842,1998.645199999999,not_in_gurobi_pool,,0101110001110111100,00000000000101000,010111000111011110000000000000101000,128,8192,25,152,true,single,36,1.0e-10,64
VQE_reduced_surrogate,73002,7287,1,0.0001220703125,2002.7519687499898,2000.0801999999992,not_in_gurobi_pool,,0101001010111111100,00000001000000000,010100101011111110000000001000000000,128,8192,25,152,true,single,36,1.0e-10,64
VQE_reduced_surrogate,73002,7288,1,0.0001220703125,2002.7629687499955,2000.0911999999992,not_in_gurobi_pool,,0011001110110111100,00000100000000000,001100111011011110000000100000000000,128,8192,25,152,true,single,36,1.0e-10,64
VQE_reduced_surrogate,73002,7289,1,0.0001220703125,2002.8025687499983,2000.1307999999988,not_in_gurobi_pool,,0000001011000111100,01000111110000000,000000101100011110001000111110000000,128,8192,25,152,true,single,36,1.0e-10,64
VQE_reduced_surrogate,73002,7300,1,0.0001220703125,2013.6520437499962,2000.293199999999,not_in_gurobi_pool,,0011101111000111100,00000111000000000,001110111100011110000000111000000000,128,8192,25,152,true,single,36,1.0e-10,64
VQE_reduced_surrogate,73002,7275,1,0.0001220703125,1992.7207937500061,2000.736099999999,not_in_gurobi_pool,,0111111011110100001,10000000000111000,011111101111010000110000000000111000,128,8192,25,152,true,single,36,1.0e-10,64
VQE_reduced_surrogate,73002,7276,1,0.0001220703125,1992.8217937500085,2000.8370999999986,not_in_gurobi_pool,,0111111011110010000,10000000000111000,011111101111001000010000000000111000,128,8192,25,152,true,single,36,1.0e-10,64
VQE_reduced_surrogate,73002,7292,1,0.0001220703125,2004.2478687500056,2001.5760999999986,not_in_gurobi_pool,,0111111111110110000,10000000000111000,011111111111011000010000000000111000,128,8192,25,152,true,single,36,1.0e-10,64
VQE_reduced_surrogate,73002,7265,1,0.0001220703125,1984.0759187499893,2002.7782999999986,not_in_gurobi_pool,,0001111011111111000,10000101000001000,000111101111111100010000101000001000,128,8192,25,152,true,single,36,1.0e-10,64
VQE_reduced_surrogate,73002,7278,1,0.0001220703125,1994.8807937499992,2002.896099999999,not_in_gurobi_pool,,0111101011100100111,00000000000100011,011110101110010011100000000000100011,128,8192,25,152,true,single,36,1.0e-10,64
VQE_reduced_surrogate,73002,7316,1,0.0001220703125,2027.5675187499849,2003.5215999999994,not_in_gurobi_pool,,0110111001111111100,00000000000111000,011011100111111110000000000000111000,128,8192,25,152,true,single,36,1.0e-10,64
VQE_reduced_surrogate,73002,7258,1,0.0001220703125,1975.3262437499864,2004.7156999999988,not_in_gurobi_pool,,0100110111110111100,00000000010101000,010011011111011110000000000010101000,128,8192,25,152,true,single,36,1.0e-10,64
VQE_reduced_surrogate,73002,7259,1,0.0001220703125,1975.326243749994,2004.7156999999988,not_in_gurobi_pool,,0100010111110111101,00000000010101000,010001011111011110100000000010101000,128,8192,25,152,true,single,36,1.0e-10,64
VQE_reduced_surrogate,73002,7322,1,0.0001220703125,2030.0215187500091,2005.975599999999,not_in_gurobi_pool,,1110011011111011100,00000000000111000,111001101111101110000000000000111000,128,8192,25,152,true,single,36,1.0e-10,64
VQE_reduced_surrogate,73002,7284,1,0.0001220703125,2001.0437937500012,2009.0590999999988,not_in_gurobi_pool,,0111001011110100111,00000000000100011,011100101111010011100000000000100011,128,8192,25,152,true,single,36,1.0e-10,64
VQE_reduced_surrogate,73002,7299,1,0.0001220703125,2013.389093749999,2021.4043999999983,not_in_gurobi_pool,,0111000110001111001,10100000010100000,011100011000111100110100000010100000,128,8192,25,152,true,single,36,1.0e-10,64
VQE_reduced_surrogate,73002,7315,1,0.0001220703125,2026.5881687500007,2023.916399999999,not_in_gurobi_pool,,0111010010100101000,10000000000111000,011101001010010100010000000000111000,128,8192,25,152,true,single,36,1.0e-10,64
VQE_reduced_surrogate,73002,7293,1,0.0001220703125,2006.6920187499989,2025.3943999999985,not_in_gurobi_pool,,1111100110001111100,00100000010100000,111110011000111110000100000010100000,128,8192,25,152,true,single,36,1.0e-10,64
VQE_reduced_surrogate,73002,7304,1,0.0001220703125,2017.5091937499967,2025.5244999999989,not_in_gurobi_pool,,0011010000100111100,00000000000101000,001101000010011110000000000000101000,128,8192,25,152,true,single,36,1.0e-10,64
VQE_reduced_surrogate,73002,7295,1,0.0001220703125,2007.6610187499984,2026.3633999999986,not_in_gurobi_pool,,0111001110001111001,10000101000100000,011100111000111100110000101000100000,128,8192,25,152,true,single,36,1.0e-10,64
VQE_reduced_surrogate,73002,7324,1,0.0001220703125,2030.6791687500015,2028.0073999999993,not_in_gurobi_pool,,1111010010101011100,00000000000111000,111101001010101110000000000000111000,128,8192,25,152,true,single,36,1.0e-10,64
VQE_reduced_surrogate,73002,7329,1,0.0001220703125,2031.9241687500055,2029.2523999999992,not_in_gurobi_pool,,1111010010110111010,00000000000111000,111101001011011101000000000000111000,128,8192,25,152,true,single,36,1.0e-10,64
VQE_reduced_surrogate,73002,7307,1,0.0001220703125,2021.8720937500066,2029.8873999999987,not_in_gurobi_pool,,0111111101000111001,10000101000110000,011111110100011100110000101000110000,128,8192,25,152,true,single,36,1.0e-10,64
VQE_reduced_surrogate,73002,7308,1,0.0001220703125,2023.8300937499903,2031.845399999999,not_in_gurobi_pool,,0111111100100111111,00000000000111000,011111110010011111100000000000111000,128,8192,25,152,true,single,36,1.0e-10,64
VQE_reduced_surrogate,73002,7309,1,0.0001220703125,2024.224093749998,2032.2393999999988,not_in_gurobi_pool,,0111000110100101110,00100000000100010,011100011010010111000100000000100010,128,8192,25,152,true,single,36,1.0e-10,64
VQE_reduced_surrogate,73002,7365,1,0.0001220703125,2067.849893749995,2033.1168999999989,not_in_gurobi_pool,,0110111001100111001,10000000000111000,011011100110011100110000000000111000,128,8192,25,152,true,single,36,1.0e-10,64
VQE_reduced_surrogate,73002,7311,1,0.0001220703125,2025.1855937500002,2033.2008999999985,not_in_gurobi_pool,,0110011000011111100,00010101010110000,011001100001111110000010101010110000,128,8192,25,152,true,single,36,1.0e-10,64
VQE_reduced_surrogate,73002,7312,1,0.0001220703125,2025.3091937499967,2033.3244999999986,not_in_gurobi_pool,,0011011110001111100,00000111000100000,001101111000111110000000111000100000,128,8192,25,152,true,single,36,1.0e-10,64
VQE_reduced_surrogate,73002,7337,1,0.0001220703125,2038.4492687499958,2035.7774999999986,not_in_gurobi_pool,,0011110011100111011,00000000000101000,001111001110011101100000000000101000,128,8192,25,152,true,single,36,1.0e-10,64
VQE_reduced_surrogate,73002,7349,1,0.0001220703125,2049.41034375,2036.0514999999984,not_in_gurobi_pool,,0011011111000111000,10000111000100000,001101111100011100010000111000100000,128,8192,25,152,true,single,36,1.0e-10,64
VQE_reduced_surrogate,73002,7350,1,0.0001220703125,2049.410343750001,2036.0514999999984,not_in_gurobi_pool,,0011111011000111001,10000111000100000,001111101100011100110000111000100000,128,8192,25,152,true,single,36,1.0e-10,64
VQE_reduced_surrogate,73002,7351,1,0.0001220703125,2049.410343750001,2036.0514999999984,not_in_gurobi_pool,,0011111011000111000,10000111000100000,001111101100011100010000111000100000,128,8192,25,152,true,single,36,1.0e-10,64
VQE_reduced_surrogate,73002,7317,1,0.0001220703125,2028.4655937500002,2036.4808999999989,not_in_gurobi_pool,,0110010001100111111,00000000010111000,011001000110011111100000000010111000,128,8192,25,152,true,single,36,1.0e-10,64
VQE_reduced_surrogate,73002,7294,1,0.0001220703125,2007.1269437499998,2036.5163999999988,not_in_gurobi_pool,,1111101010010111100,00000101000100000,111110101001011110000000101000100000,128,8192,25,152,true,single,36,1.0e-10,64
VQE_reduced_surrogate,73002,7318,1,0.0001220703125,2028.5276937499927,2036.5429999999985,not_in_gurobi_pool,,0100011110100111100,00000001000101000,010001111010011110000000001000101000,128,8192,25,152,true,single,36,1.0e-10,64
VQE_reduced_surrogate,73002,7319,1,0.0001220703125,2028.6611937499804,2036.6764999999984,not_in_gurobi_pool,,0011111110101111100,00000100000101000,001111111010111110000000100000101000,128,8192,25,152,true,single,36,1.0e-10,64
VQE_reduced_surrogate,73002,7320,1,0.0001220703125,2029.3980937500046,2037.4133999999988,not_in_gurobi_pool,,0111001111000111011,00000101000100000,011100111100011101100000101000100000,128,8192,25,152,true,single,36,1.0e-10,64
VQE_reduced_surrogate,73002,7321,1,0.0001220703125,2029.9941937499848,2038.0094999999985,not_in_gurobi_pool,,0011111010100111111,00000100000101000,001111101010011111100000100000101000,128,8192,25,152,true,single,36,1.0e-10,64
VQE_reduced_surrogate,73002,7323,1,0.0001220703125,2030.1171937500017,2038.1324999999981,not_in_gurobi_pool,,0011111011100110000,10000100000101000,001111101110011000010000100000101000,128,8192,25,152,true,single,36,1.0e-10,64
VQE_reduced_surrogate,73002,7326,1,0.0001220703125,2030.7400937500113,2038.7553999999984,not_in_gurobi_pool,,0111111011101010011,00000000000111101,011111101110101001100000000000111101,128,8192,25,152,true,single,36,1.0e-10,64
VQE_reduced_surrogate,73002,7339,1,0.0001220703125,2041.6301687499983,2038.9583999999988,not_in_gurobi_pool,,0111001101100110100,00000000000100000,011100110110011010000000000000100000,128,8192,25,152,true,single,36,1.0e-10,64
VQE_reduced_surrogate,73002,7352,1,0.0001220703125,2052.4882437500096,2039.1293999999991,not_in_gurobi_pool,,1111011010110011101,00000000000111000,111101101011001110100000000000111000,128,8192,25,152,true,single,36,1.0e-10,64
VQE_reduced_surrogate,73002,7327,1,0.0001220703125,2031.171093750005,2039.1863999999985,not_in_gurobi_pool,,0111111011101001011,00000000000111110,011111101110100101100000000000111110,128,8192,25,152,true,single,36,1.0e-10,64
VQE_reduced_surrogate,73002,7340,1,0.0001220703125,2041.912868749996,2039.2410999999986,not_in_gurobi_pool,,0000111111100111000,11000101000001000,000011111110011100011000101000001000,128,8192,25,152,true,single,36,1.0e-10,64
VQE_reduced_surrogate,73002,7328,1,0.0001220703125,2031.8690937499978,2039.8843999999992,not_in_gurobi_pool,,0111010111100001101,00000000000111000,011101011110000110100000000000111000,128,8192,25,152,true,single,36,1.0e-10,64
VQE_reduced_surrogate,73002,7306,1,0.0001220703125,2021.771618749999,2040.4739999999981,not_in_gurobi_pool,,0100110011110111001,10000000010101000,010011001111011100110000000010101000,128,8192,25,152,true,single,36,1.0e-10,64
VQE_reduced_surrogate,73002,7330,1,0.0001220703125,2032.7710937500015,2040.7863999999984,not_in_gurobi_pool,,0111110111101010110,00000000000111101,011111011110101011000000000000111101,128,8192,25,152,true,single,36,1.0e-10,64
VQE_reduced_surrogate,73002,7331,1,0.0001220703125,2033.5181937499935,2041.5334999999984,not_in_gurobi_pool,,0011011101100111111,00000100000101000,001101110110011111100000100000101000,128,8192,25,152,true,single,36,1.0e-10,64
VQE_reduced_surrogate,73002,7332,1,0.0001220703125,2033.9195937499999,2041.9348999999986,not_in_gurobi_pool,,0110110011101011110,00000000010111100,011011001110101111000000000010111100,128,8192,25,152,true,single,36,1.0e-10,64
VQE_reduced_surrogate,73002,7333,1,0.0001220703125,2034.3160937500058,2042.331399999999,not_in_gurobi_pool,,0111001111001011100,00000101000100000,011100111100101110000000101000100000,128,8192,25,152,true,single,36,1.0e-10,64
VQE_reduced_surrogate,73002,7356,1,0.0001220703125,2056.3604437499926,2043.0015999999991,not_in_gurobi_pool,,0001011111000111100,00000111100000000,000101111100011110000000111100000000,128,8192,25,152,true,single,36,1.0e-10,64
VQE_reduced_surrogate,73002,7310,1,0.0001220703125,2024.7820187500013,2043.4843999999987,not_in_gurobi_pool,,0111001011110100000,10000000000100000,011100101111010000010000000000100000,128,8192,25,152,true,single,36,1.0e-10,64
VQE_reduced_surrogate,73002,7313,1,0.0001220703125,2025.7616187499907,2044.4639999999988,not_in_gurobi_pool,,1100000111110111100,00100000010000000,110000011111011110000100000010000000,128,8192,25,152,true,single,36,1.0e-10,64
VQE_reduced_surrogate,73002,7314,1,0.0001220703125,2026.174118749998,2044.8764999999978,not_in_gurobi_pool,,0011111011101000110,00000100000101111,001111101110100011000000100000101111,128,8192,25,152,true,single,36,1.0e-10,64
VQE_reduced_surrogate,73002,7335,1,0.0001220703125,2037.6420937500002,2045.657399999999,not_in_gurobi_pool,,0111001011111110010,00000000000100001,011100101111111001000000000000100001,128,8192,25,152,true,single,36,1.0e-10,64
VQE_reduced_surrogate,73002,7348,1,0.0001220703125,2048.876268749985,2046.2044999999987,not_in_gurobi_pool,,1011111011010111100,00000111000100000,101111101101011110000000111000100000,128,8192,25,152,true,single,36,1.0e-10,64
VQE_reduced_surrogate,73002,7336,1,0.0001220703125,2038.3400937499982,2046.3553999999988,not_in_gurobi_pool,,0111110111110110100,00000000000111000,011111011111011010000000000000111000,128,8192,25,152,true,single,36,1.0e-10,64
VQE_reduced_surrogate,73002,7338,1,0.0001220703125,2038.469093749999,2046.4843999999987,not_in_gurobi_pool,,0111101111100110111,00000000000100001,011110111110011011100000000000100001,128,8192,25,152,true,single,36,1.0e-10,64
VQE_reduced_surrogate,73002,7325,1,0.0001220703125,2030.7206187499812,2049.4229999999984,not_in_gurobi_pool,,1100111111110111100,00000001000101000,110011111111011110000000001000101000,128,8192,25,152,true,single,36,1.0e-10,64
VQE_reduced_surrogate,73002,7341,1,0.0001220703125,2042.5510937499848,2050.566399999999,not_in_gurobi_pool,,0111111111011111110,00000101000110000,011111111101111111000000101000110000,128,8192,25,152,true,single,36,1.0e-10,64
VQE_reduced_surrogate,73002,7343,1,0.0001220703125,2044.5411937499675,2052.5564999999983,not_in_gurobi_pool,,0011101111111111100,00000100000000000,001110111111111110000000100000000000,128,8192,25,152,true,single,36,1.0e-10,64
VQE_reduced_surrogate,73002,7344,1,0.0001220703125,2045.063093749993,2053.078399999999,not_in_gurobi_pool,,0111001111110101111,00000000000100010,011100111111010111100000000000100010,128,8192,25,152,true,single,36,1.0e-10,64
VQE_reduced_surrogate,73002,7342,1,0.0001220703125,2042.6093187499976,2061.3116999999984,not_in_gurobi_pool,,0111000100101111001,10100000000100000,011100010010111100110100000000100000,128,8192,25,152,true,single,36,1.0e-10,64
VQE_reduced_surrogate,73002,7334,1,0.0001220703125,2035.9122437499952,2065.3016999999986,not_in_gurobi_pool,,1111100100101111100,00100000000100000,111110010010111110000100000000100000,128,8192,25,152,true,single,36,1.0e-10,64
VQE_reduced_surrogate,73002,7345,1,0.0001220703125,2046.5993187499948,2065.301699999999,not_in_gurobi_pool,,1111110100100111100,00000000000111000,111111010010011110000000000000111000,128,8192,25,152,true,single,36,1.0e-10,64
VQE_reduced_surrogate,73002,7366,1,0.0001220703125,2068.94246875,2066.2706999999987,not_in_gurobi_pool,,0111111100100111000,10000000000111000,011111110010011100010000000000111000,128,8192,25,152,true,single,36,1.0e-10,64
VQE_reduced_surrogate,73002,7347,1,0.0001220703125,2048.7723187499973,2067.4746999999984,not_in_gurobi_pool,,0111100100110111001,10100000000100000,011110010011011100110100000000100000,128,8192,25,152,true,single,36,1.0e-10,64
VQE_reduced_surrogate,73002,7353,1,0.0001220703125,2052.762318749991,2071.464699999999,not_in_gurobi_pool,,1111110000110111100,00000000000111000,111111000011011110000000000000111000,128,8192,25,152,true,single,36,1.0e-10,64
VQE_reduced_surrogate,73002,7354,1,0.0001220703125,2052.762318749994,2071.464699999999,not_in_gurobi_pool,,1111010100111111100,00000000000111000,111101010011111110000000000000111000,128,8192,25,152,true,single,36,1.0e-10,64
VQE_reduced_surrogate,73002,7355,1,0.0001220703125,2053.773318749996,2072.4756999999986,not_in_gurobi_pool,,0111000110001111111,00100000010100000,011100011000111111100100000010100000,128,8192,25,152,true,single,36,1.0e-10,64
VQE_reduced_surrogate,73002,7364,1,0.0001220703125,2065.740393750002,2073.7556999999983,not_in_gurobi_pool,,0111000110101011100,00100000000100000,011100011010101110000100000000100000,128,8192,25,152,true,single,36,1.0e-10,64
VQE_reduced_surrogate,73002,7373,1,0.0001220703125,2077.1265687499927,2074.4547999999986,not_in_gurobi_pool,,0101010110101111100,00000000000101000,010101011010111110000000000000101000,128,8192,25,152,true,single,36,1.0e-10,64
VQE_reduced_surrogate,73002,7379,1,0.0001220703125,2087.813643749997,2074.4547999999986,not_in_gurobi_pool,,0101100110100111100,00100000000000000,010110011010011110000100000000000000,128,8192,25,152,true,single,36,1.0e-10,64
VQE_reduced_surrogate,73002,7367,1,0.0001220703125,2069.1633937499982,2077.1786999999986,not_in_gurobi_pool,,0111000101100101100,00100000000100000,011100010110010110000100000000100000,128,8192,25,152,true,single,36,1.0e-10,64
VQE_reduced_surrogate,73002,7357,1,0.0001220703125,2059.936318749995,2078.6386999999986,not_in_gurobi_pool,,0111000110010111111,00100000010100000,011100011001011111100100000010100000,128,8192,25,152,true,single,36,1.0e-10,64
VQE_reduced_surrogate,73002,7369,1,0.0001220703125,2071.7999937499826,2079.8152999999984,not_in_gurobi_pool,,1100111001100111100,00000001000101000,110011100110011110000000001000101000,128,8192,25,152,true,single,36,1.0e-10,64
VQE_reduced_surrogate,73002,7360,1,0.0001220703125,2062.054318749988,2080.756699999999,not_in_gurobi_pool,,0111001100110111111,00000000000100000,011100110011011111100000000000100000,128,8192,25,152,true,single,36,1.0e-10,64
VQE_reduced_surrogate,73002,7378,1,0.0001220703125,2083.5025687499983,2080.8307999999984,not_in_gurobi_pool,,0011100111000111100,00100100010000000,001110011100011110000100100010000000,128,8192,25,152,true,single,36,1.0e-10,64
VQE_reduced_surrogate,73002,7370,1,0.0001220703125,2073.043893749994,2081.059199999999,not_in_gurobi_pool,,1110010001110111100,00000000010111000,111001000111011110000000000010111000,128,8192,25,152,true,single,36,1.0e-10,64
VQE_reduced_surrogate,73002,7361,1,0.0001220703125,2062.8013187499964,2081.5036999999984,not_in_gurobi_pool,,0111001011100010011,00000000000100101,011100101110001001100000000000100101,128,8192,25,152,true,single,36,1.0e-10,64
VQE_reduced_surrogate,73002,7385,1,0.0001220703125,2095.597543749993,2082.238699999999,not_in_gurobi_pool,,0111111001101011101,00000000000111000,011111100110101110100000000000111000,128,8192,25,152,true,single,36,1.0e-10,64
VQE_reduced_surrogate,73002,7386,1,0.0001220703125,2095.5975437499937,2082.238699999999,not_in_gurobi_pool,,0111111001100011101,00000000000111000,011111100110001110100000000000111000,128,8192,25,152,true,single,36,1.0e-10,64
VQE_reduced_surrogate,73002,7388,1,0.0001220703125,2096.037543750005,2082.6786999999986,not_in_gurobi_pool,,1111011010110110110,00000000000111001,111101101011011011000000000000111001,128,8192,25,152,true,single,36,1.0e-10,64
VQE_reduced_surrogate,73002,7371,1,0.0001220703125,2075.33489375,2083.3501999999985,not_in_gurobi_pool,,0110110011101011100,00000000010111000,011011001110101110000000000010111000,128,8192,25,152,true,single,36,1.0e-10,64
VQE_reduced_surrogate,73002,7363,1,0.0001220703125,2064.8953187499856,2083.597699999999,not_in_gurobi_pool,,0111111110010111110,00000101000110000,011111111001011111000000101000110000,128,8192,25,152,true,single,36,1.0e-10,64
VQE_reduced_surrogate,73002,7389,1,0.0001220703125,2097.511643749998,2084.152799999999,not_in_gurobi_pool,,0011000001110111100,00100000000000000,001100000111011110000100000000000000,128,8192,25,152,true,single,36,1.0e-10,64
VQE_reduced_surrogate,73002,7381,1,0.0001220703125,2088.1654687500272,2085.493699999998,not_in_gurobi_pool,,1111011111101010111,00000000000111101,111101111110101011100000000000111101,128,8192,25,152,true,single,36,1.0e-10,64
VQE_reduced_surrogate,73002,7375,1,0.0001220703125,2079.5474937499985,2087.5627999999983,not_in_gurobi_pool,,0011011011101001101,00000100000101000,001101101110100110100000100000101000,128,8192,25,152,true,single,36,1.0e-10,64
VQE_reduced_surrogate,73002,7376,1,0.0001220703125,2080.4384937500063,2088.453799999998,not_in_gurobi_pool,,0101011011101010111,00000001000101101,010101101110101011100000001000101101,128,8192,25,152,true,single,36,1.0e-10,64
VQE_reduced_surrogate,73002,7384,1,0.0001220703125,2091.508468750005,2088.8366999999985,not_in_gurobi_pool,,0111111011110101011,00000000000111010,011111101111010101100000000000111010,128,8192,25,152,true,single,36,1.0e-10,64
VQE_reduced_surrogate,73002,7377,1,0.0001220703125,2081.6324937500003,2089.6477999999984,not_in_gurobi_pool,,0011011011111111011,00000100000101000,001101101111111101100000100000101000,128,8192,25,152,true,single,36,1.0e-10,64
VQE_reduced_surrogate,73002,7359,1,0.0001220703125,2060.8338437499915,2090.2232999999983,not_in_gurobi_pool,,0010010111110111100,00000000010101000,001001011111011110000000000010101000,128,8192,25,152,true,single,36,1.0e-10,64
VQE_reduced_surrogate,73002,7368,1,0.0001220703125,2071.5498187499925,2090.2521999999985,not_in_gurobi_pool,,0110110111111111100,00000000010111000,011011011111111110000000000010111000,128,8192,25,152,true,single,36,1.0e-10,64
VQE_reduced_surrogate,73002,7362,1,0.0001220703125,2062.8754437499683,2092.2648999999988,not_in_gurobi_pool,,1001111111110111100,00000101000001000,100111111111011110000000101000001000,128,8192,25,152,true,single,36,1.0e-10,64
VQE_reduced_surrogate,73002,7374,1,0.0001220703125,2077.801918749986,2096.5042999999982,not_in_gurobi_pool,,0100111011110111111,00000001000101000,010011101111011111100000001000101000,128,8192,25,152,true,single,36,1.0e-10,64
VQE_reduced_surrogate,73002,7393,1,0.0001220703125,2110.3697687500035,2107.6979999999985,not_in_gurobi_pool,,0111110000001111100,00010000010110000,011111000000111110000010000010110000,128,8192,25,152,true,single,36,1.0e-10,64
VQE_reduced_surrogate,73002,7387,1,0.0001220703125,2095.7126187500025,2114.4149999999986,not_in_gurobi_pool,,1111100101000111100,00100000010100000,111110010100011110000100000010100000,128,8192,25,152,true,single,36,1.0e-10,64
VQE_reduced_surrogate,73002,7407,1,0.0001220703125,2130.2889437499944,2116.9300999999987,not_in_gurobi_pool,,1101100111100111000,10100000000000000,110110011110011100010100000000000000,128,8192,25,152,true,single,36,1.0e-10,64
VQE_reduced_surrogate,73002,7390,1,0.0001220703125,2098.4181187500044,2117.120499999998,not_in_gurobi_pool,,0110100010101111100,00100000010100000,011010001010111110000100000010100000,128,8192,25,152,true,single,36,1.0e-10,64
VQE_reduced_surrogate,73002,7380,1,0.0001220703125,2087.8235437499907,2117.2129999999984,not_in_gurobi_pool,,0111100100111111100,00100000000100000,011110010011111110000100000000100000,128,8192,25,152,true,single,36,1.0e-10,64
VQE_reduced_surrogate,73002,7391,1,0.0001220703125,2098.510618749989,2117.212999999999,not_in_gurobi_pool,,0111110000111111100,00000000000111000,011111000011111110000000000000111000,128,8192,25,152,true,single,36,1.0e-10,64
VQE_reduced_surrogate,73002,7382,1,0.0001220703125,2089.1565437499935,2118.5459999999985,not_in_gurobi_pool,,0111000100110111111,00100000000100000,011100010011011111100100000000100000,128,8192,25,152,true,single,36,1.0e-10,64
VQE_reduced_surrogate,73002,7383,1,0.0001220703125,2089.156543749991,2118.545999999999,not_in_gurobi_pool,,0111000100111111110,00100000000100000,011100010011111111000100000000100000,128,8192,25,152,true,single,36,1.0e-10,64
VQE_reduced_surrogate,73002,7392,1,0.0001220703125,2101.7036187499893,2120.4059999999986,not_in_gurobi_pool,,1111100010111111100,00100000000100000,111110001011111110000100000000100000,128,8192,25,152,true,single,36,1.0e-10,64
VQE_reduced_surrogate,73002,7394,1,0.0001220703125,2114.1566937499765,2122.1719999999987,not_in_gurobi_pool,,0111111100111111100,00000000000111000,011111110011111110000000000000111000,128,8192,25,152,true,single,36,1.0e-10,64
VQE_reduced_surrogate,73002,7406,1,0.0001220703125,2125.379768749997,2122.7079999999987,not_in_gurobi_pool,,0111001010110111011,00000000000100000,011100101011011101100000000000100000,128,8192,25,152,true,single,36,1.0e-10,64
VQE_reduced_surrogate,73002,7395,1,0.0001220703125,2115.35729374999,2123.3725999999983,not_in_gurobi_pool,,0100011010100111110,00000001000101000,010001101010011111000000001000101000,128,8192,25,152,true,single,36,1.0e-10,64
VQE_reduced_surrogate,73002,7413,1,0.0001220703125,2136.771343749999,2123.412499999999,not_in_gurobi_pool,,0110001010100111110,00000000000100000,011000101010011111000000000000100000,128,8192,25,152,true,single,36,1.0e-10,64
VQE_reduced_surrogate,73002,7396,1,0.0001220703125,2117.3656937499945,2125.3809999999985,not_in_gurobi_pool,,0111110011101001101,00000000000111000,011111001110100110100000000000111000,128,8192,25,152,true,single,36,1.0e-10,64
VQE_reduced_surrogate,73002,7397,1,0.0001220703125,2118.26769375001,2126.2829999999985,not_in_gurobi_pool,,0111010111101010111,00000000000111101,011101011110101011100000000000111101,128,8192,25,152,true,single,36,1.0e-10,64
VQE_reduced_surrogate,73002,7398,1,0.0001220703125,2119.711693750001,2127.7269999999985,not_in_gurobi_pool,,0111001011000101101,00000101000100000,011100101100010110100000101000100000,128,8192,25,152,true,single,36,1.0e-10,64
VQE_reduced_surrogate,73002,7408,1,0.0001220703125,2130.7637687500037,2128.0919999999987,not_in_gurobi_pool,,1111111111111111001,10000000000111000,111111111111111100110000000000111000,128,8192,25,152,true,single,36,1.0e-10,64
VQE_reduced_surrogate,73002,7399,1,0.0001220703125,2120.1247937499934,2128.1400999999983,not_in_gurobi_pool,,1101111011101011100,00000001000101000,110111101110101110000000001000101000,128,8192,25,152,true,single,36,1.0e-10,64
VQE_reduced_surrogate,73002,7401,1,0.0001220703125,2121.653793749987,2129.6690999999983,not_in_gurobi_pool,,0011011010110111111,00000100000101000,001101101011011111100000100000101000,128,8192,25,152,true,single,36,1.0e-10,64
VQE_reduced_surrogate,73002,7402,1,0.0001220703125,2121.8056937500023,2129.8209999999985,not_in_gurobi_pool,,0111001111110110001,10000000000100000,011100111111011000110000000000100000,128,8192,25,152,true,single,36,1.0e-10,64
VQE_reduced_surrogate,73002,7403,1,0.0001220703125,2123.7112937499815,2131.726599999998,not_in_gurobi_pool,,0100011001110111100,00000001000101000,010001100111011110000000001000101000,128,8192,25,152,true,single,36,1.0e-10,64
VQE_reduced_surrogate,73002,7404,1,0.0001220703125,2123.741293749985,2131.756599999999,not_in_gurobi_pool,,0100101111101111100,00000001000000000,010010111110111110000000001000000000,128,8192,25,152,true,single,36,1.0e-10,64
VQE_reduced_surrogate,73002,7419,1,0.0001220703125,2148.08706875,2145.4152999999983,not_in_gurobi_pool,,1111011100000111000,10010101000110000,111101110000011100010010101000110000,128,8192,25,152,true,single,36,1.0e-10,64
VQE_reduced_surrogate,73002,7400,1,0.0001220703125,2121.4088437499995,2150.7982999999986,not_in_gurobi_pool,,1111100100100111100,00100000000100000,111110010010011110000100000000100000,128,8192,25,152,true,single,36,1.0e-10,64
VQE_reduced_surrogate,73002,7416,1,0.0001220703125,2143.592993750006,2151.6082999999985,not_in_gurobi_pool,,1111011110000111000,10000101000110000,111101111000011100010000101000110000,128,8192,25,152,true,single,36,1.0e-10,64
VQE_reduced_surrogate,73002,7414,1,0.0001220703125,2138.0359187500007,2156.7382999999986,not_in_gurobi_pool,,0111001100000111111,00010101000100000,011100110000011111100010101000100000,128,8192,25,152,true,single,36,1.0e-10,64
VQE_reduced_surrogate,73002,7427,1,0.0001220703125,2160.6320687499956,2157.9602999999984,not_in_gurobi_pool,,0111101010101111001,10000000000100000,011110101010111100110000000000100000,128,8192,25,152,true,single,36,1.0e-10,64
VQE_reduced_surrogate,73002,7423,1,0.0001220703125,2151.5405937499863,2159.5558999999985,not_in_gurobi_pool,,1100000011100111000,10100000010000000,110000001110011100010100000010000000,128,8192,25,152,true,single,36,1.0e-10,64
VQE_reduced_surrogate,73002,7439,1,0.0001220703125,2173.310243749998,2159.9513999999986,not_in_gurobi_pool,,0101000110100111100,00100000000000000,010100011010011110000100000000000000,128,8192,25,152,true,single,36,1.0e-10,64
VQE_reduced_surrogate,73002,7441,1,0.0001220703125,2173.3212437500015,2159.9623999999985,not_in_gurobi_pool,,0011000110100111100,00100000000000000,001100011010011110000100000000000000,128,8192,25,152,true,single,36,1.0e-10,64
VQE_reduced_surrogate,73002,7409,1,0.0001220703125,2131.217843749988,2160.6072999999983,not_in_gurobi_pool,,0111000011100100001,10100000000100000,011100001110010000110100000000100000,128,8192,25,152,true,single,36,1.0e-10,64
VQE_reduced_surrogate,73002,7410,1,0.0001220703125,2131.2178437499892,2160.6072999999983,not_in_gurobi_pool,,0111000011100100000,10100000000100000,011100001110010000010100000000100000,128,8192,25,152,true,single,36,1.0e-10,64
VQE_reduced_surrogate,73002,7443,1,0.0001220703125,2174.058143750008,2160.699299999999,not_in_gurobi_pool,,0111010011000111011,00000000010110000,011101001100011101100000000010110000,128,8192,25,152,true,single,36,1.0e-10,64
VQE_reduced_surrogate,73002,7415,1,0.0001220703125,2142.7939187500087,2161.4962999999984,not_in_gurobi_pool,,0111000101000111111,00100000010100000,011100010100011111100100000010100000,128,8192,25,152,true,single,36,1.0e-10,64
VQE_reduced_surrogate,73002,7424,1,0.0001220703125,2153.5529937499887,2161.5682999999985,not_in_gurobi_pool,,0111111100011111100,00010101000110000,011111110001111110000010101000110000,128,8192,25,152,true,single,36,1.0e-10,64
VQE_reduced_surrogate,73002,7417,1,0.0001220703125,2144.1989187499958,2162.901299999998,not_in_gurobi_pool,,0111001100010111111,00010101000100000,011100110001011111100010101000100000,128,8192,25,152,true,single,36,1.0e-10,64
VQE_reduced_surrogate,73002,7418,1,0.0001220703125,2144.198918749997,2162.901299999998,not_in_gurobi_pool,,0111001000011111110,00010101000100000,011100100001111111000010101000100000,128,8192,25,152,true,single,36,1.0e-10,64
VQE_reduced_surrogate,73002,7411,1,0.0001220703125,2133.5418437499957,2162.931299999999,not_in_gurobi_pool,,0111001110000111111,00000101000100000,011100111000011111100000101000100000,128,8192,25,152,true,single,36,1.0e-10,64
VQE_reduced_surrogate,73002,7425,1,0.0001220703125,2157.6519937500043,2165.6672999999982,not_in_gurobi_pool,,0111111011101010000,10000000000111000,011111101110101000010000000000111000,128,8192,25,152,true,single,36,1.0e-10,64
VQE_reduced_surrogate,73002,7435,1,0.0001220703125,2168.7971687499967,2166.1253999999985,not_in_gurobi_pool,,0011010010110111100,00000000000101000,001101001011011110000000000000101000,128,8192,25,152,true,single,36,1.0e-10,64
VQE_reduced_surrogate,73002,7426,1,0.0001220703125,2159.5949937500063,2167.6102999999985,not_in_gurobi_pool,,0111010111110110000,10000000000111000,011101011111011000010000000000111000,128,8192,25,152,true,single,36,1.0e-10,64
VQE_reduced_surrogate,73002,7420,1,0.0001220703125,2149.439918750001,2168.142299999998,not_in_gurobi_pool,,0111000111110011000,10100000000100000,011100011111001100010100000000100000,128,8192,25,152,true,single,36,1.0e-10,64
VQE_reduced_surrogate,73002,7421,1,0.0001220703125,2149.488918750005,2168.191299999998,not_in_gurobi_pool,,0111010111101000111,00000000000111111,011101011110100011100000000000111111,128,8192,25,152,true,single,36,1.0e-10,64
VQE_reduced_surrogate,73002,7436,1,0.0001220703125,2171.1171687499937,2168.4453999999987,not_in_gurobi_pool,,0011101001100111100,00000100000000000,001110100110011110000000100000000000,128,8192,25,152,true,single,36,1.0e-10,64
VQE_reduced_surrogate,73002,7428,1,0.0001220703125,2161.6329937500022,2169.648299999999,not_in_gurobi_pool,,1111111111000111110,00000101000110000,111111111100011111000000101000110000,128,8192,25,152,true,single,36,1.0e-10,64
VQE_reduced_surrogate,73002,7447,1,0.0001220703125,2184.645243750001,2171.2863999999986,not_in_gurobi_pool,,0011101011000111100,00000111000000000,001110101100011110000000111000000000,128,8192,25,152,true,single,36,1.0e-10,64
VQE_reduced_surrogate,73002,7430,1,0.0001220703125,2163.4895937499878,2171.504899999999,not_in_gurobi_pool,,1100101111100111100,00000001000000000,110010111110011110000000001000000000,128,8192,25,152,true,single,36,1.0e-10,64
VQE_reduced_surrogate,73002,7431,1,0.0001220703125,2165.88409374999,2173.899399999998,not_in_gurobi_pool,,0011111011101011101,00000100000101000,001111101110101110100000100000101000,128,8192,25,152,true,single,36,1.0e-10,64
VQE_reduced_surrogate,73002,7432,1,0.0001220703125,2166.460693749984,2174.475999999998,not_in_gurobi_pool,,0000111111101111101,01000101000001000,000011111110111110101000101000001000,128,8192,25,152,true,single,36,1.0e-10,64
VQE_reduced_surrogate,73002,7444,1,0.0001220703125,2177.792168749992,2175.1203999999984,not_in_gurobi_pool,,0101001011101101110,00000001000000010,010100101110110111000000001000000010,128,8192,25,152,true,single,36,1.0e-10,64
VQE_reduced_surrogate,73002,7433,1,0.0001220703125,2167.9179937500035,2175.933299999999,not_in_gurobi_pool,,0111010111111110110,00000000000111001,011101011111111011000000000000111001,128,8192,25,152,true,single,36,1.0e-10,64
VQE_reduced_surrogate,73002,7438,1,0.0001220703125,2172.03699375,2180.0522999999985,not_in_gurobi_pool,,0111001011110100110,00000000000100011,011100101111010011000000000000100011,128,8192,25,152,true,single,36,1.0e-10,64
VQE_reduced_surrogate,73002,7429,1,0.0001220703125,2161.9655187499893,2180.667899999998,not_in_gurobi_pool,,0100011111110111101,00000001000101000,010001111111011110100000001000101000,128,8192,25,152,true,single,36,1.0e-10,64
VQE_reduced_surrogate,73002,7448,1,0.0001220703125,2186.5002937499976,2194.5155999999984,not_in_gurobi_pool,,0111001100100111001,10000000000100000,011100110010011100110000000000100000,128,8192,25,152,true,single,36,1.0e-10,64
VQE_reduced_surrogate,73002,7457,1,0.0001220703125,2198.421368749999,2195.7495999999983,not_in_gurobi_pool,,0111110010101111001,10000000000111000,011111001010111100110000000000111000,128,8192,25,152,true,single,36,1.0e-10,64
VQE_reduced_surrogate,73002,7445,1,0.0001220703125,2177.844218749995,2196.5465999999988,not_in_gurobi_pool,,0111110100100111101,00000000000111000,011111010010011110100000000000111000,128,8192,25,152,true,single,36,1.0e-10,64
VQE_reduced_surrogate,73002,7434,1,0.0001220703125,2168.4901437499966,2197.8795999999984,not_in_gurobi_pool,,0111000100100111111,00100000000100000,011100010010011111100100000000100000,128,8192,25,152,true,single,36,1.0e-10,64
VQE_reduced_surrogate,73002,7446,1,0.0001220703125,2179.177218749998,2197.879599999999,not_in_gurobi_pool,,0111010100100111111,00000000000111000,011101010010011111100000000000111000,128,8192,25,152,true,single,36,1.0e-10,64
VQE_reduced_surrogate,73002,7455,1,0.0001220703125,2192.8652937499983,2200.8805999999986,not_in_gurobi_pool,,0111111001000111000,10000101000110000,011111100100011100010000101000110000,128,8192,25,152,true,single,36,1.0e-10,64
VQE_reduced_surrogate,73002,7437,1,0.0001220703125,2171.9571437500017,2201.3465999999985,not_in_gurobi_pool,,1111001110001111100,00000101000100000,111100111000111110000000101000100000,128,8192,25,152,true,single,36,1.0e-10,64
VQE_reduced_surrogate,73002,7472,1,0.0001220703125,2215.6341437499914,2202.275299999998,not_in_gurobi_pool,,1000110011100111000,11000000010001000,100011001110011100011000000010001000,128,8192,25,152,true,single,36,1.0e-10,64
VQE_reduced_surrogate,73002,7473,1,0.0001220703125,2215.7566437499927,2202.3977999999984,not_in_gurobi_pool,,1001010011100111001,10000000000001000,100101001110011100110000000000001000,128,8192,25,152,true,single,36,1.0e-10,64
VQE_reduced_surrogate,73002,7440,1,0.0001220703125,2173.3201437499956,2202.7095999999988,not_in_gurobi_pool,,0111000100111111101,00100000000100000,011100010011111110100100000000100000,128,8192,25,152,true,single,36,1.0e-10,64
VQE_reduced_surrogate,73002,7456,1,0.0001220703125,2194.8232937499906,2202.8385999999987,not_in_gurobi_pool,,0111111000100111111,00000000000111000,011111100010011111100000000000111000,128,8192,25,152,true,single,36,1.0e-10,64
VQE_reduced_surrogate,73002,7449,1,0.0001220703125,2187.200218749994,2205.9025999999985,not_in_gurobi_pool,,1111100010110111101,00100000000100000,111110001011011110100100000000100000,128,8192,25,152,true,single,36,1.0e-10,64
VQE_reduced_surrogate,73002,7458,1,0.0001220703125,2199.02829375,2207.0435999999986,not_in_gurobi_pool,,0111111001010111000,10000101000110000,011111100101011100010000101000110000,128,8192,25,152,true,single,36,1.0e-10,64
VQE_reduced_surrogate,73002,7476,1,0.0001220703125,2220.904943749996,2207.5460999999987,not_in_gurobi_pool,,0110011000110111100,00000000000111000,011001100011011110000000000000111000,128,8192,25,152,true,single,36,1.0e-10,64
VQE_reduced_surrogate,73002,7478,1,0.0001220703125,2221.119443750005,2207.7605999999987,not_in_gurobi_pool,,0111011110100110110,00000000000111001,011101111010011011000000000000111001,128,8192,25,152,true,single,36,1.0e-10,64
VQE_reduced_surrogate,73002,7451,1,0.0001220703125,2189.612218749995,2208.3145999999983,not_in_gurobi_pool,,0111001011100100000,10000000000100000,011100101110010000010000000000100000,128,8192,25,152,true,single,36,1.0e-10,64
VQE_reduced_surrogate,73002,7452,1,0.0001220703125,2189.7132187499965,2208.4155999999984,not_in_gurobi_pool,,0111001011101010000,10000000000100000,011100101110101000010000000000100000,128,8192,25,152,true,single,36,1.0e-10,64
VQE_reduced_surrogate,73002,7453,1,0.0001220703125,2190.591818749991,2209.2941999999985,not_in_gurobi_pool,,1100100111101111100,00100000010000000,110010011110111110000100000010000000,128,8192,25,152,true,single,36,1.0e-10,64
VQE_reduced_surrogate,73002,7479,1,0.0001220703125,2222.9144437499945,2209.5555999999983,not_in_gurobi_pool,,0111011001110101000,10000000000111000,011101100111010100010000000000111000,128,8192,25,152,true,single,36,1.0e-10,64
VQE_reduced_surrogate,73002,7461,1,0.0001220703125,2203.663293750002,2211.6785999999984,not_in_gurobi_pool,,0111010111100100110,00000000000111011,011101011110010011000000000000111011,128,8192,25,152,true,single,36,1.0e-10,64
VQE_reduced_surrogate,73002,7462,1,0.0001220703125,2204.3807937499996,2212.396099999998,not_in_gurobi_pool,,0110010011100110110,00000000010111001,011001001110011011000000000010111001,128,8192,25,152,true,single,36,1.0e-10,64
VQE_reduced_surrogate,73002,7463,1,0.0001220703125,2205.8173937499887,2213.832699999998,not_in_gurobi_pool,,0011011110110111100,00000100000101000,001101111011011110000000100000101000,128,8192,25,152,true,single,36,1.0e-10,64
VQE_reduced_surrogate,73002,7464,1,0.0001220703125,2207.179293749984,2215.194599999999,not_in_gurobi_pool,,0111001110110111111,00000000000100000,011100111011011111100000000000100000,128,8192,25,152,true,single,36,1.0e-10,64
VQE_reduced_surrogate,73002,7474,1,0.0001220703125,2217.9763687500017,2215.3045999999986,not_in_gurobi_pool,,0111111011100100101,00000000000111000,011111101110010010100000000000111000,128,8192,25,152,true,single,36,1.0e-10,64
VQE_reduced_surrogate,73002,7465,1,0.0001220703125,2208.410893749993,2216.426199999998,not_in_gurobi_pool,,0100111011110111000,10000001000101000,010011101111011100010000001000101000,128,8192,25,152,true,single,36,1.0e-10,64
VQE_reduced_surrogate,73002,7466,1,0.0001220703125,2208.4218937499963,2216.437199999998,not_in_gurobi_pool,,0010111011110111000,10000100000101000,001011101111011100010000100000101000,128,8192,25,152,true,single,36,1.0e-10,64
VQE_reduced_surrogate,73002,7475,1,0.0001220703125,2219.308468749994,2216.6366999999987,not_in_gurobi_pool,,0101001011101011100,00000001000000000,010100101110101110000000001000000000,128,8192,25,152,true,single,36,1.0e-10,64
VQE_reduced_surrogate,73002,7487,1,0.0001220703125,2241.0930187500007,2217.0470999999984,not_in_gurobi_pool,,0110011011101001110,00000000000111110,011001101110100111000000000000111110,128,8192,25,152,true,single,36,1.0e-10,64
VQE_reduced_surrogate,73002,7467,1,0.0001220703125,2209.330393749986,2217.345699999998,not_in_gurobi_pool,,0101011001111111101,00000001000101000,010101100111111110100000001000101000,128,8192,25,152,true,single,36,1.0e-10,64
VQE_reduced_surrogate,73002,7459,1,0.0001220703125,2199.1782187499985,2217.8805999999986,not_in_gurobi_pool,,0111000111110011101,00100000000100000,011100011111001110100100000000100000,128,8192,25,152,true,single,36,1.0e-10,64
VQE_reduced_surrogate,73002,7477,1,0.0001220703125,2221.100068749987,2218.428299999998,not_in_gurobi_pool,,0000110011110111100,01000000010001000,000011001111011110001000000010001000,128,8192,25,152,true,single,36,1.0e-10,64
VQE_reduced_surrogate,73002,7469,1,0.0001220703125,2210.6933937499753,2218.7086999999988,not_in_gurobi_pool,,0101101111101111110,00000001000000000,010110111110111111000000001000000000,128,8192,25,152,true,single,36,1.0e-10,64
VQE_reduced_surrogate,73002,7460,1,0.0001220703125,2203.0578187499827,2221.7601999999983,not_in_gurobi_pool,,1010111011110111110,00000100000101000,101011101111011111000000100000101000,128,8192,25,152,true,single,36,1.0e-10,64
VQE_reduced_surrogate,73002,7470,1,0.0001220703125,2213.602518749997,2232.3048999999983,not_in_gurobi_pool,,0111000100100111001,10100000000100000,011100010010011100110100000000100000,128,8192,25,152,true,single,36,1.0e-10,64
VQE_reduced_surrogate,73002,7471,1,0.0001220703125,2213.6025187500018,2232.3048999999983,not_in_gurobi_pool,,0111000100100111000,10100000000100000,011100010010011100010100000000100000,128,8192,25,152,true,single,36,1.0e-10,64
VQE_reduced_surrogate,73002,7486,1,0.0001220703125,2234.090593750004,2242.105899999998,not_in_gurobi_pool,,0111100100010111101,00110000010100000,011110010001011110100110000010100000,128,8192,25,152,true,single,36,1.0e-10,64
VQE_reduced_surrogate,73002,7490,1,0.0001220703125,2246.098668749997,2243.4268999999986,not_in_gurobi_pool,,0111111000110111000,10000000000111000,011111100011011100010000000000111000,128,8192,25,152,true,single,36,1.0e-10,64
VQE_reduced_surrogate,73002,7480,1,0.0001220703125,2228.362518750001,2247.064899999998,not_in_gurobi_pool,,0111101100010111100,00010101000100000,011110110001011110000010101000100000,128,8192,25,152,true,single,36,1.0e-10,64
VQE_reduced_surrogate,73002,7481,1,0.0001220703125,2228.773518749997,2247.475899999998,not_in_gurobi_pool,,0111000111101011000,10100000000100000,011100011110101100010100000000100000,128,8192,25,152,true,single,36,1.0e-10,64
VQE_reduced_surrogate,73002,7482,1,0.0001220703125,2228.7735187499966,2247.475899999998,not_in_gurobi_pool,,0111100011101011000,10100000000100000,011110001110101100010100000000100000,128,8192,25,152,true,single,36,1.0e-10,64
VQE_reduced_surrogate,73002,7483,1,0.0001220703125,2231.7145187499927,2250.416899999999,not_in_gurobi_pool,,0111001000111111101,00000000000100000,011100100011111110100000000000100000,128,8192,25,152,true,single,36,1.0e-10,64
VQE_reduced_surrogate,73002,7484,1,0.0001220703125,2231.7145187499914,2250.416899999999,not_in_gurobi_pool,,0111001100111111100,00000000000100000,011100110011111110000000000000100000,128,8192,25,152,true,single,36,1.0e-10,64
VQE_reduced_surrogate,73002,7489,1,0.0001220703125,2242.926693749984,2250.941999999998,not_in_gurobi_pool,,1011011101100111100,00000100000101000,101101110110011110000000100000101000,128,8192,25,152,true,single,36,1.0e-10,64
VQE_reduced_surrogate,73002,7501,1,0.0001220703125,2254.495768750002,2251.8239999999983,not_in_gurobi_pool,,0011000011000111100,00100100010000000,001100001100011110000100100010000000,128,8192,25,152,true,single,36,1.0e-10,64
VQE_reduced_surrogate,73002,7502,1,0.0001220703125,2255.9076687500133,2253.2358999999983,not_in_gurobi_pool,,0111111011100110011,00000000000111001,011111101110011001100000000000111001,128,8192,25,152,true,single,36,1.0e-10,64
VQE_reduced_surrogate,73002,7512,1,0.0001220703125,2277.8943187499926,2253.848399999999,not_in_gurobi_pool,,0110111001100111101,00000000000111000,011011100110011110100000000000111000,128,8192,25,152,true,single,36,1.0e-10,64
VQE_reduced_surrogate,73002,7491,1,0.0001220703125,2247.251593750002,2255.2668999999983,not_in_gurobi_pool,,0111110111100110110,00000000000111001,011111011110011011000000000000111001,128,8192,25,152,true,single,36,1.0e-10,64
VQE_reduced_surrogate,73002,7503,1,0.0001220703125,2257.975668749995,2255.303899999999,not_in_gurobi_pool,,0111111101100111111,00000000000111000,011111110110011111100000000000111000,128,8192,25,152,true,single,36,1.0e-10,64
VQE_reduced_surrogate,73002,7495,1,0.0001220703125,2249.118593749983,2257.133899999999,not_in_gurobi_pool,,1111101001110111100,00000000000100000,111110100111011110000000000000100000,128,8192,25,152,true,single,36,1.0e-10,64
VQE_reduced_surrogate,73002,7496,1,0.0001220703125,2249.2105937500087,2257.2258999999985,not_in_gurobi_pool,,0111011011111100001,10000000000111000,011101101111110000110000000000111000,128,8192,25,152,true,single,36,1.0e-10,64
VQE_reduced_surrogate,73002,7497,1,0.0001220703125,2251.380693749994,2259.3959999999984,not_in_gurobi_pool,,0011111011100011100,00000100000101000,001111101110001110000000100000101000,128,8192,25,152,true,single,36,1.0e-10,64
VQE_reduced_surrogate,73002,7498,1,0.0001220703125,2251.9025937499923,2259.917899999998,not_in_gurobi_pool,,0111101011101001110,00000000000100110,011110101110100111000000000000100110,128,8192,25,152,true,single,36,1.0e-10,64
VQE_reduced_surrogate,73002,7485,1,0.0001220703125,2231.816043749988,2261.205499999998,not_in_gurobi_pool,,0100110011110111100,00000000010101000,010011001111011110000000000010101000,128,8192,25,152,true,single,36,1.0e-10,64
VQE_reduced_surrogate,73002,7492,1,0.0001220703125,2247.4332187499895,2266.1355999999982,not_in_gurobi_pool,,0000101011110111100,01000101000000000,000010101111011110001000101000000000,128,8192,25,152,true,single,36,1.0e-10,64
VQE_reduced_surrogate,73002,7493,1,0.0001220703125,2247.462118749985,2266.164499999998,not_in_gurobi_pool,,0100011111110111100,00000001000101000,010001111111011110000000001000101000,128,8192,25,152,true,single,36,1.0e-10,64
VQE_reduced_surrogate,73002,7494,1,0.0001220703125,2248.7951187499857,2267.497499999998,not_in_gurobi_pool,,0100011011111111110,00000001000101000,010001101111111111000000001000101000,128,8192,25,152,true,single,36,1.0e-10,64
VQE_reduced_surrogate,73002,7507,1,0.0001220703125,2271.996893749996,2280.0121999999983,not_in_gurobi_pool,,0111001000100111001,10000000000100000,011100100010011100110000000000100000,128,8192,25,152,true,single,36,1.0e-10,64
VQE_reduced_surrogate,73002,7508,1,0.0001220703125,2273.230893750004,2281.246199999998,not_in_gurobi_pool,,0111100110100111000,10100000000100000,011110011010011100010100000000100000,128,8192,25,152,true,single,36,1.0e-10,64
VQE_reduced_surrogate,73002,7509,1,0.0001220703125,2273.2308937499974,2281.246199999998,not_in_gurobi_pool,,0111100110100111001,10100000000100000,011110011010011100110100000000100000,128,8192,25,152,true,single,36,1.0e-10,64
VQE_reduced_surrogate,73002,7499,1,0.0001220703125,2252.65374375,2282.0431999999983,not_in_gurobi_pool,,0111100000101111100,00100000000100000,011110000010111110000100000000100000,128,8192,25,152,true,single,36,1.0e-10,64
VQE_reduced_surrogate,73002,7500,1,0.0001220703125,2252.6537437499974,2282.0431999999983,not_in_gurobi_pool,,0111100100100111101,00100000000100000,011110010010011110100100000000100000,128,8192,25,152,true,single,36,1.0e-10,64
VQE_reduced_surrogate,73002,7505,1,0.0001220703125,2263.3408187499945,2282.0431999999987,not_in_gurobi_pool,,0111110000100111101,00000000000111000,011111000010011110100000000000111000,128,8192,25,152,true,single,36,1.0e-10,64
VQE_reduced_surrogate,73002,7510,1,0.0001220703125,2274.807893750005,2282.823199999998,not_in_gurobi_pool,,0111001100010111000,10010101000100000,011100110001011100010010101000100000,128,8192,25,152,true,single,36,1.0e-10,64
VQE_reduced_surrogate,73002,7511,1,0.0001220703125,2274.8078937500068,2282.823199999998,not_in_gurobi_pool,,0111001000010111000,10010101000100000,011100100001011100010010101000100000,128,8192,25,152,true,single,36,1.0e-10,64
VQE_reduced_surrogate,73002,7513,1,0.0001220703125,2278.159893750003,2286.1751999999983,not_in_gurobi_pool,,0111001000110111000,10000000000100000,011100100011011100010000000000100000,128,8192,25,152,true,single,36,1.0e-10,64
VQE_reduced_surrogate,73002,7523,1,0.0001220703125,2299.5640437500015,2286.2051999999985,not_in_gurobi_pool,,0111111110100111001,10000000000111000,011111111010011100110000000000111000,128,8192,25,152,true,single,36,1.0e-10,64
VQE_reduced_surrogate,73002,7515,1,0.0001220703125,2278.986893749987,2287.0021999999985,not_in_gurobi_pool,,0111111100101111100,00000000000111000,011111110010111110000000000000111000,128,8192,25,152,true,single,36,1.0e-10,64
VQE_reduced_surrogate,73002,7504,1,0.0001220703125,2258.8167437499987,2288.2061999999987,not_in_gurobi_pool,,0111000100111111100,00100000000100000,011100010011111110000100000000100000,128,8192,25,152,true,single,36,1.0e-10,64
VQE_reduced_surrogate,73002,7526,1,0.0001220703125,2303.088043749999,2289.7291999999984,not_in_gurobi_pool,,0111111101100111001,10000000000111000,011111110110011100110000000000111000,128,8192,25,152,true,single,36,1.0e-10,64
VQE_reduced_surrogate,73002,7517,1,0.0001220703125,2282.077893750008,2290.093199999999,not_in_gurobi_pool,,1111010001101111111,00000000000111000,111101000110111111100000000000111000,128,8192,25,152,true,single,36,1.0e-10,64
VQE_reduced_surrogate,73002,7518,1,0.0001220703125,2288.9883937500026,2297.0036999999984,not_in_gurobi_pool,,0110110011110111000,10000000010111000,011011001111011100010000000010111000,128,8192,25,152,true,single,36,1.0e-10,64
VQE_reduced_surrogate,73002,7514,1,0.0001220703125,2278.4108187499905,2297.1131999999984,not_in_gurobi_pool,,0111100111101101101,00100000000100000,011110011110110110100100000000100000,128,8192,25,152,true,single,36,1.0e-10,64
VQE_reduced_surrogate,73002,7519,1,0.0001220703125,2289.2608937500036,2297.2761999999984,not_in_gurobi_pool,,0111010111101010110,00000000000111101,011101011110101011000000000000111101,128,8192,25,152,true,single,36,1.0e-10,64
VQE_reduced_surrogate,73002,7520,1,0.0001220703125,2290.036893749988,2298.0521999999987,not_in_gurobi_pool,,0111101101100111110,00000000000100000,011110110110011111000000000000100000,128,8192,25,152,true,single,36,1.0e-10,64
VQE_reduced_surrogate,73002,7521,1,0.0001220703125,2291.3428937499857,2299.3581999999988,not_in_gurobi_pool,,0111101110110111100,00000000000100000,011110111011011110000000000000100000,128,8192,25,152,true,single,36,1.0e-10,64
VQE_reduced_surrogate,73002,7528,1,0.0001220703125,2304.805968750013,2302.134199999998,not_in_gurobi_pool,,0111011111101100111,00000000000111011,011101111110110011100000000000111011,128,8192,25,152,true,single,36,1.0e-10,64
VQE_reduced_surrogate,73002,7529,1,0.0001220703125,2304.906968750015,2302.2351999999983,not_in_gurobi_pool,,0111011111101010111,00000000000111101,011101111110101011100000000000111101,128,8192,25,152,true,single,36,1.0e-10,64
VQE_reduced_surrogate,73002,7522,1,0.0001220703125,2296.18999374999,2304.2052999999987,not_in_gurobi_pool,,0101001111100111111,00000001000000000,010100111110011111100000001000000000,128,8192,25,152,true,single,36,1.0e-10,64
VQE_reduced_surrogate,73002,7530,1,0.0001220703125,2309.7369687500077,2307.0651999999986,not_in_gurobi_pool,,0111011011110010101,00000000000111000,011101101111001010100000000000111000,128,8192,25,152,true,single,36,1.0e-10,64
VQE_reduced_surrogate,73002,7531,1,0.0001220703125,2311.500968750004,2308.8291999999983,not_in_gurobi_pool,,0111011011111001111,00000000000111110,011101101111100111100000000000111110,128,8192,25,152,true,single,36,1.0e-10,64
VQE_reduced_surrogate,73002,7524,1,0.0001220703125,2300.897493749988,2308.9127999999987,not_in_gurobi_pool,,0100001011110111100,00000001000000000,010000101111011110000000001000000000,128,8192,25,152,true,single,36,1.0e-10,64
VQE_reduced_surrogate,73002,7525,1,0.0001220703125,2301.030993749976,2309.0462999999986,not_in_gurobi_pool,,0011101011111111100,00000100000000000,001110101111111110000000100000000000,128,8192,25,152,true,single,36,1.0e-10,64
VQE_reduced_surrogate,73002,7546,1,0.0001220703125,2339.312343750005,2325.9534999999983,not_in_gurobi_pool,,1111111010100111000,10000000000111000,111111101010011100010000000000111000,128,8192,25,152,true,single,36,1.0e-10,64
VQE_reduced_surrogate,73002,7534,1,0.0001220703125,2319.5871937500096,2327.602499999998,not_in_gurobi_pool,,0111100100010111100,00110000010100000,011110010001011110000110000010100000,128,8192,25,152,true,single,36,1.0e-10,64
VQE_reduced_surrogate,73002,7538,1,0.0001220703125,2331.6252687500064,2328.9534999999983,not_in_gurobi_pool,,0111101010100111000,10000000000100000,011110101010011100010000000000100000,128,8192,25,152,true,single,36,1.0e-10,64
VQE_reduced_surrogate,73002,7540,1,0.0001220703125,2333.627368749996,2330.9555999999984,not_in_gurobi_pool,,0011010010100111100,00000000000101000,001101001010011110000000000000101000,128,8192,25,152,true,single,36,1.0e-10,64
VQE_reduced_surrogate,73002,7532,1,0.0001220703125,2313.8591187500006,2332.561499999998,not_in_gurobi_pool,,0111001100011111100,00010101000100000,011100110001111110000010101000100000,128,8192,25,152,true,single,36,1.0e-10,64
VQE_reduced_surrogate,73002,7533,1,0.0001220703125,2315.502118749995,2334.2044999999985,not_in_gurobi_pool,,0111000011100101010,00100000000100010,011100001110010101000100000000100010,128,8192,25,152,true,single,36,1.0e-10,64
VQE_reduced_surrogate,73002,7544,1,0.0001220703125,2337.788268749997,2335.1164999999983,not_in_gurobi_pool,,0111001110110111001,10000000000100000,011100111011011100110000000000100000,128,8192,25,152,true,single,36,1.0e-10,64
VQE_reduced_surrogate,73002,7553,1,0.0001220703125,2359.86691875,2335.8209999999985,not_in_gurobi_pool,,0110011110100111100,00000000000111000,011001111010011110000000000000111000,128,8192,25,152,true,single,36,1.0e-10,64
VQE_reduced_surrogate,73002,7547,1,0.0001220703125,2339.9482687499803,2337.276499999999,not_in_gurobi_pool,,0111111110101111110,00000000000111000,011111111010111111000000000000111000,128,8192,25,152,true,single,36,1.0e-10,64
VQE_reduced_surrogate,73002,7535,1,0.0001220703125,2321.8367187499916,2340.5390999999986,not_in_gurobi_pool,,0100100111100111100,00100000010000000,010010011110011110000100000010000000,128,8192,25,152,true,single,36,1.0e-10,64
VQE_reduced_surrogate,73002,7539,1,0.0001220703125,2333.466193750003,2341.481499999998,not_in_gurobi_pool,,0111001111010111000,10000101000100000,011100111101011100010000101000100000,128,8192,25,152,true,single,36,1.0e-10,64
VQE_reduced_surrogate,73002,7536,1,0.0001220703125,2323.302118749997,2342.0044999999986,not_in_gurobi_pool,,0111000001110111111,00100000000100000,011100000111011111100100000000100000,128,8192,25,152,true,single,36,1.0e-10,64
VQE_reduced_surrogate,73002,7541,1,0.0001220703125,2334.170693750001,2342.1859999999983,not_in_gurobi_pool,,0110011111000111100,00000101010110000,011001111100011110000000101010110000,128,8192,25,152,true,single,36,1.0e-10,64
VQE_reduced_surrogate,73002,7549,1,0.0001220703125,2344.951368749994,2342.2795999999985,not_in_gurobi_pool,,0011111011000111100,00000111000100000,001111101100011110000000111000100000,128,8192,25,152,true,single,36,1.0e-10,64
VQE_reduced_surrogate,73002,7550,1,0.0001220703125,2344.9513687499957,2342.2795999999985,not_in_gurobi_pool,,0011011111000111100,00000111000100000,001101111100011110000000111000100000,128,8192,25,152,true,single,36,1.0e-10,64
VQE_reduced_surrogate,73002,7542,1,0.0001220703125,2334.6052937499844,2342.620599999999,not_in_gurobi_pool,,1101101111100111100,00000001000000000,110110111110011110000000001000000000,128,8192,25,152,true,single,36,1.0e-10,64
VQE_reduced_surrogate,73002,7537,1,0.0001220703125,2325.162118749983,2343.8644999999988,not_in_gurobi_pool,,1111110111111111100,00000000000111000,111111011111111110000000000000111000,128,8192,25,152,true,single,36,1.0e-10,64
VQE_reduced_surrogate,73002,7548,1,0.0001220703125,2340.3336937500053,2348.3489999999983,not_in_gurobi_pool,,0110011011010111101,00000101010110000,011001101101011110100000101010110000,128,8192,25,152,true,single,36,1.0e-10,64
VQE_reduced_surrogate,73002,7545,1,0.0001220703125,2338.1503437500032,2367.539799999998,not_in_gurobi_pool,,0111100100100111100,00100000000100000,011110010010011110000100000000100000,128,8192,25,152,true,single,36,1.0e-10,64
VQE_reduced_surrogate,73002,7551,1,0.0001220703125,2348.837418749996,2367.5397999999986,not_in_gurobi_pool,,0111110000100111100,00000000000111000,011111000010011110000000000000111000,128,8192,25,152,true,single,36,1.0e-10,64
VQE_reduced_surrogate,73002,7560,1,0.0001220703125,2372.9385687499944,2370.2667999999985,not_in_gurobi_pool,,0111110001100111001,10000000000111000,011111000110011100110000000000111000,128,8192,25,152,true,single,36,1.0e-10,64
VQE_reduced_surrogate,73002,7552,1,0.0001220703125,2352.0304187499964,2370.7327999999984,not_in_gurobi_pool,,1111100110100111100,00100000000100000,111110011010011110000100000000100000,128,8192,25,152,true,single,36,1.0e-10,64
VQE_reduced_surrogate,73002,7556,1,0.0001220703125,2365.8164937499896,2373.8317999999986,not_in_gurobi_pool,,0111111000100111110,00000000000111000,011111100010011111000000000000111000,128,8192,25,152,true,single,36,1.0e-10,64
VQE_reduced_surrogate,73002,7559,1,0.0001220703125,2370.6464937499886,2378.6617999999985,not_in_gurobi_pool,,0111011100111111101,00000000000111000,011101110011111110100000000000111000,128,8192,25,152,true,single,36,1.0e-10,64
VQE_reduced_surrogate,73002,7554,1,0.0001220703125,2360.2304187499976,2378.932799999998,not_in_gurobi_pool,,1111010011101000110,00000000000111111,111101001110100011000000000000111111,128,8192,25,152,true,single,36,1.0e-10,64
VQE_reduced_surrogate,73002,7555,1,0.0001220703125,2361.5850187499914,2380.2873999999983,not_in_gurobi_pool,,1100000011101111100,00100000010000000,110000001110111110000100000010000000,128,8192,25,152,true,single,36,1.0e-10,64
VQE_reduced_surrogate,73002,7562,1,0.0001220703125,2373.8964937499977,2381.9117999999985,not_in_gurobi_pool,,0111001011100101010,00000000000100010,011100101110010101000000000000100010,128,8192,25,152,true,single,36,1.0e-10,64
VQE_reduced_surrogate,73002,7563,1,0.0001220703125,2375.18849375,2383.2037999999984,not_in_gurobi_pool,,0111010011101001111,00000000000111110,011101001110100111100000000000111110,128,8192,25,152,true,single,36,1.0e-10,64
VQE_reduced_surrogate,73002,7564,1,0.0001220703125,2375.5334937499974,2383.5487999999987,not_in_gurobi_pool,,0111001101100111111,00000000000100000,011100110110011111100000000000100000,128,8192,25,152,true,single,36,1.0e-10,64
VQE_reduced_surrogate,73002,7565,1,0.0001220703125,2378.1724937499857,2386.187799999999,not_in_gurobi_pool,,0111001110110111110,00000000000100000,011100111011011111000000000000100000,128,8192,25,152,true,single,36,1.0e-10,64
VQE_reduced_surrogate,73002,7557,1,0.0001220703125,2368.039418749996,2386.741799999999,not_in_gurobi_pool,,1111101111100111111,00000000000100000,111110111110011111100000000000100000,128,8192,25,152,true,single,36,1.0e-10,64
VQE_reduced_surrogate,73002,7566,1,0.0001220703125,2389.5015687499945,2386.8297999999986,not_in_gurobi_pool,,0111111011101001100,00000000000111000,011111101110100110000000000000111000,128,8192,25,152,true,single,36,1.0e-10,64
VQE_reduced_surrogate,73002,7558,1,0.0001220703125,2370.070418749999,2388.7727999999984,not_in_gurobi_pool,,0111000011110101101,00100000000100000,011100001111010110100100000000100000,128,8192,25,152,true,single,36,1.0e-10,64
VQE_reduced_surrogate,73002,7561,1,0.0001220703125,2373.8504187500016,2392.5527999999986,not_in_gurobi_pool,,0111001011010111111,00000101000100000,011100101101011111100000101000100000,128,8192,25,152,true,single,36,1.0e-10,64
VQE_reduced_surrogate,73002,7568,1,0.0001220703125,2398.92079375001,2406.936099999998,not_in_gurobi_pool,,0111000100001111100,00110000010100000,011100010000111110000110000010100000,128,8192,25,152,true,single,36,1.0e-10,64
VQE_reduced_surrogate,73002,7572,1,0.0001220703125,2410.9288687499948,2408.2570999999984,not_in_gurobi_pool,,0111011000101111000,10000000000111000,011101100010111100010000000000111000,128,8192,25,152,true,single,36,1.0e-10,64
VQE_reduced_surrogate,73002,7569,1,0.0001220703125,2400.5897187500123,2419.2920999999983,not_in_gurobi_pool,,0111000010010111100,00100000010100000,011100001001011110000100000010100000,128,8192,25,152,true,single,36,1.0e-10,64
VQE_reduced_surrogate,73002,7570,1,0.0001220703125,2400.589718750007,2419.2920999999983,not_in_gurobi_pool,,0111000110010111100,00100000010100000,011100011001011110000100000010100000,128,8192,25,152,true,single,36,1.0e-10,64
VQE_reduced_surrogate,73002,7573,1,0.0001220703125,2412.7997937500018,2420.815099999998,not_in_gurobi_pool,,0111001111000111000,10000101000100000,011100111100011100010000101000100000,128,8192,25,152,true,single,36,1.0e-10,64
VQE_reduced_surrogate,73002,7571,1,0.0001220703125,2402.707718749997,2421.4100999999987,not_in_gurobi_pool,,0111001100110111100,00000000000100000,011100110011011110000000000000100000,128,8192,25,152,true,single,36,1.0e-10,64
VQE_reduced_surrogate,73002,7567,1,0.0001220703125,2392.222643750003,2421.6120999999985,not_in_gurobi_pool,,0111001101001111100,00000101000100000,011100110100111110000000101000100000,128,8192,25,152,true,single,36,1.0e-10,64
VQE_reduced_surrogate,73002,7574,1,0.0001220703125,2415.6887937500173,2423.7040999999986,not_in_gurobi_pool,,1111010011110111011,00000000000111000,111101001111011101100000000000111000,128,8192,25,152,true,single,36,1.0e-10,64
VQE_reduced_surrogate,73002,7578,1,0.0001220703125,2431.6078687499894,2428.9360999999985,not_in_gurobi_pool,,0111011110110111111,00000000000111000,011101111011011111100000000000111000,128,8192,25,152,true,single,36,1.0e-10,64
VQE_reduced_surrogate,73002,7576,1,0.0001220703125,2422.3017937499967,2430.3170999999984,not_in_gurobi_pool,,0111001111101101101,00000000000100000,011100111110110110100000000000100000,128,8192,25,152,true,single,36,1.0e-10,64
VQE_reduced_surrogate,73002,7575,1,0.0001220703125,2418.4553187499814,2437.157699999998,not_in_gurobi_pool,,0100111011110111100,00000001000101000,010011101111011110000000001000101000,128,8192,25,152,true,single,36,1.0e-10,64
VQE_reduced_surrogate,73002,7579,1,0.0001220703125,2440.484868749987,2437.8130999999985,not_in_gurobi_pool,,0111111011110101110,00000000000111010,011111101111010111000000000000111010,128,8192,25,152,true,single,36,1.0e-10,64
VQE_reduced_surrogate,73002,7580,1,0.0001220703125,2444.2240937499973,2452.239399999998,not_in_gurobi_pool,,0111000110100111001,10100000000100000,011100011010011100110100000000100000,128,8192,25,152,true,single,36,1.0e-10,64
VQE_reduced_surrogate,73002,7581,1,0.0001220703125,2444.2240937500023,2452.239399999998,not_in_gurobi_pool,,0111000110100111000,10100000000100000,011100011010011100010100000000100000,128,8192,25,152,true,single,36,1.0e-10,64
VQE_reduced_surrogate,73002,7583,1,0.0001220703125,2450.941093750009,2458.956399999998,not_in_gurobi_pool,,1111110111100111001,10000000000111000,111111011110011100110000000000111000,128,8192,25,152,true,single,36,1.0e-10,64
VQE_reduced_surrogate,73002,7584,1,0.0001220703125,2453.911093749996,2461.926399999998,not_in_gurobi_pool,,0111000001110111000,10100000000100000,011100000111011100010100000000100000,128,8192,25,152,true,single,36,1.0e-10,64
VQE_reduced_surrogate,73002,7588,1,0.0001220703125,2465.193168749994,2462.5213999999987,not_in_gurobi_pool,,1111111010100111110,00000000000111000,111111101010011111000000000000111000,128,8192,25,152,true,single,36,1.0e-10,64
VQE_reduced_surrogate,73002,7585,1,0.0001220703125,2456.143093749988,2464.1583999999984,not_in_gurobi_pool,,0111111000110111100,00000000000111000,011111100011011110000000000000111000,128,8192,25,152,true,single,36,1.0e-10,64
VQE_reduced_surrogate,73002,7586,1,0.0001220703125,2459.6600937500098,2467.6753999999987,not_in_gurobi_pool,,0111010111101110101,00000000000111000,011101011110111010100000000000111000,128,8192,25,152,true,single,36,1.0e-10,64
VQE_reduced_surrogate,73002,7591,1,0.0001220703125,2471.549368749984,2468.8775999999984,not_in_gurobi_pool,,0001110011100111100,00000000000001000,000111001110011110000000000000001000,128,8192,25,152,true,single,36,1.0e-10,64
VQE_reduced_surrogate,73002,7587,1,0.0001220703125,2462.2961937499913,2470.311499999998,not_in_gurobi_pool,,0101011010110111100,00000001000101000,010101101011011110000000001000101000,128,8192,25,152,true,single,36,1.0e-10,64
VQE_reduced_surrogate,73002,7592,1,0.0001220703125,2474.070168749994,2471.398399999998,not_in_gurobi_pool,,1111111011100101110,00000000000111010,111111101110010111000000000000111010,128,8192,25,152,true,single,36,1.0e-10,64
VQE_reduced_surrogate,73002,7589,1,0.0001220703125,2465.7276937499887,2473.7429999999986,not_in_gurobi_pool,,0100101011100111100,00000001000000000,010010101110011110000000001000000000,128,8192,25,152,true,single,36,1.0e-10,64
VQE_reduced_surrogate,73002,7590,1,0.0001220703125,2465.8201937499807,2473.835499999998,not_in_gurobi_pool,,0101011001110111100,00000001000101000,010101100111011110000000001000101000,128,8192,25,152,true,single,36,1.0e-10,64
VQE_reduced_surrogate,73002,7594,1,0.0001220703125,2480.2331687499973,2477.5613999999987,not_in_gurobi_pool,,1111011011111101110,00000000000111010,111101101111110111000000000000111010,128,8192,25,152,true,single,36,1.0e-10,64
VQE_reduced_surrogate,73002,7595,1,0.0001220703125,2481.9001687499886,2479.2283999999986,not_in_gurobi_pool,,0111111011110101100,00000000000111000,011111101111010110000000000000111000,128,8192,25,152,true,single,36,1.0e-10,64
VQE_reduced_surrogate,73002,7609,1,0.0001220703125,2518.034643749992,2504.675799999998,not_in_gurobi_pool,,0011000011100111001,10100000000000000,001100001110011100110100000000000000,128,8192,25,152,true,single,36,1.0e-10,64
VQE_reduced_surrogate,73002,7599,1,0.0001220703125,2497.4863937499895,2505.5016999999984,not_in_gurobi_pool,,0111110101100111100,00000000000111000,011111010110011110000000000000111000,128,8192,25,152,true,single,36,1.0e-10,64
VQE_reduced_surrogate,73002,7596,1,0.0001220703125,2488.1323187499956,2506.8346999999985,not_in_gurobi_pool,,0111000001100111111,00100000000100000,011100000110011111100100000000100000,128,8192,25,152,true,single,36,1.0e-10,64
VQE_reduced_surrogate,73002,7593,1,0.0001220703125,2477.7192437500034,2507.1086999999984,not_in_gurobi_pool,,0111001101000111100,00000101000100000,011100110100011110000000101000100000,128,8192,25,152,true,single,36,1.0e-10,64
VQE_reduced_surrogate,73002,7597,1,0.0001220703125,2488.406318749997,2507.1086999999984,not_in_gurobi_pool,,0111111001000111100,00000101000110000,011111100100011110000000101000110000,128,8192,25,152,true,single,36,1.0e-10,64
VQE_reduced_surrogate,73002,7601,1,0.0001220703125,2500.125393749994,2508.1406999999986,not_in_gurobi_pool,,0111110010110111100,00000000000111000,011111001011011110000000000000111000,128,8192,25,152,true,single,36,1.0e-10,64
VQE_reduced_surrogate,73002,7602,1,0.0001220703125,2503.6493937499863,2511.6646999999984,not_in_gurobi_pool,,0111110001110111100,00000000000111000,011111000111011110000000000000111000,128,8192,25,152,true,single,36,1.0e-10,64
VQE_reduced_surrogate,73002,7604,1,0.0001220703125,2504.273393749999,2512.2886999999982,not_in_gurobi_pool,,0111010111101011110,00000000000111100,011101011110101111000000000000111100,128,8192,25,152,true,single,36,1.0e-10,64
VQE_reduced_surrogate,73002,7608,1,0.0001220703125,2515.4854687499983,2512.8136999999983,not_in_gurobi_pool,,1111011111101101100,00000000000111000,111101111110110110000000000000111000,128,8192,25,152,true,single,36,1.0e-10,64
VQE_reduced_surrogate,73002,7598,1,0.0001220703125,2496.1553187499867,2514.8576999999987,not_in_gurobi_pool,,1111110111110111100,00000000000111000,111111011111011110000000000000111000,128,8192,25,152,true,single,36,1.0e-10,64
VQE_reduced_surrogate,73002,7606,1,0.0001220703125,2507.8993937499954,2515.9146999999984,not_in_gurobi_pool,,0111101011101011100,00000000000100000,011110101110101110000000000000100000,128,8192,25,152,true,single,36,1.0e-10,64
VQE_reduced_surrogate,73002,7610,1,0.0001220703125,2519.387468750005,2516.7156999999984,not_in_gurobi_pool,,0111111011101110111,00000000000111001,011111101110111011100000000000111001,128,8192,25,152,true,single,36,1.0e-10,64
VQE_reduced_surrogate,73002,7600,1,0.0001220703125,2499.032818749995,2517.7351999999983,not_in_gurobi_pool,,0110110011110111100,00000000010111000,011011001111011110000000000010111000,128,8192,25,152,true,single,36,1.0e-10,64
VQE_reduced_surrogate,73002,7607,1,0.0001220703125,2509.143543750004,2538.532999999998,not_in_gurobi_pool,,0111000100100111100,00100000000100000,011100010010011110000100000000100000,128,8192,25,152,true,single,36,1.0e-10,64
VQE_reduced_surrogate,73002,7618,1,0.0001220703125,2559.577843749995,2546.2189999999982,not_in_gurobi_pool,,0111111001100111001,10000000000111000,011111100110011100110000000000111000,128,8192,25,152,true,single,36,1.0e-10,64
VQE_reduced_surrogate,73002,7619,1,0.0001220703125,2559.5778437499907,2546.2189999999982,not_in_gurobi_pool,,0111111001100111000,10000000000111000,011111100110011100010000000000111000,128,8192,25,152,true,single,36,1.0e-10,64
VQE_reduced_surrogate,73002,7617,1,0.0001220703125,2552.0837687500025,2549.4119999999984,not_in_gurobi_pool,,1111111111100111000,10000000000111000,111111111110011100010000000000111000,128,8192,25,152,true,single,36,1.0e-10,64
VQE_reduced_surrogate,73002,7615,1,0.0001220703125,2544.3677937499983,2552.3830999999977,not_in_gurobi_pool,,0011011111100111001,10000100000101000,001101111110011100110000100000101000,128,8192,25,152,true,single,36,1.0e-10,64
VQE_reduced_surrogate,73002,7611,1,0.0001220703125,2535.0016187499973,2553.7039999999984,not_in_gurobi_pool,,0111000111101011100,00100000000100000,011100011110101110000100000000100000,128,8192,25,152,true,single,36,1.0e-10,64
VQE_reduced_surrogate,73002,7612,1,0.0001220703125,2535.001618749994,2553.7039999999984,not_in_gurobi_pool,,0111100011101011100,00100000000100000,011110001110101110000100000000100000,128,8192,25,152,true,single,36,1.0e-10,64
VQE_reduced_surrogate,73002,7613,1,0.0001220703125,2537.347618750003,2556.0499999999984,not_in_gurobi_pool,,0111001111001111101,00000101000100000,011100111100111110100000101000100000,128,8192,25,152,true,single,36,1.0e-10,64
VQE_reduced_surrogate,73002,7620,1,0.0001220703125,2560.063768750004,2557.3919999999985,not_in_gurobi_pool,,0111011011100010101,00000000000111000,011101101110001010100000000000111000,128,8192,25,152,true,single,36,1.0e-10,64
VQE_reduced_surrogate,73002,7614,1,0.0001220703125,2543.8626187499876,2562.5649999999987,not_in_gurobi_pool,,1111001111111111100,00000000000100000,111100111111111110000000000000100000,128,8192,25,152,true,single,36,1.0e-10,64
VQE_reduced_surrogate,73002,7622,1,0.0001220703125,2568.771918749996,2587.474299999998,not_in_gurobi_pool,,0111100010100111101,00100000000100000,011110001010011110100100000000100000,128,8192,25,152,true,single,36,1.0e-10,64
VQE_reduced_surrogate,73002,7623,1,0.0001220703125,2568.771918749998,2587.474299999998,not_in_gurobi_pool,,0111100110100111100,00100000000100000,011110011010011110000100000000100000,128,8192,25,152,true,single,36,1.0e-10,64
VQE_reduced_surrogate,73002,7632,1,0.0001220703125,2616.35671875,2592.3107999999984,not_in_gurobi_pool,,0110011010100111100,00000000000111000,011001101010011110000000000000111000,128,8192,25,152,true,single,36,1.0e-10,64
VQE_reduced_surrogate,73002,7624,1,0.0001220703125,2574.9349187499993,2593.637299999998,not_in_gurobi_pool,,0111000110110111100,00100000000100000,011100011011011110000100000000100000,128,8192,25,152,true,single,36,1.0e-10,64
VQE_reduced_surrogate,73002,7627,1,0.0001220703125,2585.6219937499964,2593.6372999999985,not_in_gurobi_pool,,0111010010111111100,00000000000111000,011101001011111110000000000000111000,128,8192,25,152,true,single,36,1.0e-10,64
VQE_reduced_surrogate,73002,7628,1,0.0001220703125,2586.954993749995,2594.9702999999986,not_in_gurobi_pool,,0111010010110111110,00000000000111000,011101001011011111000000000000111000,128,8192,25,152,true,single,36,1.0e-10,64
VQE_reduced_surrogate,73002,7625,1,0.0001220703125,2576.54191875,2595.2442999999985,not_in_gurobi_pool,,0111011110010111100,00000101000110000,011101111001011110000000101000110000,128,8192,25,152,true,single,36,1.0e-10,64
VQE_reduced_surrogate,73002,7621,1,0.0001220703125,2567.6793437499973,2597.068799999998,not_in_gurobi_pool,,0110100111100111100,00100000010100000,011010011110011110000100000010100000,128,8192,25,152,true,single,36,1.0e-10,64
VQE_reduced_surrogate,73002,7626,1,0.0001220703125,2578.4589187499964,2597.1612999999984,not_in_gurobi_pool,,0111000001110111101,00100000000100000,011100000111011110100100000000100000,128,8192,25,152,true,single,36,1.0e-10,64
VQE_reduced_surrogate,73002,7631,1,0.0001220703125,2604.7920687499845,2602.1202999999987,not_in_gurobi_pool,,0111111001110111101,00000000000111000,011111100111011110100000000000111000,128,8192,25,152,true,single,36,1.0e-10,64
VQE_reduced_surrogate,73002,7635,1,0.0001220703125,2629.8643937499946,2637.8796999999977,not_in_gurobi_pool,,0011111011100111001,10000100000101000,001111101110011100110000100000101000,128,8192,25,152,true,single,36,1.0e-10,64
VQE_reduced_surrogate,73002,7636,1,0.0001220703125,2641.0163687499935,2638.3445999999985,not_in_gurobi_pool,,1111011010111111100,00000000000111000,111101101011111110000000000000111000,128,8192,25,152,true,single,36,1.0e-10,64
VQE_reduced_surrogate,73002,7633,1,0.0001220703125,2622.5702187499965,2641.2725999999984,not_in_gurobi_pool,,0111110111100111111,00000000000111000,011111011110011111100000000000111000,128,8192,25,152,true,single,36,1.0e-10,64
VQE_reduced_surrogate,73002,7634,1,0.0001220703125,2624.5292187500054,2643.2315999999987,not_in_gurobi_pool,,1111001111100111111,00000000000100000,111100111110011111100000000000100000,128,8192,25,152,true,single,36,1.0e-10,64
VQE_reduced_surrogate,73002,7638,1,0.0001220703125,2646.8933687500103,2644.221599999998,not_in_gurobi_pool,,0111011011101010111,00000000000111101,011101101110101011100000000000111101,128,8192,25,152,true,single,36,1.0e-10,64
VQE_reduced_surrogate,73002,7630,1,0.0001220703125,2604.7532687499934,2644.829799999998,not_in_gurobi_pool,,0001001011100111100,00000101000000000,000100101110011110000000101000000000,128,8192,25,152,true,single,36,1.0e-10,64
VQE_reduced_surrogate,73002,7637,1,0.0001220703125,2643.046293749974,2651.0615999999986,not_in_gurobi_pool,,0111111111111111100,00000000000111000,011111111111111110000000000000111000,128,8192,25,152,true,single,36,1.0e-10,64
VQE_reduced_surrogate,73002,7640,1,0.0001220703125,2657.792518749993,2676.4948999999983,not_in_gurobi_pool,,0111100001100111100,00100000000100000,011110000110011110000100000000100000,128,8192,25,152,true,single,36,1.0e-10,64
VQE_reduced_surrogate,73002,7641,1,0.0001220703125,2660.431518750004,2679.1338999999984,not_in_gurobi_pool,,0111000010110111100,00100000000100000,011100001011011110000100000000100000,128,8192,25,152,true,single,36,1.0e-10,64
VQE_reduced_surrogate,73002,7644,1,0.0001220703125,2682.0076687500023,2679.3358999999987,not_in_gurobi_pool,,0111010111000111100,00000000010110000,011101011100011110000000000010110000,128,8192,25,152,true,single,36,1.0e-10,64
VQE_reduced_surrogate,73002,7642,1,0.0001220703125,2663.1585187499995,2681.8608999999983,not_in_gurobi_pool,,0111000011111111000,10100000000100000,011100001111111100010100000000100000,128,8192,25,152,true,single,36,1.0e-10,64
VQE_reduced_surrogate,73002,7639,1,0.0001220703125,2653.1759437499986,2682.565399999998,not_in_gurobi_pool,,0110000111100111100,00100000010100000,011000011110011110000100000010100000,128,8192,25,152,true,single,36,1.0e-10,64
VQE_reduced_surrogate,73002,7643,1,0.0001220703125,2664.047518749996,2682.749899999998,not_in_gurobi_pool,,0111000011100110110,00100000000100001,011100001110011011000100000000100001,128,8192,25,152,true,single,36,1.0e-10,64
VQE_reduced_surrogate,73002,7645,1,0.0001220703125,2686.764668749989,2684.0928999999983,not_in_gurobi_pool,,0111111010110111100,00000000000111000,011111101011011110000000000000111000,128,8192,25,152,true,single,36,1.0e-10,64
VQE_reduced_surrogate,73002,7646,1,0.0001220703125,2690.8116687499914,2688.1398999999983,not_in_gurobi_pool,,0111111011100101110,00000000000111010,011111101110010111000000000000111010,128,8192,25,152,true,single,36,1.0e-10,64
VQE_reduced_surrogate,73002,7647,1,0.0001220703125,2690.9126687499934,2688.2408999999984,not_in_gurobi_pool,,0111111011101011110,00000000000111100,011111101110101111000000000000111100,128,8192,25,152,true,single,36,1.0e-10,64
VQE_reduced_surrogate,73002,7649,1,0.0001220703125,2706.469893749996,2714.4851999999983,not_in_gurobi_pool,,0111011100100111100,00000000000111000,011101110010011110000000000000111000,128,8192,25,152,true,single,36,1.0e-10,64
VQE_reduced_surrogate,73002,7650,1,0.0001220703125,2714.0688937500026,2722.084199999998,not_in_gurobi_pool,,0111000111000111100,00100000010100000,011100011100011110000100000010100000,128,8192,25,152,true,single,36,1.0e-10,64
VQE_reduced_surrogate,73002,7648,1,0.0001220703125,2705.994818749996,2724.6971999999982,not_in_gurobi_pool,,0111000011101011100,00100000000100000,011100001110101110000100000000100000,128,8192,25,152,true,single,36,1.0e-10,64
VQE_reduced_surrogate,73002,7652,1,0.0001220703125,2753.9761937499916,2761.9914999999983,not_in_gurobi_pool,,0111010101100111100,00000000000111000,011101010110011110000000000000111000,128,8192,25,152,true,single,36,1.0e-10,64
VQE_reduced_surrogate,73002,7655,1,0.0001220703125,2768.0862687500016,2765.414499999998,not_in_gurobi_pool,,0111011011101011000,10000000000111000,011101101110101100010000000000111000,128,8192,25,152,true,single,36,1.0e-10,64
VQE_reduced_surrogate,73002,7651,1,0.0001220703125,2738.6725437499977,2768.061999999998,not_in_gurobi_pool,,0110100011100111100,00100000010100000,011010001110011110000100000010100000,128,8192,25,152,true,single,36,1.0e-10,64
VQE_reduced_surrogate,73002,7654,1,0.0001220703125,2764.288193749997,2772.303499999998,not_in_gurobi_pool,,0111001011100101100,00000000000100000,011100101110010110000000000000100000,128,8192,25,152,true,single,36,1.0e-10,64
VQE_reduced_surrogate,73002,7653,1,0.0001220703125,2754.4411187499845,2773.1434999999983,not_in_gurobi_pool,,0111101111101111101,00000000000100000,011110111110111110100000000000100000,128,8192,25,152,true,single,36,1.0e-10,64
VQE_reduced_surrogate,73002,7658,1,0.0001220703125,2807.17956875,2804.5077999999985,not_in_gurobi_pool,,1111011010100111110,00000000000111000,111101101010011111000000000000111000,128,8192,25,152,true,single,36,1.0e-10,64
VQE_reduced_surrogate,73002,7657,1,0.0001220703125,2802.8775937499868,2810.892899999998,not_in_gurobi_pool,,0101010011101111100,00000000000101000,010101001110111110000000000000101000,128,8192,25,152,true,single,36,1.0e-10,64
VQE_reduced_surrogate,73002,7659,1,0.0001220703125,2813.564668749988,2810.8928999999985,not_in_gurobi_pool,,0101000011100111100,00100000000000000,010100001110011110000100000000000000,128,8192,25,152,true,single,36,1.0e-10,64
VQE_reduced_surrogate,73002,7661,1,0.0001220703125,2853.0008687499994,2850.3290999999986,not_in_gurobi_pool,,0111010011000111100,00000000010110000,011101001100011110000000000010110000,128,8192,25,152,true,single,36,1.0e-10,64
VQE_reduced_surrogate,73002,7660,1,0.0001220703125,2839.908818749987,2858.6111999999976,not_in_gurobi_pool,,0011011111100111100,00000100000101000,001101111110011110000000100000101000,128,8192,25,152,true,single,36,1.0e-10,64
VQE_reduced_surrogate,73002,7662,1,0.0001220703125,2861.905868750006,2859.2340999999983,not_in_gurobi_pool,,0111011011101011111,00000000000111100,011101101110101111100000000000111100,128,8192,25,152,true,single,36,1.0e-10,64
VQE_reduced_surrogate,73002,7666,1,0.0001220703125,2887.180093749991,2895.1953999999982,not_in_gurobi_pool,,0111001001100111100,00000000000100000,011100100110011110000000000000100000,128,8192,25,152,true,single,36,1.0e-10,64
VQE_reduced_surrogate,73002,7664,1,0.0001220703125,2877.7270187499876,2896.429399999998,not_in_gurobi_pool,,0111110111101111100,00000000000111000,011111011110111110000000000000111000,128,8192,25,152,true,single,36,1.0e-10,64
VQE_reduced_surrogate,73002,7667,1,0.0001220703125,2890.0210937500024,2898.036399999998,not_in_gurobi_pool,,0111011111000111100,00000101000110000,011101111100011110000000101000110000,128,8192,25,152,true,single,36,1.0e-10,64
VQE_reduced_surrogate,73002,7665,1,0.0001220703125,2879.686018749994,2898.3883999999985,not_in_gurobi_pool,,1111101011100111101,00000000000100000,111110101110011110100000000000100000,128,8192,25,152,true,single,36,1.0e-10,64
VQE_reduced_surrogate,73002,7668,1,0.0001220703125,2893.333193749988,2901.3484999999982,not_in_gurobi_pool,,0101001011100111100,00000001000000000,010100101110011110000000001000000000,128,8192,25,152,true,single,36,1.0e-10,64
VQE_reduced_surrogate,73002,7663,1,0.0001220703125,2873.2029437499896,2902.592399999998,not_in_gurobi_pool,,0111100011110111101,00100000000100000,011110001111011110100100000000100000,128,8192,25,152,true,single,36,1.0e-10,64
VQE_reduced_surrogate,73002,7670,1,0.0001220703125,2921.445393749998,2929.4606999999983,not_in_gurobi_pool,,0111010010100111100,00000000000111000,011101001010011110000000000000111000,128,8192,25,152,true,single,36,1.0e-10,64
VQE_reduced_surrogate,73002,7669,1,0.0001220703125,2913.4853187499957,2932.1876999999977,not_in_gurobi_pool,,0111000111100111000,10100000000100000,011100011110011100010100000000100000,128,8192,25,152,true,single,36,1.0e-10,64
VQE_reduced_surrogate,73002,7671,1,0.0001220703125,2929.7693937500003,2937.7846999999983,not_in_gurobi_pool,,1111011011000111100,00000101000110000,111101101100011110000000101000110000,128,8192,25,152,true,single,36,1.0e-10,64
VQE_reduced_surrogate,73002,7674,1,0.0001220703125,2945.98146875,2943.309699999998,not_in_gurobi_pool,,0111111011110111001,10000000000111000,011111101111011100110000000000111000,128,8192,25,152,true,single,36,1.0e-10,64
VQE_reduced_surrogate,73002,7673,1,0.0001220703125,2939.2843937499842,2947.299699999998,not_in_gurobi_pool,,1111111011110111100,00000000000111000,111111101111011110000000000000111000,128,8192,25,152,true,single,36,1.0e-10,64
VQE_reduced_surrogate,73002,7672,1,0.0001220703125,2931.5973187499894,2950.299699999998,not_in_gurobi_pool,,0111001111110111100,00000000000100000,011100111111011110000000000000100000,128,8192,25,152,true,single,36,1.0e-10,64
VQE_reduced_surrogate,73002,7675,1,0.0001220703125,2969.386618749988,2988.088999999998,not_in_gurobi_pool,,0111110011110111100,00000000000111000,011111001111011110000000000000111000,128,8192,25,152,true,single,36,1.0e-10,64
VQE_reduced_surrogate,73002,7676,1,0.0001220703125,3009.134918749994,3027.8372999999983,not_in_gurobi_pool,,1111010011110111100,00000000000111000,111101001111011110000000000000111000,128,8192,25,152,true,single,36,1.0e-10,64
VQE_reduced_surrogate,73002,7677,1,0.0001220703125,3380.019543749993,3409.408999999998,not_in_gurobi_pool,,0111000011100111100,00100000000100000,011100001110011110000100000000100000,128,8192,25,152,true,single,36,1.0e-10,64
VQE_reduced_surrogate,73002,7678,1,0.0001220703125,3476.203218749991,3494.905599999998,not_in_gurobi_pool,,0111010011100111100,00000000000111000,011101001110011110000000000000111000,128,8192,25,152,true,single,36,1.0e-10,64
